100 0.002
200 0.003
300 0.004
400 0.005
500 0.007
600 0.008
700 0.009
800 0.011
900 0.012
1000 0.014
1100 0.015
1200 0.016
1300 0.018
1400 0.019
1500 0.02
1600 0.022
1700 0.023
1800 0.024
1900 0.029
2000 0.027
2100 0.032
2200 0.034
2300 0.032
2400 0.033
2500 0.04
2600 0.043
2700 0.037
2800 0.039
2900 0.04
3000 0.056
3100 0.054
3200 0.069
3300 0.065
3400 0.066
3500 0.069
3600 0.071
3700 0.08
3800 0.082
3900 0.085
4000 0.089
4100 0.092
4200 0.103
4300 0.105
4400 0.108
4500 0.112
4600 0.116
4700 0.12
4800 0.121
4900 0.134
5000 0.14
5100 0.137
5200 0.141
5300 0.143
5400 0.146
5500 0.15
5600 0.155
5700 0.163
5800 0.161
5900 0.164
6000 0.175
6100 0.172
6200 0.181
6300 0.193
6400 0.196
6500 0.219
6600 0.208
6700 0.221
6800 0.221
6900 0.242
7000 0.25
7100 0.217
7200 0.224
7300 0.223
7400 0.247
7500 0.25
7600 0.263
7700 0.258
7800 0.259
7900 0.263
8000 0.269
8100 0.271
8200 0.272
8300 0.277
8400 0.28
8500 0.284
8600 0.293
8700 0.298
8800 0.302
8900 0.299
9000 0.301
9100 0.305
9200 0.309
9300 0.316
9400 0.318
9500 0.321
9600 0.33
9700 0.328
9800 0.333
9900 0.338
10000 0.339
10100 0.342
10200 0.346
10300 0.368
10400 0.356
10500 0.36
10600 0.361
10700 0.365
10800 0.374
10900 0.371
11000 0.373
11100 0.382
11200 0.381
11300 0.387
11400 0.388
11500 0.393
11600 0.407
11700 0.409
11800 0.402
11900 0.401
12000 0.426
12100 0.42
12200 0.42
12300 0.46
12400 0.456
12500 0.449
12600 0.452
12700 0.456
12800 0.587
12900 0.557
13000 0.529
13100 0.539
13200 0.481
13300 0.482
13400 0.478
13500 0.489
13600 0.486
13700 0.494
13800 0.5
13900 0.514
14000 0.513
14100 0.509
14200 0.509
14300 0.516
14400 0.691
14500 0.515
14600 0.515
14700 0.546
14800 0.544
14900 0.575
15000 0.599
15100 0.61
15200 0.585
15300 0.584
15400 0.58
15500 0.587
15600 0.693
15700 0.672
15800 0.647
15900 0.6
16000 0.608
16100 0.646
16200 0.623
16300 0.625
16400 0.683
16500 0.601
16600 0.704
16700 0.669
16800 0.685
16900 0.693
17000 0.631
17100 0.636
17200 0.632
17300 0.632
17400 0.643
17500 0.719
17600 0.699
17700 0.654
17800 0.668
17900 0.672
18000 0.739
18100 0.677
18200 0.67
18300 0.723
18400 0.691
18500 0.737
18600 0.692
18700 0.693
18800 0.694
18900 0.702
19000 0.781
19100 0.706
19200 0.704
19300 0.723
19400 0.716
19500 0.779
19600 0.723
19700 0.725
19800 0.837
19900 0.862
20000 0.811
20100 0.758
20200 0.749
20300 0.752
20400 0.788
20500 0.821
20600 0.756
20700 0.765
20800 0.768
20900 0.771
21000 0.832
21100 0.789
21200 0.805
21300 0.79
21400 0.787
21500 0.79
21600 0.858
21700 0.808
21800 0.813
21900 0.814
22000 0.895
22100 0.893
22200 0.843
22300 0.825
22400 0.918
22500 0.857
22600 0.911
22700 0.855
22800 0.857
22900 0.825
23000 0.876
23100 0.89
23200 0.883
23300 0.898
23400 0.863
23500 0.94
23600 0.961
23700 0.891
23800 0.877
23900 0.911
24000 0.904
24100 1.01
24200 0.918
24300 0.91
24400 0.906
24500 0.923
24600 1.032
24700 1.011
24800 1.056
24900 0.94
25000 0.928
25100 0.996
25200 0.945
25300 1.011
25400 0.947
25500 0.945
25600 1.028
25700 0.994
25800 1.058
25900 1.04
26000 1.018
26100 0.973
26200 1.04
26300 0.994
26400 0.997
26500 0.988
26600 0.991
26700 1.055
26800 1.012
26900 1.187
27000 1.031
27100 1.009
27200 1.073
27300 1.075
27400 1.101
27500 1.006
27600 1.054
27700 1.066
27800 1.028
27900 1.173
28000 1.222
28100 1.125
28200 1.177
28300 1.061
28400 1.052
28500 1.076
28600 1.148
28700 1.188
28800 1.222
28900 1.176
29000 1.108
29100 1.084
29200 1.194
29300 1.096
29400 1.09
29500 1.105
29600 1.152
29700 1.213
29800 1.25
29900 1.129
30000 1.111
30100 1.118
30200 1.135
30300 1.233
30400 1.195
30500 1.148
30600 1.149
30700 1.197
30800 1.232
30900 1.159
31000 1.134
31100 1.226
31200 1.161
31300 1.248
31400 1.175
31500 1.172
31600 1.335
31700 1.29
31800 1.317
31900 1.261
32000 1.171
32100 1.249
32200 1.209
32300 1.279
32400 1.244
32500 1.216
32600 1.216
32700 1.227
32800 1.305
32900 1.234
33000 1.276
33100 1.303
33200 1.309
33300 1.455
33400 1.263
33500 1.251
33600 1.255
33700 1.295
33800 1.324
33900 1.263
34000 1.281
34100 1.336
34200 1.313
34300 1.319
34400 1.437
34500 1.359
34600 1.319
34700 1.314
34800 1.297
34900 1.475
35000 1.327
35100 1.317
35200 1.324
35300 1.311
35400 1.38
35500 1.427
35600 1.424
35700 1.43
35800 1.34
35900 1.422
36000 1.374
36100 1.352
36200 1.36
36300 1.355
36400 1.561
36500 1.43
36600 1.391
36700 1.433
36800 1.467
36900 1.495
37000 1.401
37100 1.4
37200 1.488
37300 1.428
37400 1.46
37500 1.428
37600 1.454
37700 1.425
37800 1.424
37900 1.645
38000 1.535
38100 1.457
38200 1.448
38300 1.454
38400 1.521
38500 1.484
38600 1.53
38700 1.483
38800 1.461
38900 1.477
39000 1.62
39100 1.524
39200 1.48
39300 1.56
39400 1.502
39500 1.546
39600 1.554
39700 1.504
39800 1.498
39900 1.485
40000 1.675
40100 1.735
40200 1.576
40300 1.516
40400 1.592
40500 1.597
40600 1.56
40700 1.682
40800 1.598
40900 1.542
41000 1.649
41100 1.64
41200 1.621
41300 1.664
41400 1.638
41500 1.657
41600 1.621
41700 1.561
41800 1.564
41900 1.618
42000 1.716
42100 1.639
42200 1.685
42300 1.694
42400 1.6
42500 1.666
42600 1.701
42700 1.803
42800 1.616
42900 1.711
43000 1.666
43100 1.909
43200 1.764
43300 1.795
43400 1.654
43500 1.642
43600 1.717
43700 1.698
43800 1.665
43900 1.82
44000 1.758
44100 1.873
44200 1.763
44300 1.688
44400 1.742
44500 1.745
44600 1.767
44700 1.714
44800 1.725
44900 1.686
45000 1.796
45100 2.129
45200 1.762
45300 1.744
45400 1.945
45500 1.747
45600 1.774
45700 1.856
45800 1.77
45900 1.788
46000 1.875
46100 1.866
46200 1.795
46300 1.858
46400 1.809
46500 1.792
46600 1.827
46700 1.774
46800 1.862
46900 1.958
47000 1.833
47100 1.956
47200 1.898
47300 1.826
47400 1.98
47500 1.835
47600 1.766
47700 2.034
47800 1.999
47900 1.852
48000 1.961
48100 1.819
48200 1.937
48300 1.816
48400 1.871
48500 1.909
48600 2.007
48700 2.098
48800 1.823
48900 1.861
49000 1.896
49100 1.97
49200 1.928
49300 1.913
49400 1.925
49500 2.075
49600 2.047
49700 2.031
49800 1.876
49900 1.916
50000 1.891
50100 1.921
50200 2.215
50300 2.087
50400 2.008
50500 1.942
50600 1.934
50700 2.053
50800 1.953
50900 2.035
51000 1.917
51100 2.03
51200 2.271
51300 2.087
51400 2.048
51500 1.983
51600 1.989
51700 2.016
51800 2.046
51900 1.993
52000 2.208
52100 2.038
52200 2.038
52300 2.254
52400 2.031
52500 2.033
52600 2.041
52700 2.056
52800 2.306
52900 2.092
53000 2.071
53100 2.047
53200 2.056
53300 2.271
53400 2.087
53500 2.208
53600 2.139
53700 2.087
53800 2.212
53900 2.073
54000 2.141
54100 2.118
54200 2.029
54300 2.435
54400 2.19
54500 2.21
54600 2.145
54700 2.11
54800 2.207
54900 2.13
55000 2.149
55100 2.31
55200 2.243
55300 2.237
55400 2.199
55500 2.169
55600 2.154
55700 2.255
55800 2.275
55900 2.311
56000 2.197
56100 2.14
56200 2.391
56300 2.202
56400 2.25
56500 2.224
56600 2.369
56700 2.296
56800 2.226
56900 2.233
57000 2.219
57100 2.289
57200 2.309
57300 2.383
57400 2.365
57500 2.216
57600 2.433
57700 2.248
57800 2.417
57900 2.286
58000 2.361
58100 2.335
58200 2.267
58300 2.276
58400 2.334
58500 2.456
58600 2.407
58700 2.446
58800 2.379
58900 2.375
59000 2.276
59100 2.37
59200 2.286
59300 2.278
59400 2.541
59500 2.471
59600 2.433
59700 2.32
59800 2.333
59900 2.433
60000 2.379
60100 2.506
60200 2.433
60300 2.512
60400 2.374
60500 2.437
60600 2.405
60700 2.447
60800 2.621
60900 2.616
61000 2.54
61100 2.532
61200 2.458
61300 2.44
61400 2.467
61500 2.605
61600 2.517
61700 2.396
61800 2.479
61900 2.4
62000 2.632
62100 2.558
62200 2.572
62300 2.505
62400 2.503
62500 2.561
62600 2.485
62700 2.476
62800 2.683
62900 2.549
63000 2.558
63100 2.471
63200 2.495
63300 2.577
63400 2.552
63500 2.643
63600 2.528
63700 2.724
63800 2.521
63900 2.473
64000 2.563
64100 2.876
64200 2.585
64300 2.518
64400 2.561
64500 2.589
64600 2.576
64700 2.675
64800 2.646
64900 2.798
65000 2.593
65100 2.679
65200 2.558
65300 2.677
65400 2.687
65500 2.626
65600 2.633
65700 2.742
65800 2.709
65900 2.645
66000 2.813
66100 2.757
66200 2.645
66300 2.672
66400 2.617
66500 2.788
66600 2.912
66700 2.767
66800 2.662
66900 2.792
67000 2.645
67100 2.741
67200 2.832
67300 2.85
67400 2.666
67500 2.664
67600 2.82
67700 2.737
67800 2.867
67900 2.726
68000 2.821
68100 2.927
68200 2.9
68300 2.872
68400 3.054
68500 2.775
68600 2.728
68700 2.792
68800 2.944
68900 2.829
69000 2.919
69100 2.824
69200 2.849
69300 2.797
69400 2.718
69500 2.896
69600 2.89
69700 2.877
69800 2.749
69900 2.985
70000 2.802
70100 2.847
70200 2.961
70300 2.87
70400 2.799
70500 2.798
70600 2.853
70700 3.164
70800 2.912
70900 2.816
71000 2.887
71100 2.86
71200 2.972
71300 3.013
71400 3.055
71500 2.849
71600 2.868
71700 2.958
71800 2.994
71900 3.062
72000 2.916
72100 3.068
72200 3.105
72300 2.986
72400 3.166
72500 3.049
72600 2.981
72700 2.856
72800 3.128
72900 3.041
73000 3.03
73100 2.925
73200 3.038
73300 2.976
73400 2.989
73500 3.166
73600 3.036
73700 2.911
73800 3.054
73900 3.013
74000 3.063
74100 3.085
74200 3.167
74300 3.03
74400 3.004
74500 2.985
74600 3.22
74700 3.028
74800 3.069
74900 3.174
75000 3.034
75100 3.158
75200 3.198
75300 3.331
75400 3.162
75500 3.049
75600 3.126
75700 3.158
75800 3.097
75900 3.13
76000 3.143
76100 3.181
76200 3.235
76300 3.182
76400 3.125
76500 3.108
76600 3.229
76700 3.255
76800 3.194
76900 3.192
77000 3.109
77100 3.166
77200 3.215
77300 3.296
77400 3.185
77500 3.132
77600 3.229
77700 3.176
77800 3.296
77900 3.339
78000 3.208
78100 3.181
78200 3.226
78300 3.342
78400 3.327
78500 3.176
78600 3.364
78700 3.223
78800 3.355
78900 3.351
79000 3.192
79100 3.153
79200 3.238
79300 3.388
79400 3.313
79500 3.315
79600 3.271
79700 3.308
79800 3.675
79900 3.482
80000 3.345
80100 3.211
80200 3.379
80300 3.426
80400 3.524
80500 3.535
80600 3.311
80700 3.385
80800 3.609
80900 3.43
81000 3.291
81100 3.351
81200 3.383
81300 3.459
81400 3.411
81500 3.442
81600 3.419
81700 3.403
81800 3.468
81900 3.327
82000 3.539
82100 3.385
82200 3.495
82300 3.487
82400 3.448
82500 3.461
82600 3.324
82700 3.619
82800 3.466
82900 3.377
83000 3.501
83100 3.387
83200 3.543
83300 3.576
83400 3.431
83500 3.392
83600 3.606
83700 3.585
83800 3.395
83900 3.62
84000 3.469
84100 3.546
84200 3.666
84300 3.445
84400 3.417
84500 3.682
84600 3.719
84700 3.752
84800 3.732
84900 3.494
85000 3.606
85100 3.665
85200 3.475
85300 3.54
85400 3.794
85500 3.627
85600 3.727
85700 3.506
85800 3.497
85900 3.486
86000 3.748
86100 3.67
86200 3.52
86300 3.591
86400 3.59
86500 3.763
86600 3.682
86700 3.629
86800 3.615
86900 3.788
87000 3.664
87100 3.728
87200 3.661
87300 3.688
87400 3.809
87500 3.629
87600 3.721
87700 3.676
87800 3.805
87900 3.802
88000 3.879
88100 3.91
88200 3.853
88300 3.813
88400 3.801
88500 3.782
88600 4.059
88700 4.168
88800 3.827
88900 3.741
89000 3.714
89100 4.19
89200 3.731
89300 3.868
89400 3.835
89500 3.96
89600 4.255
89700 4.265
89800 4.793
89900 5.028
90000 4.979
90100 4.945
90200 4.939
90300 4.765
90400 4.868
90500 4.77
90600 4.915
90700 4.797
90800 3.989
90900 4.091
91000 4.168
91100 3.942
91200 4.062
91300 4.056
91400 4.074
91500 4.074
91600 3.978
91700 3.932
91800 4.359
91900 3.965
92000 3.907
92100 4.131
92200 4.203
92300 3.888
92400 3.964
92500 3.865
92600 4.227
92700 4.029
92800 3.929
92900 3.931
93000 4.142
93100 3.976
93200 3.936
93300 3.934
93400 4.23
93500 4.004
93600 4.023
93700 4.002
93800 4.073
93900 4.21
94000 3.98
94100 3.943
94200 4.22
94300 4.172
94400 3.977
94500 4.055
94600 4
94700 4.228
94800 4.147
94900 4.03
95000 4.032
95100 4.289
95200 4.318
95300 4.184
95400 4.239
95500 4.346
95600 4.008
95700 4.093
95800 4.168
95900 4.265
96000 4.3
96100 4.123
96200 4.139
96300 4.226
96400 4.154
96500 4.306
96600 4.18
96700 4.301
96800 4.21
96900 4.036
97000 4.251
97100 4.302
97200 4.128
97300 4.224
97400 4.335
97500 4.323
97600 4.019
97700 4.256
97800 4.444
97900 4.196
98000 4.267
98100 4.307
98200 4.322
98300 4.321
98400 4.312
98500 4.316
98600 4.389
98700 4.234
98800 4.263
98900 4.243
99000 4.527
99100 4.291
99200 4.346
99300 4.136
99400 4.623
99500 4.424
99600 4.197
99700 4.333
99800 4.497
99900 4.424
100000 4.241
100100 4.496
100200 4.544
100300 4.293
100400 4.32
100500 4.502
100600 4.358
100700 4.27
100800 4.18
100900 4.645
101000 4.4
101100 4.253
101200 4.338
101300 4.646
101400 4.506
101500 4.193
101600 4.641
101700 4.621
101800 4.309
101900 4.467
102000 4.686
102100 4.447
102200 4.345
102300 4.23
102400 4.558
102500 4.371
102600 4.289
102700 4.331
102800 4.574
102900 4.416
103000 4.316
103100 4.455
103200 4.417
103300 4.37
103400 4.392
103500 4.555
103600 4.61
103700 4.433
103800 4.437
103900 4.447
104000 4.435
104100 4.344
104200 4.327
104300 4.621
104400 4.481
104500 4.583
104600 4.612
104700 4.662
104800 4.46
104900 4.465
105000 4.707
105100 4.591
105200 4.511
105300 4.485
105400 4.72
105500 4.755
105600 4.63
105700 4.73
105800 4.544
105900 4.583
106000 4.702
106100 4.891
106200 4.446
106300 4.672
106400 4.828
106500 4.697
106600 4.648
106700 4.496
106800 4.82
106900 4.689
107000 4.629
107100 4.643
107200 4.84
107300 4.765
107400 4.507
107500 4.837
107600 4.701
107700 4.71
107800 4.832
107900 4.846
108000 4.858
108100 4.804
108200 4.625
108300 4.64
108400 4.566
108500 4.586
108600 4.749
108700 4.669
108800 4.605
108900 4.703
109000 4.71
109100 4.72
109200 4.599
109300 4.734
109400 4.718
109500 4.756
109600 4.839
109700 4.782
109800 4.584
109900 4.562
110000 4.754
110100 4.609
110200 4.564
110300 4.704
110400 4.696
110500 4.627
110600 4.586
110700 4.755
110800 4.689
110900 4.756
111000 4.604
111100 4.756
111200 4.763
111300 4.717
111400 4.902
111500 4.722
111600 4.769
111700 4.827
111800 5.137
111900 4.766
112000 4.783
112100 4.844
112200 4.918
112300 4.989
112400 4.724
112500 4.796
112600 4.762
112700 4.903
112800 4.885
112900 4.7
113000 4.738
113100 4.836
113200 4.992
113300 4.911
113400 4.852
113500 5.05
113600 4.984
113700 4.919
113800 4.97
113900 4.882
114000 4.888
114100 4.785
114200 5.092
114300 4.879
114400 4.836
114500 4.888
114600 4.934
114700 5.039
114800 4.982
114900 4.863
115000 4.793
115100 4.989
115200 5.054
115300 4.959
115400 4.881
115500 4.993
115600 4.931
115700 4.889
115800 4.968
115900 5.032
116000 4.893
116100 4.893
116200 5.123
116300 4.996
116400 5.062
116500 5.039
116600 5.022
116700 4.854
116800 5.121
116900 5.078
117000 5.049
117100 4.966
117200 5.171
117300 4.987
117400 4.899
117500 4.985
117600 4.948
117700 4.937
117800 4.936
117900 5.157
118000 4.909
118100 4.976
118200 5.129
118300 5.177
118400 5.038
118500 5.228
118600 5.051
118700 5.144
118800 5.3
118900 5.406
119000 5.041
119100 5.101
119200 5.084
119300 5.065
119400 4.993
119500 5.199
119600 4.969
119700 5.012
119800 5.132
119900 5.135
120000 5.074
120100 5.086
120200 5.119
120300 4.972
120400 5.171
120500 5.138
120600 5.137
120700 5.024
120800 5.145
120900 5.103
121000 5.136
121100 5.166
121200 5.056
121300 5.066
121400 5.23
121500 5.188
121600 5.099
121700 5.083
121800 5.252
121900 5.137
122000 5.193
122100 5.277
122200 5.133
122300 5.074
122400 5.331
122500 5.13
122600 5.264
122700 5.335
122800 5.223
122900 5.388
123000 5.4
123100 5.296
123200 5.32
123300 5.186
123400 5.446
123500 5.333
123600 5.329
123700 5.344
123800 5.187
123900 5.168
124000 5.468
124100 5.468
124200 5.316
124300 5.322
124400 5.261
124500 5.48
124600 5.445
124700 5.247
124800 5.272
124900 5.454
125000 5.475
125100 5.271
125200 5.383
125300 5.411
125400 5.393
125500 5.367
125600 5.34
125700 5.408
125800 5.422
125900 5.38
126000 5.421
126100 5.481
126200 5.415
126300 5.379
126400 5.366
126500 5.682
126600 5.519
126700 5.467
126800 5.527
126900 5.37
127000 5.547
127100 5.571
127200 5.454
127300 5.509
127400 5.65
127500 5.585
127600 5.6
127700 5.581
127800 5.518
127900 5.536
128000 5.721
128100 5.539
128200 5.592
128300 5.573
128400 5.577
128500 5.661
128600 5.68
128700 5.464
128800 5.672
128900 5.879
129000 5.475
129100 5.643
129200 5.475
129300 5.587
129400 5.605
129500 5.79
129600 5.65
129700 5.681
129800 5.662
129900 5.726
130000 5.677
130100 5.949
130200 5.698
130300 5.693
130400 5.845
130500 5.724
130600 5.88
130700 5.698
130800 5.616
130900 5.677
131000 5.682
131100 5.64
131200 5.738
131300 5.654
131400 5.736
131500 5.802
131600 5.734
131700 5.69
131800 5.719
131900 5.686
132000 5.6
132100 5.843
132200 5.59
132300 5.743
132400 5.765
132500 5.737
132600 5.683
132700 5.924
132800 5.736
132900 5.726
133000 5.871
133100 5.77
133200 5.889
133300 5.763
133400 5.794
133500 5.797
133600 5.829
133700 5.81
133800 5.849
133900 5.824
134000 5.792
134100 5.869
134200 5.847
134300 5.833
134400 5.921
134500 5.906
134600 5.789
134700 5.978
134800 5.694
134900 5.877
135000 5.918
135100 5.772
135200 5.9
135300 5.884
135400 5.881
135500 5.959
135600 5.804
135700 5.917
135800 5.982
135900 5.918
136000 5.907
136100 5.953
136200 5.956
136300 5.884
136400 5.938
136500 5.995
136600 6.03
136700 5.843
136800 5.961
136900 5.985
137000 6.009
137100 5.953
137200 6.067
137300 6.101
137400 6.288
137500 6.27
137600 5.962
137700 6.043
137800 5.935
137900 5.913
138000 5.875
138100 5.974
138200 6.041
138300 5.964
138400 5.985
138500 5.921
138600 6.065
138700 5.96
138800 5.993
138900 5.946
139000 5.958
139100 6.173
139200 6.056
139300 6.046
139400 6.002
139500 6.104
139600 6.006
139700 6.194
139800 6.1
139900 6.088
140000 6.114
140100 6.002
140200 6.205
140300 5.996
140400 6.022
140500 6.003
140600 5.95
140700 5.984
140800 6.135
140900 5.988
141000 5.96
141100 6.166
141200 6.005
141300 6.109
141400 6.166
141500 5.989
141600 6.092
141700 6.013
141800 6.072
141900 6.218
142000 6.096
142100 6.117
142200 6.386
142300 6.188
142400 6.36
142500 6.189
142600 6.136
142700 6.317
142800 6.284
142900 6.111
143000 6.208
143100 6.072
143200 6.384
143300 6.381
143400 6.37
143500 6.394
143600 6.364
143700 6.377
143800 6.376
143900 6.27
144000 6.417
144100 6.188
144200 6.176
144300 6.424
144400 6.393
144500 6.379
144600 6.212
144700 6.295
144800 6.331
144900 6.175
145000 6.222
145100 6.217
145200 6.253
145300 6.303
145400 6.413
145500 6.216
145600 6.376
145700 6.465
145800 6.241
145900 6.369
146000 6.197
146100 6.256
146200 6.263
146300 6.185
146400 6.368
146500 6.252
146600 6.214
146700 6.329
146800 6.164
146900 6.357
147000 6.32
147100 6.245
147200 6.308
147300 6.241
147400 6.315
147500 6.379
147600 6.33
147700 6.313
147800 6.266
147900 6.308
148000 6.401
148100 6.347
148200 6.406
148300 6.295
148400 6.339
148500 6.423
148600 6.296
148700 6.341
148800 6.469
148900 6.432
149000 6.376
149100 6.399
149200 6.332
149300 6.468
149400 6.36
149500 6.387
149600 6.544
149700 6.512
149800 6.444
149900 6.486
150000 6.379
150100 6.599
150200 6.428
150300 6.487
150400 6.45
150500 6.363
150600 6.567
150700 6.397
150800 6.404
150900 6.606
151000 6.479
151100 6.521
151200 6.448
151300 6.449
151400 6.589
151500 6.493
151600 6.584
151700 6.454
151800 6.39
151900 6.627
152000 6.473
152100 6.587
152200 6.726
152300 6.636
152400 6.608
152500 6.493
152600 6.573
152700 6.521
152800 6.506
152900 6.61
153000 6.545
153100 6.678
153200 6.609
153300 6.615
153400 6.657
153500 6.579
153600 6.839
153700 6.854
153800 6.656
153900 6.6
154000 6.627
154100 6.589
154200 6.875
154300 6.615
154400 6.7
154500 6.579
154600 6.694
154700 6.679
154800 6.919
154900 6.648
155000 6.909
155100 6.682
155200 6.767
155300 6.675
155400 6.721
155500 6.682
155600 6.843
155700 6.87
155800 6.729
155900 7.063
156000 6.656
156100 6.686
156200 6.731
156300 6.762
156400 6.83
156500 6.676
156600 6.654
156700 6.782
156800 6.692
156900 6.966
157000 6.74
157100 6.732
157200 6.796
157300 6.887
157400 6.814
157500 6.73
157600 6.861
157700 6.844
157800 7.037
157900 6.879
158000 6.738
158100 7.297
158200 6.725
158300 6.825
158400 7.054
158500 6.784
158600 6.844
158700 7.153
158800 6.953
158900 6.713
159000 7.01
159100 7.111
159200 6.759
159300 6.994
159400 6.814
159500 7.039
159600 6.94
159700 6.792
159800 7.018
159900 6.903
160000 6.868
160100 7.225
160200 7.439
160300 7.017
160400 7.471
160500 6.962
160600 6.957
160700 7.162
160800 7.038
160900 6.865
161000 6.925
161100 6.802
161200 6.911
161300 7.247
161400 7.109
161500 6.942
161600 7.162
161700 7.176
161800 6.879
161900 7.189
162000 6.911
162100 6.879
162200 7.151
162300 6.883
162400 7.013
162500 6.947
162600 7.325
162700 7.093
162800 6.958
162900 7.305
163000 7.207
163100 7.285
163200 7.27
163300 7.112
163400 7.2
163500 7.018
163600 6.965
163700 7.363
163800 7.17
163900 6.979
164000 7.13
164100 7.105
164200 7.139
164300 7.236
164400 7.092
164500 7.124
164600 7.313
164700 7.054
164800 7.008
164900 7.626
165000 7.034
165100 7.121
165200 7.335
165300 7.116
165400 7.303
165500 7.354
165600 7.217
165700 7.057
165800 7.346
165900 7.373
166000 7.114
166100 7.169
166200 7.276
166300 7.205
166400 7.248
166500 7.243
166600 7.495
166700 7.059
166800 7.406
166900 7.179
167000 7.27
167100 7.555
167200 7.101
167300 7.163
167400 7.385
167500 7.415
167600 7.275
167700 7.356
167800 7.295
167900 7.217
168000 7.44
168100 7.251
168200 7.368
168300 7.219
168400 7.444
168500 7.21
168600 7.245
168700 7.438
168800 7.343
168900 7.443
169000 7.331
169100 7.253
169200 7.204
169300 7.369
169400 7.184
169500 7.418
169600 7.283
169700 7.374
169800 7.374
169900 7.401
170000 7.393
170100 7.261
170200 7.356
170300 7.265
170400 7.242
170500 7.267
170600 7.335
170700 7.345
170800 7.237
170900 7.419
171000 7.341
171100 7.358
171200 7.325
171300 7.322
171400 7.35
171500 7.392
171600 7.421
171700 7.37
171800 7.357
171900 7.434
172000 7.346
172100 7.389
172200 7.366
172300 7.335
172400 7.446
172500 7.742
172600 7.726
172700 7.798
172800 7.326
172900 7.698
173000 7.399
173100 7.39
173200 7.704
173300 7.831
173400 7.534
173500 7.42
173600 7.95
173700 7.424
173800 7.439
173900 7.679
174000 7.743
174100 7.631
174200 7.428
174300 7.618
174400 7.449
174500 7.437
174600 7.598
174700 7.634
174800 7.509
174900 7.73
175000 7.532
175100 7.576
175200 7.455
175300 7.783
175400 7.52
175500 7.523
175600 7.413
175700 7.938
175800 7.534
175900 7.448
176000 8.061
176100 7.597
176200 8.503
176300 7.801
176400 7.839
176500 7.795
176600 7.698
176700 7.699
176800 7.802
176900 7.77
177000 7.786
177100 8.057
177200 7.983
177300 7.892
177400 7.867
177500 7.825
177600 7.888
177700 8.083
177800 8.046
177900 8
178000 7.795
178100 7.777
178200 7.642
178300 7.679
178400 7.601
178500 7.612
178600 7.639
178700 7.753
178800 7.655
178900 7.607
179000 7.699
179100 7.66
179200 7.804
179300 7.76
179400 7.743
179500 7.596
179600 7.624
179700 7.606
179800 7.718
179900 7.73
180000 7.701
180100 7.743
180200 7.635
180300 7.785
180400 7.673
180500 7.936
180600 7.827
180700 7.753
180800 7.793
180900 7.94
181000 8.039
181100 7.717
181200 7.773
181300 7.89
181400 7.812
181500 7.907
181600 7.798
181700 7.777
181800 7.804
181900 8.238
182000 7.822
182100 7.96
182200 7.785
182300 7.895
182400 8.248
182500 7.813
182600 7.847
182700 7.862
182800 8.098
182900 8.072
183000 7.819
183100 7.844
183200 8.1
183300 8.065
183400 7.914
183500 8.169
183600 8.182
183700 7.791
183800 7.807
183900 8.356
184000 7.812
184100 8.028
184200 7.877
184300 8.087
184400 7.975
184500 7.946
184600 8.064
184700 8.146
184800 7.991
184900 8.038
185000 7.848
185100 8.102
185200 7.992
185300 8.098
185400 8.116
185500 8.298
185600 8.009
185700 8.133
185800 8.057
185900 8.109
186000 7.969
186100 8.186
186200 8.085
186300 7.993
186400 8.126
186500 8.046
186600 8.072
186700 8.231
186800 8.148
186900 8.241
187000 8.079
187100 8.006
187200 8.16
187300 8.176
187400 8.142
187500 8.116
187600 8.104
187700 8.115
187800 8.149
187900 7.954
188000 8.233
188100 8.226
188200 8.234
188300 8.129
188400 8.202
188500 8.163
188600 8.151
188700 8.111
188800 8.121
188900 8.13
189000 8.152
189100 8.167
189200 8.212
189300 8.241
189400 8.251
189500 8.117
189600 8.129
189700 8.143
189800 8.258
189900 8.059
190000 8.222
190100 8.128
190200 8.261
190300 8.134
190400 8.201
190500 8.143
190600 8.364
190700 8.385
190800 8.113
190900 8.183
191000 8.409
191100 8.177
191200 8.208
191300 8.221
191400 8.17
191500 8.325
191600 8.276
191700 8.274
191800 8.28
191900 8.204
192000 8.364
192100 8.291
192200 8.341
192300 8.326
192400 8.388
192500 8.368
192600 8.344
192700 8.455
192800 8.384
192900 8.275
193000 8.239
193100 8.482
193200 8.447
193300 8.583
193400 8.511
193500 8.307
193600 8.583
193700 8.283
193800 8.429
193900 8.456
194000 8.369
194100 8.359
194200 8.354
194300 8.298
194400 8.382
194500 8.567
194600 8.393
194700 8.602
194800 8.471
194900 8.55
195000 8.458
195100 8.324
195200 8.47
195300 8.641
195400 8.393
195500 8.679
195600 8.653
195700 8.36
195800 8.607
195900 8.467
196000 8.657
196100 8.423
196200 8.507
196300 8.556
196400 8.571
196500 8.347
196600 8.451
196700 9.616
196800 9.189
196900 9.545
197000 10.823
197100 10.217
197200 9.085
197300 11.967
197400 10.38
197500 9.845
197600 9.137
197700 9.483
197800 9.696
197900 9.406
198000 9.027
198100 8.979
198200 9.085
198300 8.871
198400 8.645
198500 8.735
198600 8.674
198700 8.72
198800 8.614
198900 8.653
199000 8.651
199100 8.649
199200 8.588
199300 8.849
199400 8.641
199500 8.795
199600 8.562
199700 8.823
199800 8.666
199900 8.599
200000 8.591
200100 8.559
200200 8.652
200300 8.603
200400 8.637
200500 8.54
200600 8.577
200700 8.608
200800 8.656
200900 8.701
201000 8.721
201100 8.666
201200 8.616
201300 8.75
201400 8.757
201500 8.619
201600 8.767
201700 8.545
201800 8.764
201900 8.663
202000 8.738
202100 8.621
202200 8.652
202300 8.832
202400 8.92
202500 8.855
202600 8.766
202700 8.959
202800 8.937
202900 8.908
203000 8.984
203100 8.943
203200 8.845
203300 8.961
203400 8.893
203500 8.874
203600 8.844
203700 8.881
203800 8.907
203900 8.922
204000 9.134
204100 8.839
204200 9.065
204300 9.064
204400 9.135
204500 9.057
204600 8.98
204700 8.975
204800 8.895
204900 8.766
205000 8.935
205100 8.822
205200 8.827
205300 8.807
205400 9.168
205500 8.963
205600 8.796
205700 8.797
205800 8.832
205900 9.106
206000 9.174
206100 9.193
206200 9.127
206300 9.231
206400 9.058
206500 8.99
206600 9.036
206700 9.141
206800 9.212
206900 9.273
207000 9.182
207100 9.08
207200 8.888
207300 8.852
207400 8.963
207500 8.95
207600 8.903
207700 8.911
207800 8.917
207900 8.963
208000 8.862
208100 8.997
208200 8.878
208300 8.918
208400 8.976
208500 8.941
208600 8.975
208700 9.011
208800 8.933
208900 9.022
209000 8.994
209100 8.945
209200 8.976
209300 8.955
209400 8.937
209500 9.001
209600 8.997
209700 8.94
209800 8.942
209900 9.035
210000 9.06
210100 8.987
210200 9.089
210300 9.098
210400 8.966
210500 9.173
210600 9.032
210700 9.092
210800 9.026
210900 9.052
211000 9.289
211100 9.067
211200 9.067
211300 9.089
211400 9.163
211500 9.076
211600 9.277
211700 9.246
211800 9.238
211900 9.104
212000 9.309
212100 9.083
212200 9.165
212300 9.024
212400 9.184
212500 9.157
212600 9.151
212700 9.275
212800 9.169
212900 9.215
213000 9.132
213100 9.182
213200 9.08
213300 9.152
213400 9.341
213500 9.08
213600 9.393
213700 9.994
213800 9.239
213900 9.207
214000 9.189
214100 9.333
214200 9.25
214300 9.268
214400 9.161
214500 9.134
214600 9.171
214700 9.298
214800 9.194
214900 9.294
215000 9.201
215100 9.401
215200 9.266
215300 9.196
215400 9.228
215500 9.149
215600 9.39
215700 9.312
215800 9.337
215900 9.273
216000 9.284
216100 9.362
216200 9.312
216300 9.323
216400 9.266
216500 9.334
216600 9.331
216700 9.334
216800 9.247
216900 9.465
217000 9.573
217100 9.329
217200 9.349
217300 9.435
217400 9.378
217500 9.372
217600 9.516
217700 9.389
217800 9.318
217900 9.415
218000 9.307
218100 9.407
218200 9.396
218300 9.462
218400 9.35
218500 9.428
218600 9.39
218700 9.562
218800 9.499
218900 9.411
219000 9.496
219100 9.425
219200 9.538
219300 9.412
219400 9.35
219500 9.486
219600 9.424
219700 9.435
219800 9.418
219900 11.143
220000 11.114
220100 9.804
220200 10.017
220300 10.06
220400 9.882
220500 9.811
220600 9.549
220700 9.735
220800 9.552
220900 9.624
221000 9.853
221100 9.957
221200 10.03
221300 10.025
221400 10.561
221500 10.769
221600 10.319
221700 10.174
221800 10.666
221900 10.36
222000 10.433
222100 10.092
222200 10.251
222300 10.621
222400 10.603
222500 10.625
222600 11
222700 11.026
222800 9.754
222900 9.612
223000 9.744
223100 9.589
223200 9.618
223300 9.715
223400 9.588
223500 9.712
223600 9.73
223700 9.73
223800 9.814
223900 9.794
224000 9.936
224100 9.678
224200 9.811
224300 9.705
224400 9.606
224500 9.813
224600 9.663
224700 9.759
224800 9.916
224900 9.764
225000 10.54
225100 10.191
225200 10.02
225300 9.938
225400 9.804
225500 9.841
225600 9.647
225700 9.807
225800 9.81
225900 9.781
226000 9.741
226100 9.732
226200 9.825
226300 9.683
226400 9.979
226500 9.779
226600 9.809
226700 9.821
226800 9.682
226900 9.921
227000 9.855
227100 9.795
227200 10.023
227300 9.725
227400 9.936
227500 9.996
227600 9.884
227700 9.968
227800 9.944
227900 10.225
228000 10.13
228100 10.034
228200 10.074
228300 9.692
228400 10.024
228500 9.893
228600 9.934
228700 9.971
228800 10.176
228900 10.152
229000 9.925
229100 9.922
229200 9.95
229300 9.909
229400 10.152
229500 10.098
229600 9.936
229700 9.977
229800 9.861
229900 10.236
230000 10.021
230100 10.068
230200 9.975
230300 9.937
230400 10.119
230500 10.104
230600 9.97
230700 10.034
230800 9.954
230900 10.095
231000 10.132
231100 9.976
231200 10.242
231300 9.941
231400 10.293
231500 10.378
231600 10.028
231700 10.007
231800 10.301
231900 10.299
232000 10.211
232100 10.449
232200 11.698
232300 12.358
232400 12.83
232500 12.783
232600 12.735
232700 12.38
232800 13.012
232900 12.779
233000 13.053
233100 13.12
233200 13.092
233300 12.629
233400 10.579
233500 10.284
233600 10.305
233700 10.462
233800 10.316
233900 10.382
234000 10.346
234100 10.321
234200 10.333
234300 10.234
234400 10.314
234500 10.414
234600 10.372
234700 10.428
234800 10.384
234900 10.366
235000 10.473
235100 10.57
235200 10.601
235300 10.469
235400 10.446
235500 10.545
235600 10.534
235700 10.436
235800 10.669
235900 10.439
236000 10.468
236100 10.553
236200 10.314
236300 10.548
236400 10.448
236500 10.157
236600 10.671
236700 10.311
236800 10.52
236900 10.377
237000 10.349
237100 10.273
237200 10.229
237300 10.252
237400 10.235
237500 10.176
237600 10.243
237700 10.199
237800 10.188
237900 10.222
238000 10.188
238100 10.399
238200 10.309
238300 10.435
238400 10.445
238500 10.582
238600 10.29
238700 10.648
238800 10.333
238900 10.463
239000 10.582
239100 10.746
239200 10.595
239300 10.91
239400 10.759
239500 10.804
239600 10.443
239700 10.384
239800 10.589
239900 10.391
240000 10.335
240100 10.469
240200 10.462
240300 10.299
240400 10.52
240500 10.449
240600 10.524
240700 10.757
240800 10.482
240900 10.587
241000 10.557
241100 10.368
241200 10.674
241300 10.407
241400 10.872
241500 10.734
241600 10.478
241700 10.992
241800 10.429
241900 10.743
242000 10.47
242100 10.606
242200 10.473
242300 10.648
242400 10.402
242500 10.536
242600 10.408
242700 10.538
242800 10.484
242900 10.519
243000 10.643
243100 10.619
243200 10.647
243300 10.417
243400 10.493
243500 10.377
243600 10.555
243700 10.487
243800 10.52
243900 10.882
244000 10.676
244100 10.735
244200 10.713
244300 10.587
244400 10.94
244500 10.693
244600 10.823
244700 10.803
244800 10.767
244900 10.556
245000 10.494
245100 10.5
245200 10.532
245300 10.704
245400 10.664
245500 10.763
245600 10.71
245700 10.693
245800 10.657
245900 11.759
246000 11.203
246100 10.745
246200 10.69
246300 10.587
246400 10.776
246500 10.928
246600 10.709
246700 11.022
246800 10.736
246900 10.833
247000 11.048
247100 10.658
247200 10.629
247300 10.759
247400 10.902
247500 10.659
247600 10.64
247700 10.655
247800 10.303
247900 10.864
248000 10.624
248100 10.749
248200 10.638
248300 10.697
248400 10.822
248500 10.681
248600 10.624
248700 10.693
248800 10.701
248900 10.81
249000 10.397
249100 10.676
249200 10.581
249300 11.075
249400 10.915
249500 11.251
249600 10.865
249700 11.148
249800 11.213
249900 11
250000 10.391
250100 10.581
250200 10.459
250300 10.447
250400 10.804
250500 10.788
250600 10.775
250700 10.727
250800 10.747
250900 10.875
251000 10.47
251100 10.498
251200 10.482
251300 10.796
251400 10.799
251500 10.86
251600 10.876
251700 10.813
251800 11.049
251900 11.216
252000 10.864
252100 11.194
252200 11.135
252300 11.227
252400 11.186
252500 11.272
252600 11.109
252700 11.162
252800 11.12
252900 11.021
253000 11.146
253100 11.066
253200 10.851
253300 10.973
253400 11.024
253500 11.023
253600 11.032
253700 10.905
253800 11.019
253900 10.963
254000 10.996
254100 11.018
254200 10.868
254300 10.971
254400 11.084
254500 10.916
254600 11.059
254700 10.985
254800 10.866
254900 11.068
255000 11.042
255100 10.97
255200 11.042
255300 11.037
255400 11.018
255500 11.008
255600 11.077
255700 11.242
255800 11.059
255900 11.023
256000 11.161
256100 11.033
256200 11.334
256300 11.093
256400 11.096
256500 11.189
256600 11.145
256700 11.126
256800 11.286
256900 11.307
257000 11.008
257100 11.205
257200 11.045
257300 11.03
257400 11.093
257500 11.062
257600 11.159
257700 11.114
257800 11.149
257900 11.121
258000 11.159
258100 11.49
258200 11.093
258300 11.287
258400 11.126
258500 11.153
258600 11.312
258700 11.384
258800 11.361
258900 11.243
259000 11.099
259100 11.147
259200 11.129
259300 11.121
259400 11.139
259500 11.198
259600 11.219
259700 11.546
259800 11.115
259900 11.282
260000 11.231
260100 11.35
260200 11.326
260300 11.329
260400 11.196
260500 11.535
260600 11.319
260700 11.253
260800 11.265
260900 11.179
261000 11.118
261100 11.394
261200 11.345
261300 11.348
261400 11.375
261500 11.289
261600 11.262
261700 13.048
261800 11.539
261900 11.713
262000 11.321
262100 11.677
262200 11.524
262300 11.44
262400 12.065
262500 11.796
262600 11.464
262700 11.656
262800 11.591
262900 11.518
263000 11.329
263100 11.604
263200 10.941
263300 11.43
263400 11.382
263500 11.412
263600 11.584
263700 11.457
263800 11.856
263900 11.96
264000 12.103
264100 11.928
264200 11.543
264300 12.416
264400 11.715
264500 11.524
264600 11.906
264700 11.697
264800 11.497
264900 11.982
265000 11.907
265100 12.148
265200 12.034
265300 11.706
265400 12.487
265500 12.195
265600 12.231
265700 12.278
265800 12.26
265900 12.375
266000 12.137
266100 12.528
266200 12.362
266300 11.698
266400 12.832
266500 12.839
266600 12.644
266700 12.641
266800 12.424
266900 12.217
267000 12.304
267100 14.658
267200 14.45
267300 13.652
267400 12.605
267500 12.722
267600 12.526
267700 11.679
267800 11.563
267900 11.794
268000 11.746
268100 12.091
268200 12.241
268300 11.576
268400 11.976
268500 12.003
268600 12.274
268700 12.314
268800 12.062
268900 12.607
269000 12.347
269100 12.142
269200 11.886
269300 11.976
269400 11.802
269500 11.901
269600 11.954
269700 11.946
269800 11.566
269900 12.33
270000 13.614
270100 13.582
270200 11.951
270300 11.916
270400 12.368
270500 11.626
270600 11.696
270700 11.929
270800 12.195
270900 12.287
271000 11.142
271100 11.544
271200 11.149
271300 11.164
271400 11.99
271500 11.441
271600 11.385
271700 11.369
271800 11.913
271900 12.168
272000 11.309
272100 11.208
272200 11.917
272300 11.968
272400 13.505
272500 11.809
272600 11.116
272700 11.252
272800 11.382
272900 11.956
273000 11.459
273100 11.776
273200 11.862
273300 12.024
273400 11.453
273500 11.762
273600 11.415
273700 11.141
273800 11.35
273900 11.098
274000 11.785
274100 11.604
274200 11.325
274300 11.396
274400 11.753
274500 12.041
274600 11.315
274700 11.207
274800 11.523
274900 11.321
275000 12.005
275100 11.284
275200 12.103
275300 11.633
275400 11.387
275500 12.087
275600 11.744
275700 11.764
275800 11.726
275900 11.687
276000 12.269
276100 12.017
276200 11.469
276300 11.688
276400 11.689
276500 12.852
276600 11.424
276700 11.637
276800 12.373
276900 11.846
277000 12.161
277100 11.565
277200 11.328
277300 12.566
277400 11.921
277500 11.828
277600 11.971
277700 11.603
277800 11.602
277900 11.51
278000 11.887
278100 11.965
278200 12
278300 11.675
278400 11.651
278500 13.187
278600 13.112
278700 12.045
278800 12.032
278900 13.044
279000 12.361
279100 12.6
279200 11.894
279300 12.606
279400 12.297
279500 11.71
279600 11.77
279700 11.527
279800 12.101
279900 11.947
280000 11.888
280100 12.382
280200 11.715
280300 11.552
280400 12.044
280500 11.45
280600 12.397
280700 12.122
280800 11.931
280900 12.309
281000 11.897
281100 12.466
281200 12.187
281300 11.865
281400 11.602
281500 11.726
281600 11.826
281700 11.706
281800 12.337
281900 11.862
282000 12.048
282100 11.699
282200 12.126
282300 12.366
282400 12.526
282500 12.289
282600 12.311
282700 12.598
282800 13.295
282900 12.766
283000 12.777
283100 12.754
283200 13.456
283300 13.725
283400 14.421
283500 14.816
283600 12.565
283700 12.766
283800 12.35
283900 13.238
284000 13.118
284100 13.364
284200 14.013
284300 14.445
284400 12.869
284500 13.025
284600 12.745
284700 13.454
284800 14.376
284900 12.785
285000 12.595
285100 12.849
285200 13.339
285300 12.642
285400 12.466
285500 12.135
285600 12.096
285700 11.926
285800 12.339
285900 11.74
286000 11.727
286100 12.359
286200 11.966
286300 12.551
286400 12.301
286500 12.716
286600 12.671
286700 12.453
286800 12.171
286900 12.757
287000 12.97
287100 12.609
287200 12.469
287300 12.513
287400 12.578
287500 12.295
287600 12.862
287700 12.537
287800 11.992
287900 12.396
288000 12.572
288100 12.167
288200 12.115
288300 11.951
288400 11.576
288500 11.479
288600 11.594
288700 11.74
288800 12.111
288900 11.637
289000 11.54
289100 11.798
289200 11.855
289300 12.53
289400 12.128
289500 12.772
289600 11.958
289700 12.384
289800 12.643
289900 12.787
290000 11.681
290100 11.593
290200 11.634
290300 11.212
290400 11.897
290500 11.166
290600 11.296
290700 11.303
290800 11.248
290900 12.577
291000 11.4
291100 11.27
291200 11.415
291300 11.187
291400 12.065
291500 11.503
291600 11.965
291700 12.113
291800 11.874
291900 12.324
292000 11.705
292100 11.874
292200 12.2
292300 12.562
292400 12.128
292500 12.074
292600 12.147
292700 12.045
292800 12.071
292900 12.49
293000 12.203
293100 12.168
293200 12.487
293300 11.836
293400 12.723
293500 12.229
293600 12.65
293700 13.17
293800 13.537
293900 12.971
294000 12.464
294100 12.782
294200 13.625
294300 12.787
294400 12.719
294500 12.764
294600 13.19
294700 12.632
294800 12.32
294900 12.069
295000 12.078
295100 12.027
295200 12
295300 12.203
295400 11.919
295500 12.871
295600 12.102
295700 11.664
295800 12.065
295900 11.734
296000 12.793
296100 12.038
296200 12.818
296300 12.328
296400 11.989
296500 13.544
296600 12.973
296700 12.123
296800 11.652
296900 11.966
297000 12.627
297100 11.799
297200 11.812
297300 11.942
297400 11.806
297500 12.77
297600 12.941
297700 12.842
297800 11.894
297900 12.091
298000 12.307
298100 12.312
298200 12.578
298300 12.372
298400 12.665
298500 13.721
298600 13.468
298700 13.384
298800 12.802
298900 12.95
299000 12.507
299100 12.722
299200 11.833
299300 11.996
299400 12.068
299500 11.756
299600 12.366
299700 11.854
299800 11.696
299900 11.876
300000 11.717
300100 11.987
