500 1.3776e-05
1000 5.3951e-05
1500 8.1633e-05
2000 8.0932e-05
2500 8.6462e-05
3000 0.000121969
3500 0.000113443
4000 0.000129944
4500 0.000148358
5000 0.000164428
5500 0.000192781
6000 0.000204343
6500 0.000199423
7000 0.000243325
7500 0.000305673
8000 0.000301405
8500 0.000335858
9000 0.000355055
9500 0.000483826
10000 0.000413214
10500 0.000460833
11000 0.000545461
11500 0.000529702
12000 0.000461043
12500 0.000663763
13000 0.000559578
13500 0.000602849
14000 0.00078494
14500 0.000736048
15000 0.000810177
15500 0.000992128
16000 0.000908993
16500 0.000984634
17000 0.0014371
17500 0.00111971
18000 0.0012201
18500 0.00125216
19000 0.00137284
19500 0.00147653
20000 0.00144112
20500 0.00153107
21000 0.00156653
21500 0.00154921
22000 0.00169252
22500 0.00167516
23000 0.00178358
23500 0.00182227
24000 0.00190024
24500 0.00193643
25000 0.00196074
25500 0.00199313
26000 0.00202412
26500 0.0020868
27000 0.0021366
27500 0.00214453
28000 0.00223356
28500 0.00224003
29000 0.00227552
29500 0.00249127
30000 0.00270454
