# Step_Size Forward_Error Central_Error
0.1 0.0699719 0.00998744
0.0952381 0.0661881 0.00905922
0.0907029 0.0626263 0.00821725
0.0863838 0.0592722 0.0074535
0.0822702 0.0561124 0.00676072
0.0783526 0.0531343 0.00613231
0.0746215 0.0503264 0.0055623
0.0710681 0.0476781 0.00504527
0.0676839 0.0451792 0.00457628
0.0644609 0.0428205 0.00415089
0.0613913 0.0405935 0.00376503
0.0584679 0.0384899 0.00341503
0.0556837 0.0365023 0.00309757
0.0530321 0.0346238 0.00280962
0.0505068 0.0328477 0.00254843
0.0481017 0.0311681 0.00231152
0.0458112 0.0295791 0.00209663
0.0436297 0.0280756 0.00190172
0.0415521 0.0266525 0.00172493
0.0395734 0.0253051 0.00156457
0.0376889 0.0240292 0.00141912
0.0358942 0.0228207 0.00128719
0.034185 0.0216756 0.00116752
0.0325571 0.0205905 0.00105898
0.0310068 0.019562 0.000960528
0.0295303 0.018587 0.00087123
0.0281241 0.0176624 0.000790234
0.0267848 0.0167855 0.000716767
0.0255094 0.0159537 0.00065013
0.0242946 0.0151645 0.000589689
0.0231377 0.0144157 0.000534866
0.0220359 0.0137049 0.00048514
0.0209866 0.0130303 0.000440037
0.0199873 0.0123899 0.000399127
0.0190355 0.0117818 0.00036202
0.018129 0.0112043 0.000328364
0.0172657 0.0106559 0.000297836
0.0164436 0.010135 0.000270146
0.0156605 0.00964012 0.000245031
0.0149148 0.00916996 0.00022225
0.0142046 0.00872322 0.000201588
0.0135282 0.00829869 0.000182846
0.012884 0.00789522 0.000165847
0.0122704 0.00751174 0.000150428
0.0116861 0.00714721 0.000136443
0.0111297 0.00680068 0.000123758
0.0105997 0.00647123 0.000112252
0.0100949 0.00615799 0.000101816
0.00961421 0.00586013 9.23499e-05
0.00915639 0.00557689 8.37641e-05
0.00872037 0.00530753 7.59766e-05
0.00830512 0.00505134 6.8913e-05
0.00790964 0.00480768 6.25061e-05
0.00753299 0.00457591 5.66949e-05
0.00717427 0.00435543 5.1424e-05
0.00683264 0.0041457 4.66431e-05
0.00650728 0.00394617 4.23066e-05
0.00619741 0.00375634 3.83734e-05
0.00590229 0.00357573 3.48058e-05
0.00562123 0.00340387 3.15699e-05
0.00535355 0.00324035 2.86348e-05
0.00509862 0.00308475 2.59726e-05
0.00485583 0.00293668 2.35579e-05
0.0046246 0.00279577 2.13677e-05
0.00440438 0.00266167 1.93812e-05
0.00419465 0.00253405 1.75793e-05
0.0039949 0.00241258 1.59449e-05
0.00380467 0.00229697 1.44625e-05
0.00362349 0.00218694 1.31179e-05
0.00345095 0.0020822 1.18984e-05
0.00328662 0.00198251 1.07922e-05
0.00313011 0.00188761 9.78881e-06
0.00298106 0.00179728 8.87874e-06
0.0028391 0.0017113 8.05328e-06
0.00270391 0.00162944 7.30456e-06
0.00257515 0.00155152 6.62546e-06
0.00245252 0.00147734 6.00948e-06
0.00233574 0.00140671 5.45078e-06
0.00222451 0.00133948 4.94402e-06
0.00211858 0.00127547 4.48437e-06
0.0020177 0.00121453 4.06746e-06
0.00192162 0.00115651 3.6893e-06
0.00183011 0.00110127 3.34631e-06
0.00174296 0.00104868 3.0352e-06
0.00165996 0.000998604 2.75301e-06
0.00158092 0.000950927 2.49706e-06
0.00150564 0.000905531 2.26491e-06
0.00143394 0.000862308 2.05434e-06
0.00136566 0.000821153 1.86335e-06
0.00130063 0.000781966 1.69011e-06
0.00123869 0.000744653 1.53298e-06
0.00117971 0.000709123 1.39046e-06
0.00112353 0.000675293 1.26119e-06
0.00107003 0.000643079 1.14393e-06
0.00101907 0.000612404 1.03758e-06
0.000970547 0.000583195 9.41118e-07
0.000924331 0.000555381 8.53621e-07
0.000880315 0.000528896 7.7426e-07
0.000838395 0.000503675 7.02276e-07
0.000798471 0.000479659 6.36985e-07
0.000760449 0.000456789 5.77765e-07
0.000724237 0.000435011 5.24049e-07
0.00068975 0.000414272 4.75328e-07
0.000656904 0.000394523 4.31137e-07
0.000625623 0.000375717 3.91054e-07
0.000595832 0.000357808 3.54697e-07
0.000567459 0.000340753 3.21721e-07
0.000540437 0.000324512 2.9181e-07
0.000514702 0.000309046 2.64681e-07
0.000490192 0.000294318 2.40073e-07
0.00046685 0.000280292 2.17753e-07
0.000444619 0.000266935 1.97509e-07
0.000423446 0.000254214 1.79146e-07
0.000403282 0.000242101 1.62491e-07
0.000384078 0.000230565 1.47384e-07
0.000365789 0.000219579 1.33682e-07
0.00034837 0.000209117 1.21253e-07
0.000331781 0.000199153 1.0998e-07
0.000315982 0.000189665 9.97553e-08
0.000300935 0.000180629 9.0481e-08
0.000286605 0.000172023 8.2069e-08
0.000272957 0.000163828 7.4439e-08
0.000259959 0.000156023 6.75183e-08
0.00024758 0.00014859 6.12411e-08
0.000235791 0.000141512 5.55475e-08
0.000224563 0.000134771 5.03832e-08
0.000213869 0.000128351 4.56991e-08
0.000203685 0.000122237 4.14504e-08
0.000193986 0.000116414 3.75967e-08
0.000184748 0.000110869 3.41013e-08
0.000175951 0.000105588 3.09309e-08
0.000167572 0.000100558 2.80553e-08
0.000159593 9.57687e-05 2.5447e-08
0.000151993 9.12071e-05 2.30811e-08
0.000144755 8.68629e-05 2.09353e-08
0.000137862 8.27256e-05 1.89889e-08
0.000131297 7.87854e-05 1.72235e-08
0.000125045 7.5033e-05 1.56222e-08
0.00011909 7.14593e-05 1.41698e-08
0.000113419 6.80558e-05 1.28524e-08
0.000108018 6.48145e-05 1.16575e-08
0.000102875 6.17275e-05 1.05737e-08
9.7976e-05 5.87876e-05 9.5907e-09
9.33104e-05 5.59878e-05 8.69904e-09
8.88671e-05 5.33213e-05 7.89028e-09
8.46353e-05 5.07818e-05 7.1567e-09
8.06051e-05 4.83633e-05 6.49138e-09
7.67667e-05 4.606e-05 5.88785e-09
7.31112e-05 4.38664e-05 5.34045e-09
6.96297e-05 4.17773e-05 4.84393e-09
6.6314e-05 3.97877e-05 4.39359e-09
6.31562e-05 3.78928e-05 3.98511e-09
6.01487e-05 3.60882e-05 3.61461e-09
5.72845e-05 3.43696e-05 3.2786e-09
5.45567e-05 3.27328e-05 2.97375e-09
5.19587e-05 3.1174e-05 2.69728e-09
4.94845e-05 2.96894e-05 2.44654e-09
4.71281e-05 2.82755e-05 2.21907e-09
4.48839e-05 2.69289e-05 2.01276e-09
4.27466e-05 2.56465e-05 1.82563e-09
4.0711e-05 2.44252e-05 1.65591e-09
3.87724e-05 2.3262e-05 1.50194e-09
3.69261e-05 2.21542e-05 1.36234e-09
3.51677e-05 2.10992e-05 1.23569e-09
3.34931e-05 2.00944e-05 1.12075e-09
3.18982e-05 1.91375e-05 1.0166e-09
3.03792e-05 1.82261e-05 9.22081e-10
2.89326e-05 1.73582e-05 8.36394e-10
2.75548e-05 1.65315e-05 7.58561e-10
2.62427e-05 1.57443e-05 6.88092e-10
2.4993e-05 1.49945e-05 6.24094e-10
2.38029e-05 1.42805e-05 5.66062e-10
2.26694e-05 1.36004e-05 5.13445e-10
2.15899e-05 1.29528e-05 4.65752e-10
2.05618e-05 1.23359e-05 4.22442e-10
1.95827e-05 1.17485e-05 3.83174e-10
1.86502e-05 1.1189e-05 3.47603e-10
1.77621e-05 1.06562e-05 3.15127e-10
1.69163e-05 1.01488e-05 2.85879e-10
1.61107e-05 9.66547e-06 2.59227e-10
1.53436e-05 9.20519e-06 2.35103e-10
1.46129e-05 8.76684e-06 2.13373e-10
1.39171e-05 8.34936e-06 1.93379e-10
1.32543e-05 7.95176e-06 1.75604e-10
1.26232e-05 7.5731e-06 1.59051e-10
1.20221e-05 7.21247e-06 1.4445e-10
1.14496e-05 6.86901e-06 1.30976e-10
1.09044e-05 6.54191e-06 1.18795e-10
1.03851e-05 6.23039e-06 1.07655e-10
9.8906e-06 5.9337e-06 9.76494e-11
9.41962e-06 5.65113e-06 8.87439e-11
8.97106e-06 5.38203e-06 8.0406e-11
8.54387e-06 5.12574e-06 7.29613e-11
8.13702e-06 4.88165e-06 6.62357e-11
7.74954e-06 4.64919e-06 6.02345e-11
7.38052e-06 4.4278e-06 5.41458e-11
7.02906e-06 4.21695e-06 4.93039e-11
6.69434e-06 4.01614e-06 4.49234e-11
6.37557e-06 3.82489e-06 4.03886e-11
6.07197e-06 3.64275e-06 3.68106e-11
5.78283e-06 3.46929e-06 3.3268e-11
5.50745e-06 3.30408e-06 3.03207e-11
5.24519e-06 3.14674e-06 2.73284e-11
4.99542e-06 2.9969e-06 2.50878e-11
4.75755e-06 2.85418e-06 2.23444e-11
4.531e-06 2.71827e-06 2.06854e-11
4.31523e-06 2.58883e-06 1.87041e-11
4.10975e-06 2.46555e-06 1.74177e-11
3.91404e-06 2.34814e-06 1.5054e-11
3.72766e-06 2.23632e-06 1.39238e-11
3.55015e-06 2.12983e-06 1.23067e-11
3.3811e-06 2.02841e-06 1.1757e-11
3.22009e-06 1.93182e-06 1.0128e-11
3.06676e-06 1.83983e-06 9.26603e-12
2.92072e-06 1.75222e-06 8.04988e-12
2.78164e-06 1.66878e-06 8.16867e-12
2.64918e-06 1.58931e-06 6.81227e-12
2.52303e-06 1.51363e-06 5.64998e-12
2.40288e-06 1.44155e-06 6.35475e-12
2.28846e-06 1.37291e-06 5.03723e-12
2.17949e-06 1.30753e-06 5.58679e-12
2.0757e-06 1.24527e-06 4.65157e-12
1.97686e-06 1.18597e-06 3.71138e-12
1.88272e-06 1.12949e-06 3.9527e-12
1.79307e-06 1.07571e-06 3.76842e-12
1.70768e-06 1.02448e-06 1.90606e-12
1.62637e-06 9.75697e-07 2.38859e-12
1.54892e-06 9.29236e-07 2.84191e-12
1.47516e-06 8.84984e-07 9.93983e-13
1.40492e-06 8.42844e-07 2.78731e-12
1.33802e-06 8.02708e-07 1.58344e-12
1.2743e-06 7.64483e-07 7.73145e-13
1.21362e-06 7.2808e-07 2.61091e-12
1.15583e-06 6.93408e-07 4.31113e-13
1.10079e-06 6.60391e-07 2.04452e-12
1.04837e-06 6.28943e-07 7.44405e-13
9.98448e-07 5.98992e-07 2.0664e-13
9.50903e-07 5.7047e-07 2.24812e-12
9.05622e-07 5.43303e-07 5.3392e-13
8.62497e-07 5.17433e-07 1.52527e-12
8.21426e-07 4.92794e-07 1.42469e-12
7.8231e-07 4.69325e-07 1.47908e-12
7.45057e-07 4.46978e-07 1.68077e-12
7.09578e-07 4.25693e-07 2.83787e-13
6.75789e-07 4.05423e-07 2.11732e-12
6.43608e-07 3.86117e-07 2.1815e-12
6.1296e-07 3.67729e-07 8.33861e-13
5.83772e-07 3.50217e-07 1.71321e-12
5.55973e-07 3.33546e-07 4.67569e-12
5.29498e-07 3.17662e-07 3.0376e-12
5.04284e-07 3.02532e-07 2.13667e-12
4.80271e-07 2.88124e-07 1.1047e-12
4.574e-07 2.74407e-07 3.63308e-12
4.3562e-07 2.61339e-07 1.64198e-12
4.14876e-07 2.48893e-07 2.48218e-13
3.9512e-07 2.37043e-07 4.325e-12
3.76305e-07 2.25751e-07 2.80936e-12
3.58385e-07 2.15004e-07 7.63306e-13
3.41319e-07 2.0476e-07 2.50396e-12
3.25066e-07 1.95012e-07 3.64749e-12
3.09587e-07 1.85733e-07 4.62415e-12
2.94844e-07 1.76877e-07 4.90155e-12
2.80804e-07 1.68456e-07 3.72484e-12
2.67433e-07 1.60442e-07 6.31392e-12
2.54698e-07 1.52792e-07 3.74026e-12
2.42569e-07 1.45532e-07 1.07329e-11
2.31018e-07 1.38596e-07 5.54812e-12
2.20017e-07 1.32e-07 5.92357e-12
2.0954e-07 1.25713e-07 9.47159e-12
1.99562e-07 1.19732e-07 7.81585e-12
1.90059e-07 1.14016e-07 1.74605e-12
1.81009e-07 1.0858e-07 1.1786e-11
1.72389e-07 1.03428e-07 7.62083e-12
1.6418e-07 9.84995e-08 3.59572e-12
1.56362e-07 9.37987e-08 3.27215e-12
1.48916e-07 8.93443e-08 8.37683e-12
1.41825e-07 8.50721e-08 3.56336e-12
1.35072e-07 8.10424e-08 9.58542e-12
1.2864e-07 7.71741e-08 1.33112e-12
1.22514e-07 7.34812e-08 1.31306e-11
1.1668e-07 6.99987e-08 3.1527e-12
1.11124e-07 6.66647e-08 9.35821e-13
1.05832e-07 6.34715e-08 1.18633e-11
1.00793e-07 6.04604e-08 9.81441e-12
9.59929e-08 5.75905e-08 6.10562e-12
9.14218e-08 5.48356e-08 1.1514e-11
8.70684e-08 5.22113e-08 8.66775e-12
8.29223e-08 4.97557e-08 1.87273e-11
7.89736e-08 4.73834e-08 3.03745e-12
7.52129e-08 4.51275e-08 2.48832e-12
7.16314e-08 4.29641e-08 2.48833e-12
6.82204e-08 4.09165e-08 2.48834e-12
6.49718e-08 3.90005e-08 3.23665e-11
6.18779e-08 3.70982e-08 1.96978e-11
5.89313e-08 3.53334e-08 1.96978e-11
5.61251e-08 3.36791e-08 2.00413e-11
5.34524e-08 3.20935e-08 2.93138e-11
5.09071e-08 3.04984e-08 3.39707e-11
4.84829e-08 2.90586e-08 1.26731e-11
4.61742e-08 2.76865e-08 1.93902e-12
4.39754e-08 2.63528e-08 3.76296e-11
4.18814e-08 2.50766e-08 4.4533e-11
3.9887e-08 2.39045e-08 1.5539e-11
3.79876e-08 2.28324e-08 4.53483e-11
3.61787e-08 2.16999e-08 3.10771e-12
3.44559e-08 2.06954e-08 3.10772e-12
3.28152e-08 1.96734e-08 8.14233e-12
3.12525e-08 1.87641e-08 2.85599e-12
2.97643e-08 1.78871e-08 5.2812e-11
2.8347e-08 1.69866e-08 4.72936e-12
2.69971e-08 1.62064e-08 1.39088e-11
2.57115e-08 1.54546e-08 3.80047e-11
2.44872e-08 1.46483e-08 5.13913e-11
2.33211e-08 1.38762e-08 1.08065e-10
2.22106e-08 1.33741e-08 5.74399e-11
2.11529e-08 1.2679e-08 8.62531e-12
2.01457e-08 1.21254e-08 7.01318e-11
1.91863e-08 1.15872e-08 1.04575e-10
1.82727e-08 1.10176e-08 1.00055e-10
1.74026e-08 1.0391e-08 2.57345e-11
1.65739e-08 9.84278e-09 4.81629e-11
1.57847e-08 9.40318e-09 6.78678e-12
1.5033e-08 8.96359e-09 2.05242e-11
1.43171e-08 8.66356e-09 1.21494e-10
1.36354e-08 8.16073e-09 1.85048e-11
1.29861e-08 7.80451e-09 5.66715e-11
1.23677e-08 7.46387e-09 1.00086e-10
1.17788e-08 7.07815e-09 8.25533e-11
1.12179e-08 6.5995e-09 4.99948e-11
1.06837e-08 6.47579e-09 1.43305e-10
1.01749e-08 6.23223e-09 1.79838e-10
9.69041e-09 5.74634e-09 1.78726e-11
9.22896e-09 5.62998e-09 1.78986e-10
8.78948e-09 5.44201e-09 2.1188e-10
8.37094e-09 5.05715e-09 8.35933e-11
7.97232e-09 4.8292e-09 4.2147e-11
7.59269e-09 4.60073e-09 1.45504e-10
7.23113e-09 3.88104e-09 3.17154e-10
6.88679e-09 3.74909e-09 2.81169e-10
6.55885e-09 3.76169e-09 7.3359e-11
6.24652e-09 3.77491e-09 2.58233e-11
5.94907e-09 3.62217e-09 1.23022e-10
5.66578e-09 3.25768e-09 4.2833e-11
5.39598e-09 2.99743e-09 2.17416e-10
5.13903e-09 2.96528e-09 9.6031e-11
4.89431e-09 3.31972e-09 4.84223e-10
4.66125e-09 3.05389e-09 2.62701e-10
4.43929e-09 2.42122e-09 1.18762e-10
4.22789e-09 2.2063e-09 2.5553e-10
4.02656e-09 2.14475e-09 9.34712e-12
3.83482e-09 1.95088e-09 3.10921e-10
3.65221e-09 2.24492e-09 1.29977e-10
3.4783e-09 1.88868e-09 3.55592e-10
3.31266e-09 2.0383e-09 2.05477e-10
3.15492e-09 1.35754e-09 2.92004e-10
3.00468e-09 1.11011e-09 3.33242e-10
2.8616e-09 2.12045e-09 3.01831e-10
2.72534e-09 1.393e-09 1.98289e-10
2.59556e-09 1.23387e-09 4.36983e-10
2.47196e-09 1.13362e-09 2.69897e-10
2.35425e-09 2.081e-09 9.75727e-10
2.24214e-09 3.49406e-10 8.1113e-10
2.13537e-09 1.8581e-09 6.3954e-10
2.03369e-09 7.61396e-10 9.15976e-11
1.93685e-09 1.31584e-09 4.20199e-10
1.84462e-09 6.88892e-10 2.51534e-10
1.75678e-09 8.76977e-10 1.1047e-10
1.67312e-09 8.27604e-10 3.09195e-10
1.59345e-09 1.55338e-09 1.00905e-09
1.51757e-09 7.36883e-10 1.65336e-10
1.4453e-09 5.65419e-10 3.47051e-11
1.37648e-09 2.14742e-10 8.44872e-10
1.31093e-09 1.51729e-10 8.13366e-10
1.24851e-09 1.34268e-09 1.34268e-09
1.18906e-09 5.78485e-10 5.78485e-10
1.13243e-09 5.15697e-10 2.5023e-10
1.07851e-09 1.12844e-09 1.12844e-09
1.02715e-09 1.5255e-09 1.5255e-09
9.78239e-10 1.7678e-09 8.8114e-10
9.31656e-10 1.71815e-10 1.71815e-10
8.87292e-10 9.16606e-10 9.16606e-10
8.4504e-10 1.79639e-09 7.69975e-10
8.048e-10 2.41224e-09 1.3345e-09
7.66476e-10 1.44228e-09 1.44228e-09
7.29977e-10 1.72627e-09 5.38063e-10
6.95216e-10 7.68961e-10 7.68961e-10
6.62111e-10 3.2234e-09 3.2234e-09
6.30582e-10 1.82583e-10 1.55808e-09
6.00554e-10 9.25163e-11 1.35175e-09
5.71956e-10 2.94045e-09 2.94045e-09
5.4472e-10 2.97383e-09 1.38153e-09
5.18781e-10 3.45153e-09 1.7796e-09
4.94077e-10 4.28749e-09 2.53197e-09
4.7055e-10 3.05862e-09 3.05862e-09
4.48143e-10 3.61161e-09 3.61161e-09
4.26802e-10 5.14878e-10 1.51735e-09
4.06478e-10 3.15678e-09 1.02294e-09
3.87122e-10 6.57093e-09 4.33039e-09
3.68688e-10 1.8658e-09 4.86759e-10
3.51131e-10 2.10106e-09 3.69131e-10
3.34411e-10 1.24908e-10 2.46879e-09
3.18487e-10 3.50627e-09 3.50627e-09
3.03321e-10 1.5999e-09 1.25965e-09
2.88877e-10 1.83156e-09 1.83156e-09
2.75121e-10 1.53131e-09 1.62135e-09
2.6202e-10 6.2603e-09 2.95001e-09
2.49543e-10 4.93618e-09 1.46037e-09
2.3766e-10 3.05817e-09 3.05817e-09
2.26342e-10 4.15305e-09 7.98513e-09
2.15564e-10 4.53626e-09 8.55994e-09
2.05299e-10 3.10873e-09 3.10873e-09
1.95523e-10 5.64365e-09 5.64365e-09
1.86212e-10 8.10828e-09 8.10828e-09
1.77345e-10 5.77933e-09 5.77933e-09
1.689e-10 1.08494e-08 5.71408e-09
1.60857e-10 1.29036e-08 7.51145e-09
1.53197e-10 1.34428e-08 7.78105e-09
1.45902e-10 5.51636e-09 5.51636e-09
1.38955e-10 6.70533e-09 4.63276e-10
1.32338e-10 1.482e-08 8.26584e-09
1.26036e-10 6.29959e-09 6.29959e-09
1.20034e-10 5.39957e-09 5.39957e-09
1.14318e-10 2.54898e-09 2.54898e-09
1.08875e-10 1.0895e-08 2.92834e-09
1.0369e-10 6.6316e-09 6.6316e-09
