-1.000000e+00 0.000000e+00 0.000000e+00
-9.990000e-01 3.007557e-03 2.671745e-03
-9.980000e-01 5.945984e-03 5.311725e-03
-9.970000e-01 8.816153e-03 7.919923e-03
-9.960000e-01 1.161893e-02 1.049632e-02
-9.950000e-01 1.435517e-02 1.304090e-02
-9.940000e-01 1.702573e-02 1.555365e-02
-9.930000e-01 1.963146e-02 1.803455e-02
-9.920000e-01 2.217320e-02 2.048361e-02
-9.910000e-01 2.465178e-02 2.290082e-02
-9.900000e-01 2.706804e-02 2.528616e-02
-9.890000e-01 2.942278e-02 2.763964e-02
-9.880000e-01 3.171685e-02 2.996126e-02
-9.870000e-01 3.395103e-02 3.225103e-02
-9.860000e-01 3.612614e-02 3.450894e-02
-9.850000e-01 3.824298e-02 3.673500e-02
-9.840000e-01 4.030234e-02 3.892924e-02
-9.830000e-01 4.230501e-02 4.109165e-02
-9.820000e-01 4.425177e-02 4.322225e-02
-9.810000e-01 4.614338e-02 4.532107e-02
-9.800000e-01 4.798063e-02 4.738812e-02
-9.790000e-01 4.976428e-02 4.942342e-02
-9.780000e-01 5.149508e-02 5.142699e-02
-9.770000e-01 5.317378e-02 5.339887e-02
-9.760000e-01 5.480113e-02 5.533909e-02
-9.750000e-01 5.637787e-02 5.724766e-02
-9.740000e-01 5.790473e-02 5.912464e-02
-9.730000e-01 5.938244e-02 6.097006e-02
-9.720000e-01 6.081172e-02 6.278395e-02
-9.710000e-01 6.219328e-02 6.456635e-02
-9.700000e-01 6.352784e-02 6.631732e-02
-9.690000e-01 6.481610e-02 6.803689e-02
-9.680000e-01 6.605876e-02 6.972512e-02
-9.670000e-01 6.725651e-02 7.138206e-02
-9.660000e-01 6.841003e-02 7.300776e-02
-9.650000e-01 6.952002e-02 7.460227e-02
-9.640000e-01 7.058713e-02 7.616566e-02
-9.630000e-01 7.161205e-02 7.769799e-02
-9.620000e-01 7.259543e-02 7.919932e-02
-9.610000e-01 7.353793e-02 8.066971e-02
-9.600000e-01 7.444020e-02 8.210924e-02
-9.590000e-01 7.530290e-02 8.351797e-02
-9.580000e-01 7.612665e-02 8.489598e-02
-9.570000e-01 7.691211e-02 8.624335e-02
-9.560000e-01 7.765988e-02 8.756015e-02
-9.550000e-01 7.837060e-02 8.884646e-02
-9.540000e-01 7.904489e-02 9.010237e-02
-9.530000e-01 7.968335e-02 9.132796e-02
-9.520000e-01 8.028660e-02 9.252332e-02
-9.510000e-01 8.085523e-02 9.368854e-02
-9.500000e-01 8.138984e-02 9.482371e-02
-9.490000e-01 8.189103e-02 9.592893e-02
-9.480000e-01 8.235936e-02 9.700429e-02
-9.470000e-01 8.279543e-02 9.804990e-02
-9.460000e-01 8.319980e-02 9.906585e-02
-9.450000e-01 8.357304e-02 1.000523e-01
-9.440000e-01 8.391572e-02 1.010092e-01
-9.430000e-01 8.422839e-02 1.019369e-01
-9.420000e-01 8.451160e-02 1.028353e-01
-9.410000e-01 8.476591e-02 1.037046e-01
-9.400000e-01 8.499184e-02 1.045449e-01
-9.390000e-01 8.518993e-02 1.053563e-01
-9.380000e-01 8.536072e-02 1.061390e-01
-9.370000e-01 8.550473e-02 1.068931e-01
-9.360000e-01 8.562248e-02 1.076187e-01
-9.350000e-01 8.571447e-02 1.083159e-01
-9.340000e-01 8.578123e-02 1.089849e-01
-9.330000e-01 8.582325e-02 1.096257e-01
-9.320000e-01 8.584103e-02 1.102386e-01
-9.310000e-01 8.583507e-02 1.108236e-01
-9.300000e-01 8.580585e-02 1.113810e-01
-9.290000e-01 8.575385e-02 1.119108e-01
-9.280000e-01 8.567955e-02 1.124132e-01
-9.270000e-01 8.558342e-02 1.128883e-01
-9.260000e-01 8.546594e-02 1.133363e-01
-9.250000e-01 8.532756e-02 1.137574e-01
-9.240000e-01 8.516874e-02 1.141516e-01
-9.230000e-01 8.498993e-02 1.145192e-01
-9.220000e-01 8.479158e-02 1.148603e-01
-9.210000e-01 8.457413e-02 1.151750e-01
-9.200000e-01 8.433802e-02 1.154636e-01
-9.190000e-01 8.408367e-02 1.157262e-01
-9.180000e-01 8.381153e-02 1.159629e-01
-9.170000e-01 8.352200e-02 1.161739e-01
-9.160000e-01 8.321551e-02 1.163594e-01
-9.150000e-01 8.289247e-02 1.165196e-01
-9.140000e-01 8.255328e-02 1.166547e-01
-9.130000e-01 8.219836e-02 1.167647e-01
-9.120000e-01 8.182809e-02 1.168500e-01
-9.110000e-01 8.144287e-02 1.169106e-01
-9.100000e-01 8.104310e-02 1.169468e-01
-9.090000e-01 8.062915e-02 1.169588e-01
-9.080000e-01 8.020140e-02 1.169466e-01
-9.070000e-01 7.976023e-02 1.169106e-01
-9.060000e-01 7.930600e-02 1.168509e-01
-9.050000e-01 7.883909e-02 1.167677e-01
-9.040000e-01 7.835986e-02 1.166612e-01
-9.030000e-01 7.786866e-02 1.165316e-01
-9.020000e-01 7.736584e-02 1.163791e-01
-9.010000e-01 7.685174e-02 1.162039e-01
-9.000000e-01 7.632673e-02 1.160062e-01
-8.990000e-01 7.579112e-02 1.157862e-01
-8.980000e-01 7.524526e-02 1.155442e-01
-8.970000e-01 7.468948e-02 1.152802e-01
-8.960000e-01 7.412410e-02 1.149945e-01
-8.950000e-01 7.354944e-02 1.146874e-01
-8.940000e-01 7.296581e-02 1.143591e-01
-8.930000e-01 7.237354e-02 1.140097e-01
-8.920000e-01 7.177293e-02 1.136395e-01
-8.910000e-01 7.116428e-02 1.132487e-01
-8.900000e-01 7.054790e-02 1.128376e-01
-8.890000e-01 6.992407e-02 1.124062e-01
-8.880000e-01 6.929310e-02 1.119550e-01
-8.870000e-01 6.865526e-02 1.114841e-01
-8.860000e-01 6.801084e-02 1.109937e-01
-8.850000e-01 6.736013e-02 1.104840e-01
-8.840000e-01 6.670339e-02 1.099553e-01
-8.830000e-01 6.604089e-02 1.094079e-01
-8.820000e-01 6.537291e-02 1.088419e-01
-8.810000e-01 6.469971e-02 1.082576e-01
-8.800000e-01 6.402154e-02 1.076552e-01
-8.790000e-01 6.333867e-02 1.070350e-01
-8.780000e-01 6.265134e-02 1.063971e-01
-8.770000e-01 6.195980e-02 1.057420e-01
-8.760000e-01 6.126430e-02 1.050697e-01
-8.750000e-01 6.056507e-02 1.043806e-01
-8.740000e-01 5.986236e-02 1.036748e-01
-8.730000e-01 5.915638e-02 1.029527e-01
-8.720000e-01 5.844739e-02 1.022144e-01
-8.710000e-01 5.773559e-02 1.014603e-01
-8.700000e-01 5.702121e-02 1.006906e-01
-8.690000e-01 5.630448e-02 9.990551e-02
-8.680000e-01 5.558559e-02 9.910530e-02
-8.670000e-01 5.486477e-02 9.829024e-02
-8.660000e-01 5.414223e-02 9.746059e-02
-8.650000e-01 5.341816e-02 9.661660e-02
-8.640000e-01 5.269276e-02 9.575854e-02
-8.630000e-01 5.196624e-02 9.488666e-02
-8.620000e-01 5.123878e-02 9.400122e-02
-8.610000e-01 5.051059e-02 9.310250e-02
-8.600000e-01 4.978183e-02 9.219076e-02
-8.590000e-01 4.905271e-02 9.126626e-02
-8.580000e-01 4.832339e-02 9.032927e-02
-8.570000e-01 4.759405e-02 8.938006e-02
-8.560000e-01 4.686488e-02 8.841890e-02
-8.550000e-01 4.613603e-02 8.744605e-02
-8.540000e-01 4.540768e-02 8.646181e-02
-8.530000e-01 4.467999e-02 8.546642e-02
-8.520000e-01 4.395312e-02 8.446018e-02
-8.510000e-01 4.322723e-02 8.344336e-02
-8.500000e-01 4.250247e-02 8.241622e-02
-8.490000e-01 4.177900e-02 8.137906e-02
-8.480000e-01 4.105697e-02 8.033214e-02
-8.470000e-01 4.033651e-02 7.927575e-02
-8.460000e-01 3.961777e-02 7.821016e-02
-8.450000e-01 3.890090e-02 7.713567e-02
-8.440000e-01 3.818603e-02 7.605254e-02
-8.430000e-01 3.747329e-02 7.496107e-02
-8.420000e-01 3.676281e-02 7.386154e-02
-8.410000e-01 3.605473e-02 7.275423e-02
-8.400000e-01 3.534917e-02 7.163943e-02
-8.390000e-01 3.464625e-02 7.051742e-02
-8.380000e-01 3.394608e-02 6.938850e-02
-8.370000e-01 3.324880e-02 6.825295e-02
-8.360000e-01 3.255451e-02 6.711106e-02
-8.350000e-01 3.186332e-02 6.596311e-02
-8.340000e-01 3.117535e-02 6.480941e-02
-8.330000e-01 3.049069e-02 6.365024e-02
-8.320000e-01 2.980947e-02 6.248590e-02
-8.310000e-01 2.913176e-02 6.131667e-02
-8.300000e-01 2.845768e-02 6.014285e-02
-8.290000e-01 2.778733e-02 5.896473e-02
-8.280000e-01 2.712079e-02 5.778261e-02
-8.270000e-01 2.645815e-02 5.659679e-02
-8.260000e-01 2.579951e-02 5.540755e-02
-8.250000e-01 2.514495e-02 5.421520e-02
-8.240000e-01 2.449456e-02 5.302003e-02
-8.230000e-01 2.384842e-02 5.182235e-02
-8.220000e-01 2.320661e-02 5.062244e-02
-8.210000e-01 2.256920e-02 4.942061e-02
-8.200000e-01 2.193627e-02 4.821716e-02
-8.190000e-01 2.130790e-02 4.701238e-02
-8.180000e-01 2.068415e-02 4.580658e-02
-8.170000e-01 2.006509e-02 4.460006e-02
-8.160000e-01 1.945079e-02 4.339311e-02
-8.150000e-01 1.884131e-02 4.218604e-02
-8.140000e-01 1.823672e-02 4.097916e-02
-8.130000e-01 1.763707e-02 3.977275e-02
-8.120000e-01 1.704242e-02 3.856714e-02
-8.110000e-01 1.645283e-02 3.736261e-02
-8.100000e-01 1.586835e-02 3.615947e-02
-8.090000e-01 1.528904e-02 3.495803e-02
-8.080000e-01 1.471494e-02 3.375859e-02
-8.070000e-01 1.414609e-02 3.256146e-02
-8.060000e-01 1.358256e-02 3.136693e-02
-8.050000e-01 1.302438e-02 3.017531e-02
-8.040000e-01 1.247158e-02 2.898691e-02
-8.030000e-01 1.192423e-02 2.780203e-02
-8.020000e-01 1.138234e-02 2.662099e-02
-8.010000e-01 1.084596e-02 2.544407e-02
-8.000000e-01 1.031513e-02 2.427160e-02
-7.990000e-01 9.789868e-03 2.310386e-02
-7.980000e-01 9.270216e-03 2.194118e-02
-7.970000e-01 8.756202e-03 2.078386e-02
-7.960000e-01 8.247853e-03 1.963220e-02
-7.950000e-01 7.745196e-03 1.848651e-02
-7.940000e-01 7.248256e-03 1.734710e-02
-7.930000e-01 6.757054e-03 1.621427e-02
-7.920000e-01 6.271614e-03 1.508832e-02
-7.910000e-01 5.791955e-03 1.396958e-02
-7.900000e-01 5.318096e-03 1.285833e-02
-7.890000e-01 4.850052e-03 1.175489e-02
-7.880000e-01 4.387841e-03 1.065957e-02
-7.870000e-01 3.931475e-03 9.572671e-03
-7.860000e-01 3.480967e-03 8.494499e-03
-7.850000e-01 3.036329e-03 7.425361e-03
-7.840000e-01 2.597569e-03 6.365564e-03
-7.830000e-01 2.164697e-03 5.315413e-03
-7.820000e-01 1.737718e-03 4.275216e-03
-7.810000e-01 1.316639e-03 3.245278e-03
-7.800000e-01 9.014633e-04 2.225906e-03
-7.790000e-01 4.921942e-04 1.217404e-03
-7.780000e-01 8.883335e-05 2.200792e-04
-7.770000e-01 3.086190e-04 7.657879e-04
-7.760000e-01 7.001637e-04 1.740109e-03
-7.750000e-01 1.085803e-03 2.702886e-03
-7.740000e-01 1.465540e-03 3.654124e-03
-7.730000e-01 1.839379e-03 4.593828e-03
-7.720000e-01 2.207326e-03 5.522002e-03
-7.710000e-01 2.569388e-03 6.438651e-03
-7.700000e-01 2.925573e-03 7.343779e-03
-7.690000e-01 3.275889e-03 8.237392e-03
-7.680000e-01 3.620347e-03 9.119496e-03
-7.670000e-01 3.958958e-03 9.990097e-03
-7.660000e-01 4.291733e-03 1.084920e-02
-7.650000e-01 4.618687e-03 1.169681e-02
-7.640000e-01 4.939834e-03 1.253294e-02
-7.630000e-01 5.255188e-03 1.335760e-02
-7.620000e-01 5.564766e-03 1.417078e-02
-7.610000e-01 5.868585e-03 1.497250e-02
-7.600000e-01 6.166663e-03 1.576277e-02
-7.590000e-01 6.459019e-03 1.654160e-02
-7.580000e-01 6.745672e-03 1.730899e-02
-7.570000e-01 7.026644e-03 1.806496e-02
-7.560000e-01 7.301957e-03 1.880951e-02
-7.550000e-01 7.571631e-03 1.954266e-02
-7.540000e-01 7.835691e-03 2.026441e-02
-7.530000e-01 8.094162e-03 2.097477e-02
-7.520000e-01 8.347066e-03 2.167377e-02
-7.510000e-01 8.594431e-03 2.236141e-02
-7.500000e-01 8.836282e-03 2.303770e-02
-7.490000e-01 9.072647e-03 2.370266e-02
-7.480000e-01 9.303553e-03 2.435629e-02
-7.470000e-01 9.529029e-03 2.499863e-02
-7.460000e-01 9.749105e-03 2.562967e-02
-7.450000e-01 9.963809e-03 2.624943e-02
-7.440000e-01 1.017317e-02 2.685794e-02
-7.430000e-01 1.037723e-02 2.745520e-02
-7.420000e-01 1.057600e-02 2.804124e-02
-7.410000e-01 1.076953e-02 2.861606e-02
-7.400000e-01 1.095785e-02 2.917970e-02
-7.390000e-01 1.114099e-02 2.973216e-02
-7.380000e-01 1.131899e-02 3.027347e-02
-7.370000e-01 1.149187e-02 3.080364e-02
-7.360000e-01 1.165968e-02 3.132271e-02
-7.350000e-01 1.182245e-02 3.183068e-02
-7.340000e-01 1.198022e-02 3.232758e-02
-7.330000e-01 1.213302e-02 3.281343e-02
-7.320000e-01 1.228090e-02 3.328826e-02
-7.310000e-01 1.242388e-02 3.375209e-02
-7.300000e-01 1.256200e-02 3.420494e-02
-7.290000e-01 1.269532e-02 3.464683e-02
-7.280000e-01 1.282385e-02 3.507780e-02
-7.270000e-01 1.294765e-02 3.549788e-02
-7.260000e-01 1.306675e-02 3.590707e-02
-7.250000e-01 1.318120e-02 3.630543e-02
-7.240000e-01 1.329102e-02 3.669296e-02
-7.230000e-01 1.339628e-02 3.706971e-02
-7.220000e-01 1.349699e-02 3.743570e-02
-7.210000e-01 1.359322e-02 3.779097e-02
-7.200000e-01 1.368499e-02 3.813554e-02
-7.190000e-01 1.377235e-02 3.846944e-02
-7.180000e-01 1.385534e-02 3.879272e-02
-7.170000e-01 1.393401e-02 3.910540e-02
-7.160000e-01 1.400840e-02 3.940751e-02
-7.150000e-01 1.407855e-02 3.969910e-02
-7.140000e-01 1.414450e-02 3.998019e-02
-7.130000e-01 1.420631e-02 4.025083e-02
-7.120000e-01 1.426400e-02 4.051106e-02
-7.110000e-01 1.431763e-02 4.076090e-02
-7.100000e-01 1.436724e-02 4.100040e-02
-7.090000e-01 1.441287e-02 4.122960e-02
-7.080000e-01 1.445457e-02 4.144855e-02
-7.070000e-01 1.449239e-02 4.165727e-02
-7.060000e-01 1.452636e-02 4.185582e-02
-7.050000e-01 1.455654e-02 4.204424e-02
-7.040000e-01 1.458297e-02 4.222256e-02
-7.030000e-01 1.460569e-02 4.239084e-02
-7.020000e-01 1.462475e-02 4.254913e-02
-7.010000e-01 1.464019e-02 4.269746e-02
-7.000000e-01 1.465206e-02 4.283588e-02
-6.990000e-01 1.466041e-02 4.296445e-02
-6.980000e-01 1.466528e-02 4.308322e-02
-6.970000e-01 1.466672e-02 4.319222e-02
-6.960000e-01 1.466477e-02 4.329152e-02
-6.950000e-01 1.465948e-02 4.338116e-02
-6.940000e-01 1.465089e-02 4.346119e-02
-6.930000e-01 1.463905e-02 4.353168e-02
-6.920000e-01 1.462401e-02 4.359267e-02
-6.910000e-01 1.460581e-02 4.364422e-02
-6.900000e-01 1.458450e-02 4.368638e-02
-6.890000e-01 1.456012e-02 4.371922e-02
-6.880000e-01 1.453272e-02 4.374279e-02
-6.870000e-01 1.450235e-02 4.375714e-02
-6.860000e-01 1.446905e-02 4.376234e-02
-6.850000e-01 1.443286e-02 4.375845e-02
-6.840000e-01 1.439384e-02 4.374553e-02
-6.830000e-01 1.435203e-02 4.372364e-02
-6.820000e-01 1.430747e-02 4.369285e-02
-6.810000e-01 1.426020e-02 4.365321e-02
-6.800000e-01 1.421029e-02 4.360480e-02
-6.790000e-01 1.415776e-02 4.354767e-02
-6.780000e-01 1.410267e-02 4.348190e-02
-6.770000e-01 1.404506e-02 4.340756e-02
-6.760000e-01 1.398497e-02 4.332470e-02
-6.750000e-01 1.392245e-02 4.323341e-02
-6.740000e-01 1.385755e-02 4.313375e-02
-6.730000e-01 1.379031e-02 4.302579e-02
-6.720000e-01 1.372077e-02 4.290961e-02
-6.710000e-01 1.364898e-02 4.278527e-02
-6.700000e-01 1.357498e-02 4.265286e-02
-6.690000e-01 1.349882e-02 4.251245e-02
-6.680000e-01 1.342054e-02 4.236410e-02
-6.670000e-01 1.334019e-02 4.220791e-02
-6.660000e-01 1.325780e-02 4.204395e-02
-6.650000e-01 1.317342e-02 4.187229e-02
-6.640000e-01 1.308710e-02 4.169302e-02
-6.630000e-01 1.299887e-02 4.150621e-02
-6.620000e-01 1.290878e-02 4.131195e-02
-6.610000e-01 1.281688e-02 4.111033e-02
-6.600000e-01 1.272320e-02 4.090141e-02
-6.590000e-01 1.262779e-02 4.068530e-02
-6.580000e-01 1.253069e-02 4.046207e-02
-6.570000e-01 1.243194e-02 4.023180e-02
-6.560000e-01 1.233158e-02 3.999460e-02
-6.550000e-01 1.222965e-02 3.975053e-02
-6.540000e-01 1.212620e-02 3.949970e-02
-6.530000e-01 1.202127e-02 3.924220e-02
-6.520000e-01 1.191489e-02 3.897810e-02
-6.510000e-01 1.180710e-02 3.870751e-02
-6.500000e-01 1.169796e-02 3.843052e-02
-6.490000e-01 1.158749e-02 3.814723e-02
-6.480000e-01 1.147574e-02 3.785771e-02
-6.470000e-01 1.136274e-02 3.756208e-02
-6.460000e-01 1.124854e-02 3.726043e-02
-6.450000e-01 1.113317e-02 3.695285e-02
-6.440000e-01 1.101667e-02 3.663945e-02
-6.430000e-01 1.089909e-02 3.632032e-02
-6.420000e-01 1.078045e-02 3.599556e-02
-6.410000e-01 1.066079e-02 3.566527e-02
-6.400000e-01 1.054016e-02 3.532956e-02
-6.390000e-01 1.041860e-02 3.498852e-02
-6.380000e-01 1.029612e-02 3.464227e-02
-6.370000e-01 1.017279e-02 3.429091e-02
-6.360000e-01 1.004862e-02 3.393453e-02
-6.350000e-01 9.923655e-03 3.357326e-02
-6.340000e-01 9.797935e-03 3.320719e-02
-6.330000e-01 9.671491e-03 3.283643e-02
-6.320000e-01 9.544360e-03 3.246110e-02
-6.310000e-01 9.416575e-03 3.208130e-02
-6.300000e-01 9.288172e-03 3.169714e-02
-6.290000e-01 9.159184e-03 3.130874e-02
-6.280000e-01 9.029646e-03 3.091621e-02
-6.270000e-01 8.899590e-03 3.051966e-02
-6.260000e-01 8.769050e-03 3.011921e-02
-6.250000e-01 8.638058e-03 2.971497e-02
-6.240000e-01 8.506648e-03 2.930705e-02
-6.230000e-01 8.374852e-03 2.889559e-02
-6.220000e-01 8.242700e-03 2.848069e-02
-6.210000e-01 8.110226e-03 2.806247e-02
-6.200000e-01 7.977460e-03 2.764105e-02
-6.190000e-01 7.844433e-03 2.721656e-02
-6.180000e-01 7.711175e-03 2.678912e-02
-6.170000e-01 7.577718e-03 2.635884e-02
-6.160000e-01 7.444090e-03 2.592585e-02
-6.150000e-01 7.310321e-03 2.549028e-02
-6.140000e-01 7.176442e-03 2.505225e-02
-6.130000e-01 7.042479e-03 2.461188e-02
-6.120000e-01 6.908463e-03 2.416931e-02
-6.110000e-01 6.774422e-03 2.372466e-02
-6.100000e-01 6.640382e-03 2.327806e-02
-6.090000e-01 6.506373e-03 2.282964e-02
-6.080000e-01 6.372420e-03 2.237952e-02
-6.070000e-01 6.238552e-03 2.192785e-02
-6.060000e-01 6.104793e-03 2.147475e-02
-6.050000e-01 5.971172e-03 2.102035e-02
-6.040000e-01 5.837713e-03 2.056480e-02
-6.030000e-01 5.704442e-03 2.010821e-02
-6.020000e-01 5.571385e-03 1.965074e-02
-6.010000e-01 5.438565e-03 1.919250e-02
-6.000000e-01 5.306009e-03 1.873365e-02
-5.990000e-01 5.173739e-03 1.827432e-02
-5.980000e-01 5.041779e-03 1.781465e-02
-5.970000e-01 4.910154e-03 1.735477e-02
-5.960000e-01 4.778885e-03 1.689483e-02
-5.950000e-01 4.647997e-03 1.643496e-02
-5.940000e-01 4.517511e-03 1.597532e-02
-5.930000e-01 4.387450e-03 1.551603e-02
-5.920000e-01 4.257834e-03 1.505725e-02
-5.910000e-01 4.128687e-03 1.459912e-02
-5.900000e-01 4.000028e-03 1.414179e-02
-5.890000e-01 3.871879e-03 1.368539e-02
-5.880000e-01 3.744260e-03 1.323008e-02
-5.870000e-01 3.617191e-03 1.277601e-02
-5.860000e-01 3.490692e-03 1.232331e-02
-5.850000e-01 3.364782e-03 1.187215e-02
-5.840000e-01 3.239480e-03 1.142266e-02
-5.830000e-01 3.114805e-03 1.097500e-02
-5.820000e-01 2.990775e-03 1.052932e-02
-5.810000e-01 2.867409e-03 1.008578e-02
-5.800000e-01 2.744724e-03 9.644520e-03
-5.790000e-01 2.622737e-03 9.205698e-03
-5.780000e-01 2.501466e-03 8.769468e-03
-5.770000e-01 2.380927e-03 8.335983e-03
-5.760000e-01 2.261137e-03 7.905401e-03
-5.750000e-01 2.142111e-03 7.477876e-03
-5.740000e-01 2.023867e-03 7.053566e-03
-5.730000e-01 1.906418e-03 6.632627e-03
-5.720000e-01 1.789780e-03 6.215219e-03
-5.710000e-01 1.673967e-03 5.801501e-03
-5.700000e-01 1.558995e-03 5.391631e-03
-5.690000e-01 1.444878e-03 4.985770e-03
-5.680000e-01 1.331628e-03 4.584079e-03
-5.670000e-01 1.219261e-03 4.186720e-03
-5.660000e-01 1.107788e-03 3.793855e-03
-5.650000e-01 9.972223e-04 3.405648e-03
-5.640000e-01 8.875773e-04 3.022261e-03
-5.630000e-01 7.788647e-04 2.643859e-03
-5.620000e-01 6.710965e-04 2.270608e-03
-5.610000e-01 5.642843e-04 1.902673e-03
-5.600000e-01 4.584394e-04 1.540220e-03
-5.590000e-01 3.535729e-04 1.183416e-03
-5.580000e-01 2.496953e-04 8.324289e-04
-5.570000e-01 1.468171e-04 4.874271e-04
-5.560000e-01 4.494838e-05 1.485793e-04
-5.550000e-01 5.590105e-05 1.839517e-04
-5.540000e-01 1.557217e-04 5.101254e-04
-5.530000e-01 2.545044e-04 8.300065e-04
-5.520000e-01 3.522402e-04 1.143663e-03
-5.510000e-01 4.489205e-04 1.451161e-03
-5.500000e-01 5.445370e-04 1.752568e-03
-5.490000e-01 6.390816e-04 2.047950e-03
-5.480000e-01 7.325467e-04 2.337371e-03
-5.470000e-01 8.249246e-04 2.620898e-03
-5.460000e-01 9.162083e-04 2.898592e-03
-5.450000e-01 1.006391e-03 3.170519e-03
-5.440000e-01 1.095466e-03 3.436741e-03
-5.430000e-01 1.183426e-03 3.697321e-03
-5.420000e-01 1.270267e-03 3.952320e-03
-5.410000e-01 1.355981e-03 4.201799e-03
-5.400000e-01 1.440564e-03 4.445820e-03
-5.390000e-01 1.524010e-03 4.684442e-03
-5.380000e-01 1.606314e-03 4.917725e-03
-5.370000e-01 1.687472e-03 5.145729e-03
-5.360000e-01 1.767478e-03 5.368510e-03
-5.350000e-01 1.846330e-03 5.586129e-03
-5.340000e-01 1.924022e-03 5.798642e-03
-5.330000e-01 2.000551e-03 6.006105e-03
-5.320000e-01 2.075914e-03 6.208576e-03
-5.310000e-01 2.150108e-03 6.406111e-03
-5.300000e-01 2.223129e-03 6.598764e-03
-5.290000e-01 2.294974e-03 6.786591e-03
-5.280000e-01 2.365642e-03 6.969646e-03
-5.270000e-01 2.435131e-03 7.147982e-03
-5.260000e-01 2.503437e-03 7.321655e-03
-5.250000e-01 2.570560e-03 7.490715e-03
-5.240000e-01 2.636497e-03 7.655217e-03
-5.230000e-01 2.701249e-03 7.815211e-03
-5.220000e-01 2.764812e-03 7.970749e-03
-5.210000e-01 2.827188e-03 8.121883e-03
-5.200000e-01 2.888375e-03 8.268662e-03
-5.190000e-01 2.948372e-03 8.411138e-03
-5.180000e-01 3.007180e-03 8.549359e-03
-5.170000e-01 3.064799e-03 8.683376e-03
-5.160000e-01 3.121229e-03 8.813236e-03
-5.150000e-01 3.176470e-03 8.938988e-03
-5.140000e-01 3.230524e-03 9.060680e-03
-5.130000e-01 3.283391e-03 9.178360e-03
-5.120000e-01 3.335072e-03 9.292075e-03
-5.110000e-01 3.385568e-03 9.401871e-03
-5.100000e-01 3.434882e-03 9.507795e-03
-5.090000e-01 3.483014e-03 9.609892e-03
-5.080000e-01 3.529967e-03 9.708208e-03
-5.070000e-01 3.575744e-03 9.802788e-03
-5.060000e-01 3.620345e-03 9.893677e-03
-5.050000e-01 3.663774e-03 9.980919e-03
-5.040000e-01 3.706033e-03 1.006456e-02
-5.030000e-01 3.747126e-03 1.014464e-02
-5.020000e-01 3.787055e-03 1.022120e-02
-5.010000e-01 3.825824e-03 1.029429e-02
-5.000000e-01 3.863436e-03 1.036394e-02
-4.990000e-01 3.899894e-03 1.043021e-02
-4.980000e-01 3.935203e-03 1.049313e-02
-4.970000e-01 3.969365e-03 1.055275e-02
-4.960000e-01 4.002387e-03 1.060910e-02
-4.950000e-01 4.034271e-03 1.066222e-02
-4.940000e-01 4.065022e-03 1.071216e-02
-4.930000e-01 4.094644e-03 1.075896e-02
-4.920000e-01 4.123143e-03 1.080265e-02
-4.910000e-01 4.150524e-03 1.084328e-02
-4.900000e-01 4.176790e-03 1.088088e-02
-4.890000e-01 4.201949e-03 1.091549e-02
-4.880000e-01 4.226004e-03 1.094715e-02
-4.870000e-01 4.248962e-03 1.097591e-02
-4.860000e-01 4.270827e-03 1.100179e-02
-4.850000e-01 4.291607e-03 1.102483e-02
-4.840000e-01 4.311307e-03 1.104507e-02
-4.830000e-01 4.329932e-03 1.106256e-02
-4.820000e-01 4.347489e-03 1.107732e-02
-4.810000e-01 4.363985e-03 1.108939e-02
-4.800000e-01 4.379426e-03 1.109881e-02
-4.790000e-01 4.393818e-03 1.110561e-02
-4.780000e-01 4.407168e-03 1.110983e-02
-4.770000e-01 4.419483e-03 1.111150e-02
-4.760000e-01 4.430770e-03 1.111067e-02
-4.750000e-01 4.441036e-03 1.110735e-02
-4.740000e-01 4.450289e-03 1.110160e-02
-4.730000e-01 4.458534e-03 1.109344e-02
-4.720000e-01 4.465781e-03 1.108291e-02
-4.710000e-01 4.472036e-03 1.107003e-02
-4.700000e-01 4.477307e-03 1.105486e-02
-4.690000e-01 4.481602e-03 1.103741e-02
-4.680000e-01 4.484928e-03 1.101772e-02
-4.670000e-01 4.487294e-03 1.099582e-02
-4.660000e-01 4.488708e-03 1.097175e-02
-4.650000e-01 4.489177e-03 1.094554e-02
-4.640000e-01 4.488710e-03 1.091723e-02
-4.630000e-01 4.487315e-03 1.088683e-02
-4.620000e-01 4.485001e-03 1.085439e-02
-4.610000e-01 4.481775e-03 1.081994e-02
-4.600000e-01 4.477648e-03 1.078351e-02
-4.590000e-01 4.472626e-03 1.074512e-02
-4.580000e-01 4.466720e-03 1.070482e-02
-4.570000e-01 4.459937e-03 1.066263e-02
-4.560000e-01 4.452287e-03 1.061859e-02
-4.550000e-01 4.443778e-03 1.057271e-02
-4.540000e-01 4.434420e-03 1.052504e-02
-4.530000e-01 4.424221e-03 1.047561e-02
-4.520000e-01 4.413192e-03 1.042444e-02
-4.510000e-01 4.401340e-03 1.037157e-02
-4.500000e-01 4.388676e-03 1.031701e-02
-4.490000e-01 4.375208e-03 1.026082e-02
-4.480000e-01 4.360947e-03 1.020301e-02
-4.470000e-01 4.345901e-03 1.014361e-02
-4.460000e-01 4.330079e-03 1.008265e-02
-4.450000e-01 4.313493e-03 1.002016e-02
-4.440000e-01 4.296150e-03 9.956180e-03
-4.430000e-01 4.278061e-03 9.890725e-03
-4.420000e-01 4.259236e-03 9.823829e-03
-4.410000e-01 4.239684e-03 9.755519e-03
-4.400000e-01 4.219415e-03 9.685825e-03
-4.390000e-01 4.198439e-03 9.614776e-03
-4.380000e-01 4.176766e-03 9.542398e-03
-4.370000e-01 4.154405e-03 9.468722e-03
-4.360000e-01 4.131366e-03 9.393774e-03
-4.350000e-01 4.107660e-03 9.317583e-03
-4.340000e-01 4.083297e-03 9.240177e-03
-4.330000e-01 4.058286e-03 9.161584e-03
-4.320000e-01 4.032638e-03 9.081831e-03
-4.310000e-01 4.006362e-03 9.000946e-03
-4.300000e-01 3.979469e-03 8.918957e-03
-4.290000e-01 3.951969e-03 8.835892e-03
-4.280000e-01 3.923872e-03 8.751778e-03
-4.270000e-01 3.895188e-03 8.666641e-03
-4.260000e-01 3.865927e-03 8.580511e-03
-4.250000e-01 3.836100e-03 8.493413e-03
-4.240000e-01 3.805717e-03 8.405376e-03
-4.230000e-01 3.774787e-03 8.316426e-03
-4.220000e-01 3.743322e-03 8.226590e-03
-4.210000e-01 3.711330e-03 8.135896e-03
-4.200000e-01 3.678824e-03 8.044370e-03
-4.190000e-01 3.645812e-03 7.952040e-03
-4.180000e-01 3.612305e-03 7.858933e-03
-4.170000e-01 3.578314e-03 7.765074e-03
-4.160000e-01 3.543848e-03 7.670493e-03
-4.150000e-01 3.508918e-03 7.575214e-03
-4.140000e-01 3.473534e-03 7.479265e-03
-4.130000e-01 3.437706e-03 7.382673e-03
-4.120000e-01 3.401444e-03 7.285465e-03
-4.110000e-01 3.364759e-03 7.187666e-03
-4.100000e-01 3.327661e-03 7.089305e-03
-4.090000e-01 3.290159e-03 6.990408e-03
-4.080000e-01 3.252265e-03 6.891001e-03
-4.070000e-01 3.213989e-03 6.791111e-03
-4.060000e-01 3.175339e-03 6.690765e-03
-4.050000e-01 3.136327e-03 6.589989e-03
-4.040000e-01 3.096963e-03 6.488811e-03
-4.030000e-01 3.057257e-03 6.387257e-03
-4.020000e-01 3.017218e-03 6.285353e-03
-4.010000e-01 2.976858e-03 6.183127e-03
-4.000000e-01 2.936185e-03 6.080605e-03
-3.990000e-01 2.895210e-03 5.977814e-03
-3.980000e-01 2.853942e-03 5.874781e-03
-3.970000e-01 2.812393e-03 5.771532e-03
-3.960000e-01 2.770571e-03 5.668095e-03
-3.950000e-01 2.728486e-03 5.564495e-03
-3.940000e-01 2.686149e-03 5.460761e-03
-3.930000e-01 2.643569e-03 5.356918e-03
-3.920000e-01 2.600756e-03 5.252995e-03
-3.910000e-01 2.557719e-03 5.149017e-03
-3.900000e-01 2.514469e-03 5.045012e-03
-3.890000e-01 2.471014e-03 4.941006e-03
-3.880000e-01 2.427366e-03 4.837028e-03
-3.870000e-01 2.383532e-03 4.733103e-03
-3.860000e-01 2.339523e-03 4.629260e-03
-3.850000e-01 2.295348e-03 4.525525e-03
-3.840000e-01 2.251016e-03 4.421926e-03
-3.830000e-01 2.206538e-03 4.318490e-03
-3.820000e-01 2.161921e-03 4.215244e-03
-3.810000e-01 2.117177e-03 4.112216e-03
-3.800000e-01 2.072313e-03 4.009434e-03
-3.790000e-01 2.027339e-03 3.906924e-03
-3.780000e-01 1.982264e-03 3.804715e-03
-3.770000e-01 1.937098e-03 3.702834e-03
-3.760000e-01 1.891849e-03 3.601309e-03
-3.750000e-01 1.846526e-03 3.500168e-03
-3.740000e-01 1.801139e-03 3.399438e-03
-3.730000e-01 1.755696e-03 3.299149e-03
-3.720000e-01 1.710205e-03 3.199327e-03
-3.710000e-01 1.664677e-03 3.100001e-03
-3.700000e-01 1.619118e-03 3.001199e-03
-3.690000e-01 1.573539e-03 2.902949e-03
-3.680000e-01 1.527948e-03 2.805280e-03
-3.670000e-01 1.482353e-03 2.708221e-03
-3.660000e-01 1.436762e-03 2.611799e-03
-3.650000e-01 1.391184e-03 2.516044e-03
-3.640000e-01 1.345628e-03 2.420985e-03
-3.630000e-01 1.300101e-03 2.326649e-03
-3.620000e-01 1.254613e-03 2.233066e-03
-3.610000e-01 1.209170e-03 2.140265e-03
-3.600000e-01 1.163782e-03 2.048276e-03
-3.590000e-01 1.118455e-03 1.957127e-03
-3.580000e-01 1.073199e-03 1.866847e-03
-3.570000e-01 1.028020e-03 1.777467e-03
-3.560000e-01 9.829273e-04 1.689016e-03
-3.550000e-01 9.379280e-04 1.601523e-03
-3.540000e-01 8.930297e-04 1.515018e-03
-3.530000e-01 8.482402e-04 1.429531e-03
-3.520000e-01 8.035669e-04 1.345092e-03
-3.510000e-01 7.590173e-04 1.261731e-03
-3.500000e-01 7.145987e-04 1.179479e-03
-3.490000e-01 6.703185e-04 1.098365e-03
-3.480000e-01 6.261838e-04 1.018420e-03
-3.470000e-01 5.822019e-04 9.396754e-04
-3.460000e-01 5.383798e-04 8.621607e-04
-3.450000e-01 4.947245e-04 7.859072e-04
-3.440000e-01 4.512430e-04 7.109458e-04
-3.430000e-01 4.079420e-04 6.373077e-04
-3.420000e-01 3.648284e-04 5.650239e-04
-3.410000e-01 3.219089e-04 4.941258e-04
-3.400000e-01 2.791900e-04 4.246448e-04
-3.390000e-01 2.366783e-04 3.566126e-04
-3.380000e-01 1.943803e-04 2.900608e-04
-3.370000e-01 1.523023e-04 2.250213e-04
-3.360000e-01 1.104507e-04 1.615261e-04
-3.350000e-01 6.883165e-05 9.960728e-05
-3.340000e-01 2.745129e-05 3.929710e-05
-3.330000e-01 1.368430e-05 1.937239e-05
-3.320000e-01 5.456915e-05 7.639017e-05
-3.310000e-01 9.519736e-05 1.317779e-04
-3.300000e-01 1.355631e-04 1.855598e-04
-3.290000e-01 1.756607e-04 2.377602e-04
-3.280000e-01 2.154844e-04 2.884030e-04
-3.270000e-01 2.550288e-04 3.375121e-04
-3.260000e-01 2.942882e-04 3.851113e-04
-3.250000e-01 3.332574e-04 4.312241e-04
-3.240000e-01 3.719309e-04 4.758741e-04
-3.230000e-01 4.103036e-04 5.190844e-04
-3.220000e-01 4.483703e-04 5.608782e-04
-3.210000e-01 4.861260e-04 6.012785e-04
-3.200000e-01 5.235656e-04 6.403082e-04
-3.190000e-01 5.606842e-04 6.779899e-04
-3.180000e-01 5.974771e-04 7.143462e-04
-3.170000e-01 6.339395e-04 7.493995e-04
-3.160000e-01 6.700668e-04 7.831719e-04
-3.150000e-01 7.058543e-04 8.156855e-04
-3.140000e-01 7.412977e-04 8.469623e-04
-3.130000e-01 7.763925e-04 8.770239e-04
-3.120000e-01 8.111344e-04 9.058920e-04
-3.110000e-01 8.455192e-04 9.335880e-04
-3.100000e-01 8.795428e-04 9.601332e-04
-3.090000e-01 9.132011e-04 9.855486e-04
-3.080000e-01 9.464901e-04 1.009855e-03
-3.070000e-01 9.794060e-04 1.033074e-03
-3.060000e-01 1.011945e-03 1.055225e-03
-3.050000e-01 1.044103e-03 1.076330e-03
-3.040000e-01 1.075877e-03 1.096407e-03
-3.030000e-01 1.107264e-03 1.115478e-03
-3.020000e-01 1.138259e-03 1.133563e-03
-3.010000e-01 1.168859e-03 1.150681e-03
-3.000000e-01 1.199062e-03 1.166852e-03
-2.990000e-01 1.228863e-03 1.182095e-03
-2.980000e-01 1.258260e-03 1.196429e-03
-2.970000e-01 1.287250e-03 1.209875e-03
-2.960000e-01 1.315829e-03 1.222450e-03
-2.950000e-01 1.343996e-03 1.234173e-03
-2.940000e-01 1.371747e-03 1.245063e-03
-2.930000e-01 1.399079e-03 1.255139e-03
-2.920000e-01 1.425990e-03 1.264419e-03
-2.910000e-01 1.452477e-03 1.272921e-03
-2.900000e-01 1.478538e-03 1.280662e-03
-2.890000e-01 1.504171e-03 1.287660e-03
-2.880000e-01 1.529373e-03 1.293934e-03
-2.870000e-01 1.554142e-03 1.299500e-03
-2.860000e-01 1.578476e-03 1.304376e-03
-2.850000e-01 1.602373e-03 1.308579e-03
-2.840000e-01 1.625831e-03 1.312125e-03
-2.830000e-01 1.648849e-03 1.315031e-03
-2.820000e-01 1.671423e-03 1.317315e-03
-2.810000e-01 1.693553e-03 1.318991e-03
-2.800000e-01 1.715238e-03 1.320077e-03
-2.790000e-01 1.736475e-03 1.320588e-03
-2.780000e-01 1.757262e-03 1.320540e-03
-2.770000e-01 1.777600e-03 1.319948e-03
-2.760000e-01 1.797486e-03 1.318829e-03
-2.750000e-01 1.816919e-03 1.317198e-03
-2.740000e-01 1.835899e-03 1.315069e-03
-2.730000e-01 1.854423e-03 1.312458e-03
-2.720000e-01 1.872492e-03 1.309378e-03
-2.710000e-01 1.890103e-03 1.305846e-03
-2.700000e-01 1.907258e-03 1.301875e-03
-2.690000e-01 1.923953e-03 1.297479e-03
-2.680000e-01 1.940190e-03 1.292672e-03
-2.670000e-01 1.955967e-03 1.287469e-03
-2.660000e-01 1.971285e-03 1.281883e-03
-2.650000e-01 1.986141e-03 1.275927e-03
-2.640000e-01 2.000537e-03 1.269615e-03
-2.630000e-01 2.014472e-03 1.262960e-03
-2.620000e-01 2.027945e-03 1.255974e-03
-2.610000e-01 2.040957e-03 1.248671e-03
-2.600000e-01 2.053508e-03 1.241063e-03
-2.590000e-01 2.065597e-03 1.233163e-03
-2.580000e-01 2.077225e-03 1.224982e-03
-2.570000e-01 2.088392e-03 1.216533e-03
-2.560000e-01 2.099098e-03 1.207828e-03
-2.550000e-01 2.109343e-03 1.198878e-03
-2.540000e-01 2.119129e-03 1.189695e-03
-2.530000e-01 2.128454e-03 1.180290e-03
-2.520000e-01 2.137321e-03 1.170674e-03
-2.510000e-01 2.145729e-03 1.160859e-03
-2.500000e-01 2.153679e-03 1.150854e-03
-2.490000e-01 2.161172e-03 1.140672e-03
-2.480000e-01 2.168209e-03 1.130321e-03
-2.470000e-01 2.174791e-03 1.119812e-03
-2.460000e-01 2.180918e-03 1.109155e-03
-2.450000e-01 2.186592e-03 1.098361e-03
-2.440000e-01 2.191813e-03 1.087439e-03
-2.430000e-01 2.196584e-03 1.076397e-03
-2.420000e-01 2.200905e-03 1.065247e-03
-2.410000e-01 2.204777e-03 1.053996e-03
-2.400000e-01 2.208202e-03 1.042654e-03
-2.390000e-01 2.211181e-03 1.031230e-03
-2.380000e-01 2.213716e-03 1.019731e-03
-2.370000e-01 2.215809e-03 1.008168e-03
-2.360000e-01 2.217460e-03 9.965468e-04
-2.350000e-01 2.218672e-03 9.848768e-04
-2.340000e-01 2.219446e-03 9.731656e-04
-2.330000e-01 2.219785e-03 9.614208e-04
-2.320000e-01 2.219689e-03 9.496501e-04
-2.310000e-01 2.219162e-03 9.378607e-04
-2.300000e-01 2.218204e-03 9.260599e-04
-2.290000e-01 2.216819e-03 9.142545e-04
-2.280000e-01 2.215007e-03 9.024515e-04
-2.270000e-01 2.212772e-03 8.906574e-04
-2.260000e-01 2.210116e-03 8.788788e-04
-2.250000e-01 2.207040e-03 8.671218e-04
-2.240000e-01 2.203547e-03 8.553926e-04
-2.230000e-01 2.199640e-03 8.436972e-04
-2.220000e-01 2.195321e-03 8.320412e-04
-2.210000e-01 2.190592e-03 8.204302e-04
-2.200000e-01 2.185457e-03 8.088697e-04
-2.190000e-01 2.179917e-03 7.973648e-04
-2.180000e-01 2.173975e-03 7.859206e-04
-2.170000e-01 2.167635e-03 7.745419e-04
-2.160000e-01 2.160898e-03 7.632334e-04
-2.150000e-01 2.153768e-03 7.519997e-04
-2.140000e-01 2.146247e-03 7.408451e-04
-2.130000e-01 2.138339e-03 7.297737e-04
-2.120000e-01 2.130046e-03 7.187895e-04
-2.110000e-01 2.121372e-03 7.078964e-04
-2.100000e-01 2.112319e-03 6.970980e-04
-2.090000e-01 2.102890e-03 6.863978e-04
-2.080000e-01 2.093090e-03 6.757990e-04
-2.070000e-01 2.082920e-03 6.653047e-04
-2.060000e-01 2.072385e-03 6.549180e-04
-2.050000e-01 2.061487e-03 6.446416e-04
-2.040000e-01 2.050229e-03 6.344781e-04
-2.030000e-01 2.038616e-03 6.244300e-04
-2.020000e-01 2.026651e-03 6.144994e-04
-2.010000e-01 2.014337e-03 6.046886e-04
-2.000000e-01 2.001677e-03 5.949993e-04
-1.990000e-01 1.988675e-03 5.854335e-04
-1.980000e-01 1.975335e-03 5.759926e-04
-1.970000e-01 1.961661e-03 5.666780e-04
-1.960000e-01 1.947655e-03 5.574911e-04
-1.950000e-01 1.933323e-03 5.484329e-04
-1.940000e-01 1.918666e-03 5.395042e-04
-1.930000e-01 1.903690e-03 5.307059e-04
-1.920000e-01 1.888398e-03 5.220385e-04
-1.910000e-01 1.872794e-03 5.135024e-04
-1.900000e-01 1.856881e-03 5.050979e-04
-1.890000e-01 1.840664e-03 4.968250e-04
-1.880000e-01 1.824147e-03 4.886837e-04
-1.870000e-01 1.807334e-03 4.806736e-04
-1.860000e-01 1.790228e-03 4.727944e-04
-1.850000e-01 1.772833e-03 4.650454e-04
-1.840000e-01 1.755155e-03 4.574260e-04
-1.830000e-01 1.737196e-03 4.499351e-04
-1.820000e-01 1.718961e-03 4.425718e-04
-1.810000e-01 1.700454e-03 4.353348e-04
-1.800000e-01 1.681680e-03 4.282227e-04
-1.790000e-01 1.662642e-03 4.212339e-04
-1.780000e-01 1.643344e-03 4.143667e-04
-1.770000e-01 1.623792e-03 4.076192e-04
-1.760000e-01 1.603989e-03 4.009893e-04
-1.750000e-01 1.583940e-03 3.944749e-04
-1.740000e-01 1.563649e-03 3.880736e-04
-1.730000e-01 1.543120e-03 3.817829e-04
-1.720000e-01 1.522357e-03 3.756000e-04
-1.710000e-01 1.501366e-03 3.695222e-04
-1.700000e-01 1.480150e-03 3.635464e-04
-1.690000e-01 1.458715e-03 3.576695e-04
-1.680000e-01 1.437063e-03 3.518881e-04
-1.670000e-01 1.415201e-03 3.461988e-04
-1.660000e-01 1.393132e-03 3.405980e-04
-1.650000e-01 1.370861e-03 3.350818e-04
-1.640000e-01 1.348392e-03 3.296464e-04
-1.630000e-01 1.325731e-03 3.242876e-04
-1.620000e-01 1.302881e-03 3.190012e-04
-1.610000e-01 1.279847e-03 3.137828e-04
-1.600000e-01 1.256634e-03 3.086279e-04
-1.590000e-01 1.233246e-03 3.035317e-04
-1.580000e-01 1.209688e-03 2.984893e-04
-1.570000e-01 1.185965e-03 2.934959e-04
-1.560000e-01 1.162081e-03 2.885461e-04
-1.550000e-01 1.138041e-03 2.836347e-04
-1.540000e-01 1.113849e-03 2.787562e-04
-1.530000e-01 1.089511e-03 2.739051e-04
-1.520000e-01 1.065030e-03 2.690755e-04
-1.510000e-01 1.040413e-03 2.642615e-04
-1.500000e-01 1.015662e-03 2.594571e-04
-1.490000e-01 9.907835e-04 2.546561e-04
-1.480000e-01 9.657816e-04 2.498521e-04
-1.470000e-01 9.406612e-04 2.450386e-04
-1.460000e-01 9.154269e-04 2.402089e-04
-1.450000e-01 8.900834e-04 2.353564e-04
-1.440000e-01 8.646355e-04 2.304739e-04
-1.430000e-01 8.390879e-04 2.255545e-04
-1.420000e-01 8.134453e-04 2.205909e-04
-1.410000e-01 7.877125e-04 2.155757e-04
-1.400000e-01 7.618941e-04 2.105015e-04
-1.390000e-01 7.359949e-04 2.053605e-04
-1.380000e-01 7.100197e-04 2.001449e-04
-1.370000e-01 6.839731e-04 1.948469e-04
-1.360000e-01 6.578600e-04 1.894583e-04
-1.350000e-01 6.316849e-04 1.839708e-04
-1.340000e-01 6.054526e-04 1.783762e-04
-1.330000e-01 5.791679e-04 1.726658e-04
-1.320000e-01 5.528355e-04 1.668312e-04
-1.310000e-01 5.264600e-04 1.608633e-04
-1.300000e-01 5.000461e-04 1.547535e-04
-1.290000e-01 4.735986e-04 1.484924e-04
-1.280000e-01 4.471222e-04 1.420711e-04
-1.270000e-01 4.206214e-04 1.354800e-04
-1.260000e-01 3.941010e-04 1.287098e-04
-1.250000e-01 3.675657e-04 1.217508e-04
-1.240000e-01 3.410201e-04 1.145932e-04
-1.230000e-01 3.144688e-04 1.072273e-04
-1.220000e-01 2.879165e-04 9.964283e-05
-1.210000e-01 2.613677e-04 9.182980e-05
-1.200000e-01 2.348272e-04 8.377787e-05
-1.190000e-01 2.082994e-04 7.547660e-05
-1.180000e-01 1.817890e-04 6.691545e-05
-1.170000e-01 1.553006e-04 5.808371e-05
-1.160000e-01 1.288387e-04 4.897056e-05
-1.150000e-01 1.024077e-04 3.956504e-05
-1.140000e-01 7.601236e-05 2.985606e-05
-1.130000e-01 4.965706e-05 1.983240e-05
-1.120000e-01 2.334631e-05 9.482710e-06
-1.110000e-01 2.915409e-06 1.204489e-06
-1.100000e-01 2.912365e-05 1.223532e-05
-1.090000e-01 5.527396e-05 2.360025e-05
-1.080000e-01 8.136194e-05 3.528706e-05
-1.070000e-01 1.073832e-04 4.728367e-05
-1.060000e-01 1.333333e-04 5.957811e-05
-1.050000e-01 1.592079e-04 7.215855e-05
-1.040000e-01 1.850027e-04 8.501329e-05
-1.030000e-01 2.107134e-04 9.813073e-05
-1.020000e-01 2.363357e-04 1.114994e-04
-1.010000e-01 2.618652e-04 1.251081e-04
-1.000000e-01 2.872978e-04 1.389454e-04
-9.900000e-02 3.126292e-04 1.530004e-04
-9.800000e-02 3.378553e-04 1.672622e-04
-9.700000e-02 3.629717e-04 1.817198e-04
-9.600000e-02 3.879745e-04 1.963625e-04
-9.500000e-02 4.128595e-04 2.111799e-04
-9.400000e-02 4.376225e-04 2.261613e-04
-9.300000e-02 4.622595e-04 2.412966e-04
-9.200000e-02 4.867665e-04 2.565755e-04
-9.100000e-02 5.111394e-04 2.719879e-04
-9.000000e-02 5.353742e-04 2.875238e-04
-8.900000e-02 5.594670e-04 3.031733e-04
-8.800000e-02 5.834139e-04 3.189269e-04
-8.700000e-02 6.072109e-04 3.347747e-04
-8.600000e-02 6.308542e-04 3.507075e-04
-8.500000e-02 6.543399e-04 3.667157e-04
-8.400000e-02 6.776643e-04 3.827902e-04
-8.300000e-02 7.008234e-04 3.989218e-04
-8.200000e-02 7.238137e-04 4.151016e-04
-8.100000e-02 7.466314e-04 4.313205e-04
-8.000000e-02 7.692727e-04 4.475699e-04
-7.900000e-02 7.917342e-04 4.638411e-04
-7.800000e-02 8.140120e-04 4.801255e-04
-7.700000e-02 8.361027e-04 4.964148e-04
-7.600000e-02 8.580027e-04 5.127006e-04
-7.500000e-02 8.797085e-04 5.289748e-04
-7.400000e-02 9.012166e-04 5.452292e-04
-7.300000e-02 9.225235e-04 5.614559e-04
-7.200000e-02 9.436260e-04 5.776471e-04
-7.100000e-02 9.645205e-04 5.937950e-04
-7.000000e-02 9.852038e-04 6.098920e-04
-6.900000e-02 1.005673e-03 6.259307e-04
-6.800000e-02 1.025924e-03 6.419035e-04
-6.700000e-02 1.045954e-03 6.578034e-04
-6.600000e-02 1.065759e-03 6.736230e-04
-6.500000e-02 1.085338e-03 6.893555e-04
-6.400000e-02 1.104686e-03 7.049937e-04
-6.300000e-02 1.123801e-03 7.205310e-04
-6.200000e-02 1.142679e-03 7.359605e-04
-6.100000e-02 1.161317e-03 7.512757e-04
-6.000000e-02 1.179713e-03 7.664702e-04
-5.900000e-02 1.197864e-03 7.815375e-04
-5.800000e-02 1.215767e-03 7.964713e-04
-5.700000e-02 1.233418e-03 8.112656e-04
-5.600000e-02 1.250816e-03 8.259143e-04
-5.500000e-02 1.267958e-03 8.404114e-04
-5.400000e-02 1.284840e-03 8.547511e-04
-5.300000e-02 1.301460e-03 8.689278e-04
-5.200000e-02 1.317816e-03 8.829357e-04
-5.100000e-02 1.333905e-03 8.967695e-04
-5.000000e-02 1.349724e-03 9.104237e-04
-4.900000e-02 1.365271e-03 9.238930e-04
-4.800000e-02 1.380544e-03 9.371723e-04
-4.700000e-02 1.395540e-03 9.502565e-04
-4.600000e-02 1.410256e-03 9.631407e-04
-4.500000e-02 1.424692e-03 9.758201e-04
-4.400000e-02 1.438843e-03 9.882898e-04
-4.300000e-02 1.452709e-03 1.000545e-03
-4.200000e-02 1.466286e-03 1.012582e-03
-4.100000e-02 1.479574e-03 1.024395e-03
-4.000000e-02 1.492569e-03 1.035981e-03
-3.900000e-02 1.505270e-03 1.047336e-03
-3.800000e-02 1.517674e-03 1.058454e-03
-3.700000e-02 1.529781e-03 1.069333e-03
-3.600000e-02 1.541587e-03 1.079968e-03
-3.500000e-02 1.553091e-03 1.090356e-03
-3.400000e-02 1.564292e-03 1.100492e-03
-3.300000e-02 1.575188e-03 1.110374e-03
-3.200000e-02 1.585776e-03 1.119997e-03
-3.100000e-02 1.596056e-03 1.129360e-03
-3.000000e-02 1.606025e-03 1.138457e-03
-2.900000e-02 1.615683e-03 1.147286e-03
-2.800000e-02 1.625027e-03 1.155845e-03
-2.700000e-02 1.634056e-03 1.164129e-03
-2.600000e-02 1.642769e-03 1.172137e-03
-2.500000e-02 1.651165e-03 1.179866e-03
-2.400000e-02 1.659242e-03 1.187312e-03
-2.300000e-02 1.666998e-03 1.194474e-03
-2.200000e-02 1.674434e-03 1.201348e-03
-2.100000e-02 1.681547e-03 1.207933e-03
-2.000000e-02 1.688337e-03 1.214227e-03
-1.900000e-02 1.694802e-03 1.220227e-03
-1.800000e-02 1.700941e-03 1.225932e-03
-1.700000e-02 1.706754e-03 1.231339e-03
-1.600000e-02 1.712240e-03 1.236446e-03
-1.500000e-02 1.717397e-03 1.241252e-03
-1.400000e-02 1.722226e-03 1.245756e-03
-1.300000e-02 1.726724e-03 1.249956e-03
-1.200000e-02 1.730892e-03 1.253850e-03
-1.100000e-02 1.734729e-03 1.257437e-03
-1.000000e-02 1.738235e-03 1.260716e-03
-9.000000e-03 1.741408e-03 1.263687e-03
-8.000000e-03 1.744249e-03 1.266347e-03
-7.000000e-03 1.746756e-03 1.268696e-03
-6.000000e-03 1.748930e-03 1.270734e-03
-5.000000e-03 1.750770e-03 1.272459e-03
-4.000000e-03 1.752275e-03 1.273871e-03
-3.000000e-03 1.753447e-03 1.274970e-03
-2.000000e-03 1.754284e-03 1.275755e-03
-1.000000e-03 1.754786e-03 1.276227e-03
8.812395e-16 1.754953e-03 1.276384e-03
1.000000e-03 1.754786e-03 1.276227e-03
2.000000e-03 1.754284e-03 1.275755e-03
3.000000e-03 1.753447e-03 1.274970e-03
4.000000e-03 1.752275e-03 1.273871e-03
5.000000e-03 1.750770e-03 1.272459e-03
6.000000e-03 1.748930e-03 1.270734e-03
7.000000e-03 1.746756e-03 1.268696e-03
8.000000e-03 1.744249e-03 1.266347e-03
9.000000e-03 1.741408e-03 1.263687e-03
1.000000e-02 1.738235e-03 1.260716e-03
1.100000e-02 1.734729e-03 1.257437e-03
1.200000e-02 1.730892e-03 1.253850e-03
1.300000e-02 1.726724e-03 1.249956e-03
1.400000e-02 1.722226e-03 1.245756e-03
1.500000e-02 1.717397e-03 1.241252e-03
1.600000e-02 1.712240e-03 1.236446e-03
1.700000e-02 1.706754e-03 1.231339e-03
1.800000e-02 1.700941e-03 1.225932e-03
1.900000e-02 1.694802e-03 1.220227e-03
2.000000e-02 1.688337e-03 1.214227e-03
2.100000e-02 1.681547e-03 1.207933e-03
2.200000e-02 1.674434e-03 1.201348e-03
2.300000e-02 1.666998e-03 1.194474e-03
2.400000e-02 1.659242e-03 1.187312e-03
2.500000e-02 1.651165e-03 1.179866e-03
2.600000e-02 1.642769e-03 1.172137e-03
2.700000e-02 1.634056e-03 1.164129e-03
2.800000e-02 1.625027e-03 1.155845e-03
2.900000e-02 1.615683e-03 1.147286e-03
3.000000e-02 1.606025e-03 1.138457e-03
3.100000e-02 1.596056e-03 1.129360e-03
3.200000e-02 1.585776e-03 1.119997e-03
3.300000e-02 1.575188e-03 1.110374e-03
3.400000e-02 1.564292e-03 1.100492e-03
3.500000e-02 1.553091e-03 1.090356e-03
3.600000e-02 1.541587e-03 1.079968e-03
3.700000e-02 1.529781e-03 1.069333e-03
3.800000e-02 1.517674e-03 1.058454e-03
3.900000e-02 1.505270e-03 1.047336e-03
4.000000e-02 1.492569e-03 1.035981e-03
4.100000e-02 1.479574e-03 1.024395e-03
4.200000e-02 1.466286e-03 1.012582e-03
4.300000e-02 1.452709e-03 1.000545e-03
4.400000e-02 1.438843e-03 9.882898e-04
4.500000e-02 1.424692e-03 9.758201e-04
4.600000e-02 1.410256e-03 9.631407e-04
4.700000e-02 1.395540e-03 9.502565e-04
4.800000e-02 1.380544e-03 9.371723e-04
4.900000e-02 1.365271e-03 9.238930e-04
5.000000e-02 1.349724e-03 9.104237e-04
5.100000e-02 1.333905e-03 8.967695e-04
5.200000e-02 1.317816e-03 8.829357e-04
5.300000e-02 1.301460e-03 8.689278e-04
5.400000e-02 1.284840e-03 8.547511e-04
5.500000e-02 1.267958e-03 8.404114e-04
5.600000e-02 1.250816e-03 8.259143e-04
5.700000e-02 1.233418e-03 8.112656e-04
5.800000e-02 1.215767e-03 7.964713e-04
5.900000e-02 1.197864e-03 7.815375e-04
6.000000e-02 1.179713e-03 7.664702e-04
6.100000e-02 1.161317e-03 7.512757e-04
6.200000e-02 1.142679e-03 7.359605e-04
6.300000e-02 1.123801e-03 7.205310e-04
6.400000e-02 1.104686e-03 7.049937e-04
6.500000e-02 1.085338e-03 6.893555e-04
6.600000e-02 1.065759e-03 6.736230e-04
6.700000e-02 1.045954e-03 6.578034e-04
6.800000e-02 1.025924e-03 6.419035e-04
6.900000e-02 1.005673e-03 6.259307e-04
7.000000e-02 9.852038e-04 6.098920e-04
7.100000e-02 9.645205e-04 5.937950e-04
7.200000e-02 9.436260e-04 5.776471e-04
7.300000e-02 9.225235e-04 5.614559e-04
7.400000e-02 9.012166e-04 5.452292e-04
7.500000e-02 8.797085e-04 5.289748e-04
7.600000e-02 8.580027e-04 5.127006e-04
7.700000e-02 8.361027e-04 4.964148e-04
7.800000e-02 8.140120e-04 4.801255e-04
7.900000e-02 7.917342e-04 4.638411e-04
8.000000e-02 7.692727e-04 4.475699e-04
8.100000e-02 7.466314e-04 4.313205e-04
8.200000e-02 7.238137e-04 4.151016e-04
8.300000e-02 7.008234e-04 3.989218e-04
8.400000e-02 6.776643e-04 3.827902e-04
8.500000e-02 6.543399e-04 3.667157e-04
8.600000e-02 6.308542e-04 3.507075e-04
8.700000e-02 6.072109e-04 3.347747e-04
8.800000e-02 5.834139e-04 3.189269e-04
8.900000e-02 5.594670e-04 3.031733e-04
9.000000e-02 5.353742e-04 2.875238e-04
9.100000e-02 5.111394e-04 2.719879e-04
9.200000e-02 4.867665e-04 2.565755e-04
9.300000e-02 4.622595e-04 2.412966e-04
9.400000e-02 4.376225e-04 2.261613e-04
9.500000e-02 4.128595e-04 2.111799e-04
9.600000e-02 3.879745e-04 1.963625e-04
9.700000e-02 3.629717e-04 1.817198e-04
9.800000e-02 3.378553e-04 1.672622e-04
9.900000e-02 3.126292e-04 1.530004e-04
1.000000e-01 2.872978e-04 1.389454e-04
1.010000e-01 2.618652e-04 1.251081e-04
1.020000e-01 2.363357e-04 1.114994e-04
1.030000e-01 2.107134e-04 9.813073e-05
1.040000e-01 1.850027e-04 8.501329e-05
1.050000e-01 1.592079e-04 7.215855e-05
1.060000e-01 1.333333e-04 5.957811e-05
1.070000e-01 1.073832e-04 4.728367e-05
1.080000e-01 8.136194e-05 3.528706e-05
1.090000e-01 5.527396e-05 2.360025e-05
1.100000e-01 2.912365e-05 1.223532e-05
1.110000e-01 2.915409e-06 1.204489e-06
1.120000e-01 2.334631e-05 9.482710e-06
1.130000e-01 4.965706e-05 1.983240e-05
1.140000e-01 7.601236e-05 2.985606e-05
1.150000e-01 1.024077e-04 3.956504e-05
1.160000e-01 1.288387e-04 4.897056e-05
1.170000e-01 1.553006e-04 5.808371e-05
1.180000e-01 1.817890e-04 6.691545e-05
1.190000e-01 2.082994e-04 7.547660e-05
1.200000e-01 2.348272e-04 8.377787e-05
1.210000e-01 2.613677e-04 9.182980e-05
1.220000e-01 2.879165e-04 9.964283e-05
1.230000e-01 3.144688e-04 1.072273e-04
1.240000e-01 3.410201e-04 1.145932e-04
1.250000e-01 3.675657e-04 1.217508e-04
1.260000e-01 3.941010e-04 1.287098e-04
1.270000e-01 4.206214e-04 1.354800e-04
1.280000e-01 4.471222e-04 1.420711e-04
1.290000e-01 4.735986e-04 1.484924e-04
1.300000e-01 5.000461e-04 1.547535e-04
1.310000e-01 5.264600e-04 1.608633e-04
1.320000e-01 5.528355e-04 1.668312e-04
1.330000e-01 5.791679e-04 1.726658e-04
1.340000e-01 6.054526e-04 1.783762e-04
1.350000e-01 6.316849e-04 1.839708e-04
1.360000e-01 6.578600e-04 1.894583e-04
1.370000e-01 6.839731e-04 1.948469e-04
1.380000e-01 7.100197e-04 2.001449e-04
1.390000e-01 7.359949e-04 2.053605e-04
1.400000e-01 7.618941e-04 2.105015e-04
1.410000e-01 7.877125e-04 2.155757e-04
1.420000e-01 8.134453e-04 2.205909e-04
1.430000e-01 8.390879e-04 2.255545e-04
1.440000e-01 8.646355e-04 2.304739e-04
1.450000e-01 8.900834e-04 2.353564e-04
1.460000e-01 9.154269e-04 2.402089e-04
1.470000e-01 9.406612e-04 2.450386e-04
1.480000e-01 9.657816e-04 2.498521e-04
1.490000e-01 9.907835e-04 2.546561e-04
1.500000e-01 1.015662e-03 2.594571e-04
1.510000e-01 1.040413e-03 2.642615e-04
1.520000e-01 1.065030e-03 2.690755e-04
1.530000e-01 1.089511e-03 2.739051e-04
1.540000e-01 1.113849e-03 2.787562e-04
1.550000e-01 1.138041e-03 2.836347e-04
1.560000e-01 1.162081e-03 2.885461e-04
1.570000e-01 1.185965e-03 2.934959e-04
1.580000e-01 1.209688e-03 2.984893e-04
1.590000e-01 1.233246e-03 3.035317e-04
1.600000e-01 1.256634e-03 3.086279e-04
1.610000e-01 1.279847e-03 3.137828e-04
1.620000e-01 1.302881e-03 3.190012e-04
1.630000e-01 1.325731e-03 3.242876e-04
1.640000e-01 1.348392e-03 3.296464e-04
1.650000e-01 1.370861e-03 3.350818e-04
1.660000e-01 1.393132e-03 3.405980e-04
1.670000e-01 1.415201e-03 3.461988e-04
1.680000e-01 1.437063e-03 3.518881e-04
1.690000e-01 1.458715e-03 3.576695e-04
1.700000e-01 1.480150e-03 3.635464e-04
1.710000e-01 1.501366e-03 3.695222e-04
1.720000e-01 1.522357e-03 3.756000e-04
1.730000e-01 1.543120e-03 3.817829e-04
1.740000e-01 1.563649e-03 3.880736e-04
1.750000e-01 1.583940e-03 3.944749e-04
1.760000e-01 1.603989e-03 4.009893e-04
1.770000e-01 1.623792e-03 4.076192e-04
1.780000e-01 1.643344e-03 4.143667e-04
1.790000e-01 1.662642e-03 4.212339e-04
1.800000e-01 1.681680e-03 4.282227e-04
1.810000e-01 1.700454e-03 4.353348e-04
1.820000e-01 1.718961e-03 4.425718e-04
1.830000e-01 1.737196e-03 4.499351e-04
1.840000e-01 1.755155e-03 4.574260e-04
1.850000e-01 1.772833e-03 4.650454e-04
1.860000e-01 1.790228e-03 4.727944e-04
1.870000e-01 1.807334e-03 4.806736e-04
1.880000e-01 1.824147e-03 4.886837e-04
1.890000e-01 1.840664e-03 4.968250e-04
1.900000e-01 1.856881e-03 5.050979e-04
1.910000e-01 1.872794e-03 5.135024e-04
1.920000e-01 1.888398e-03 5.220385e-04
1.930000e-01 1.903690e-03 5.307059e-04
1.940000e-01 1.918666e-03 5.395042e-04
1.950000e-01 1.933323e-03 5.484329e-04
1.960000e-01 1.947655e-03 5.574911e-04
1.970000e-01 1.961661e-03 5.666780e-04
1.980000e-01 1.975335e-03 5.759926e-04
1.990000e-01 1.988675e-03 5.854335e-04
2.000000e-01 2.001677e-03 5.949993e-04
2.010000e-01 2.014337e-03 6.046886e-04
2.020000e-01 2.026651e-03 6.144994e-04
2.030000e-01 2.038616e-03 6.244300e-04
2.040000e-01 2.050229e-03 6.344781e-04
2.050000e-01 2.061487e-03 6.446416e-04
2.060000e-01 2.072385e-03 6.549180e-04
2.070000e-01 2.082920e-03 6.653047e-04
2.080000e-01 2.093090e-03 6.757990e-04
2.090000e-01 2.102890e-03 6.863978e-04
2.100000e-01 2.112319e-03 6.970980e-04
2.110000e-01 2.121372e-03 7.078964e-04
2.120000e-01 2.130046e-03 7.187895e-04
2.130000e-01 2.138339e-03 7.297737e-04
2.140000e-01 2.146247e-03 7.408451e-04
2.150000e-01 2.153768e-03 7.519997e-04
2.160000e-01 2.160898e-03 7.632334e-04
2.170000e-01 2.167635e-03 7.745419e-04
2.180000e-01 2.173975e-03 7.859206e-04
2.190000e-01 2.179917e-03 7.973648e-04
2.200000e-01 2.185457e-03 8.088697e-04
2.210000e-01 2.190592e-03 8.204302e-04
2.220000e-01 2.195321e-03 8.320412e-04
2.230000e-01 2.199640e-03 8.436972e-04
2.240000e-01 2.203547e-03 8.553926e-04
2.250000e-01 2.207040e-03 8.671218e-04
2.260000e-01 2.210116e-03 8.788788e-04
2.270000e-01 2.212772e-03 8.906574e-04
2.280000e-01 2.215007e-03 9.024515e-04
2.290000e-01 2.216819e-03 9.142545e-04
2.300000e-01 2.218204e-03 9.260599e-04
2.310000e-01 2.219162e-03 9.378607e-04
2.320000e-01 2.219689e-03 9.496501e-04
2.330000e-01 2.219785e-03 9.614208e-04
2.340000e-01 2.219446e-03 9.731656e-04
2.350000e-01 2.218672e-03 9.848768e-04
2.360000e-01 2.217460e-03 9.965468e-04
2.370000e-01 2.215809e-03 1.008168e-03
2.380000e-01 2.213716e-03 1.019731e-03
2.390000e-01 2.211181e-03 1.031230e-03
2.400000e-01 2.208202e-03 1.042654e-03
2.410000e-01 2.204777e-03 1.053996e-03
2.420000e-01 2.200905e-03 1.065247e-03
2.430000e-01 2.196584e-03 1.076397e-03
2.440000e-01 2.191813e-03 1.087439e-03
2.450000e-01 2.186592e-03 1.098361e-03
2.460000e-01 2.180918e-03 1.109155e-03
2.470000e-01 2.174791e-03 1.119812e-03
2.480000e-01 2.168209e-03 1.130321e-03
2.490000e-01 2.161172e-03 1.140672e-03
2.500000e-01 2.153679e-03 1.150854e-03
2.510000e-01 2.145729e-03 1.160859e-03
2.520000e-01 2.137321e-03 1.170674e-03
2.530000e-01 2.128454e-03 1.180290e-03
2.540000e-01 2.119129e-03 1.189695e-03
2.550000e-01 2.109343e-03 1.198878e-03
2.560000e-01 2.099098e-03 1.207828e-03
2.570000e-01 2.088392e-03 1.216533e-03
2.580000e-01 2.077225e-03 1.224982e-03
2.590000e-01 2.065597e-03 1.233163e-03
2.600000e-01 2.053508e-03 1.241063e-03
2.610000e-01 2.040957e-03 1.248671e-03
2.620000e-01 2.027945e-03 1.255974e-03
2.630000e-01 2.014472e-03 1.262960e-03
2.640000e-01 2.000537e-03 1.269615e-03
2.650000e-01 1.986141e-03 1.275927e-03
2.660000e-01 1.971285e-03 1.281883e-03
2.670000e-01 1.955967e-03 1.287469e-03
2.680000e-01 1.940190e-03 1.292672e-03
2.690000e-01 1.923953e-03 1.297479e-03
2.700000e-01 1.907258e-03 1.301875e-03
2.710000e-01 1.890103e-03 1.305846e-03
2.720000e-01 1.872492e-03 1.309378e-03
2.730000e-01 1.854423e-03 1.312458e-03
2.740000e-01 1.835899e-03 1.315069e-03
2.750000e-01 1.816919e-03 1.317198e-03
2.760000e-01 1.797486e-03 1.318829e-03
2.770000e-01 1.777600e-03 1.319948e-03
2.780000e-01 1.757262e-03 1.320540e-03
2.790000e-01 1.736475e-03 1.320588e-03
2.800000e-01 1.715238e-03 1.320077e-03
2.810000e-01 1.693553e-03 1.318991e-03
2.820000e-01 1.671423e-03 1.317315e-03
2.830000e-01 1.648849e-03 1.315031e-03
2.840000e-01 1.625831e-03 1.312125e-03
2.850000e-01 1.602373e-03 1.308579e-03
2.860000e-01 1.578476e-03 1.304376e-03
2.870000e-01 1.554142e-03 1.299500e-03
2.880000e-01 1.529373e-03 1.293934e-03
2.890000e-01 1.504171e-03 1.287660e-03
2.900000e-01 1.478538e-03 1.280662e-03
2.910000e-01 1.452477e-03 1.272921e-03
2.920000e-01 1.425990e-03 1.264419e-03
2.930000e-01 1.399079e-03 1.255139e-03
2.940000e-01 1.371747e-03 1.245063e-03
2.950000e-01 1.343996e-03 1.234173e-03
2.960000e-01 1.315829e-03 1.222450e-03
2.970000e-01 1.287250e-03 1.209875e-03
2.980000e-01 1.258260e-03 1.196429e-03
2.990000e-01 1.228863e-03 1.182095e-03
3.000000e-01 1.199062e-03 1.166852e-03
3.010000e-01 1.168859e-03 1.150681e-03
3.020000e-01 1.138259e-03 1.133563e-03
3.030000e-01 1.107264e-03 1.115478e-03
3.040000e-01 1.075877e-03 1.096407e-03
3.050000e-01 1.044103e-03 1.076330e-03
3.060000e-01 1.011945e-03 1.055225e-03
3.070000e-01 9.794060e-04 1.033074e-03
3.080000e-01 9.464901e-04 1.009855e-03
3.090000e-01 9.132011e-04 9.855486e-04
3.100000e-01 8.795428e-04 9.601332e-04
3.110000e-01 8.455192e-04 9.335880e-04
3.120000e-01 8.111344e-04 9.058920e-04
3.130000e-01 7.763925e-04 8.770239e-04
3.140000e-01 7.412977e-04 8.469623e-04
3.150000e-01 7.058543e-04 8.156855e-04
3.160000e-01 6.700668e-04 7.831719e-04
3.170000e-01 6.339395e-04 7.493995e-04
3.180000e-01 5.974771e-04 7.143462e-04
3.190000e-01 5.606842e-04 6.779899e-04
3.200000e-01 5.235656e-04 6.403082e-04
3.210000e-01 4.861260e-04 6.012785e-04
3.220000e-01 4.483703e-04 5.608782e-04
3.230000e-01 4.103036e-04 5.190844e-04
3.240000e-01 3.719309e-04 4.758741e-04
3.250000e-01 3.332574e-04 4.312241e-04
3.260000e-01 2.942882e-04 3.851113e-04
3.270000e-01 2.550288e-04 3.375121e-04
3.280000e-01 2.154844e-04 2.884030e-04
3.290000e-01 1.756607e-04 2.377602e-04
3.300000e-01 1.355631e-04 1.855598e-04
3.310000e-01 9.519736e-05 1.317779e-04
3.320000e-01 5.456915e-05 7.639017e-05
3.330000e-01 1.368430e-05 1.937239e-05
3.340000e-01 2.745129e-05 3.929710e-05
3.350000e-01 6.883165e-05 9.960728e-05
3.360000e-01 1.104507e-04 1.615261e-04
3.370000e-01 1.523023e-04 2.250213e-04
3.380000e-01 1.943803e-04 2.900608e-04
3.390000e-01 2.366783e-04 3.566126e-04
3.400000e-01 2.791900e-04 4.246448e-04
3.410000e-01 3.219089e-04 4.941258e-04
3.420000e-01 3.648284e-04 5.650239e-04
3.430000e-01 4.079420e-04 6.373077e-04
3.440000e-01 4.512430e-04 7.109458e-04
3.450000e-01 4.947245e-04 7.859072e-04
3.460000e-01 5.383798e-04 8.621607e-04
3.470000e-01 5.822019e-04 9.396754e-04
3.480000e-01 6.261838e-04 1.018420e-03
3.490000e-01 6.703185e-04 1.098365e-03
3.500000e-01 7.145987e-04 1.179479e-03
3.510000e-01 7.590173e-04 1.261731e-03
3.520000e-01 8.035669e-04 1.345092e-03
3.530000e-01 8.482402e-04 1.429531e-03
3.540000e-01 8.930297e-04 1.515018e-03
3.550000e-01 9.379280e-04 1.601523e-03
3.560000e-01 9.829273e-04 1.689016e-03
3.570000e-01 1.028020e-03 1.777467e-03
3.580000e-01 1.073199e-03 1.866847e-03
3.590000e-01 1.118455e-03 1.957127e-03
3.600000e-01 1.163782e-03 2.048276e-03
3.610000e-01 1.209170e-03 2.140265e-03
3.620000e-01 1.254613e-03 2.233066e-03
3.630000e-01 1.300101e-03 2.326649e-03
3.640000e-01 1.345628e-03 2.420985e-03
3.650000e-01 1.391184e-03 2.516044e-03
3.660000e-01 1.436762e-03 2.611799e-03
3.670000e-01 1.482353e-03 2.708221e-03
3.680000e-01 1.527948e-03 2.805280e-03
3.690000e-01 1.573539e-03 2.902949e-03
3.700000e-01 1.619118e-03 3.001199e-03
3.710000e-01 1.664677e-03 3.100001e-03
3.720000e-01 1.710205e-03 3.199327e-03
3.730000e-01 1.755696e-03 3.299149e-03
3.740000e-01 1.801139e-03 3.399438e-03
3.750000e-01 1.846526e-03 3.500168e-03
3.760000e-01 1.891849e-03 3.601309e-03
3.770000e-01 1.937098e-03 3.702834e-03
3.780000e-01 1.982264e-03 3.804715e-03
3.790000e-01 2.027339e-03 3.906924e-03
3.800000e-01 2.072313e-03 4.009434e-03
3.810000e-01 2.117177e-03 4.112216e-03
3.820000e-01 2.161921e-03 4.215244e-03
3.830000e-01 2.206538e-03 4.318490e-03
3.840000e-01 2.251016e-03 4.421926e-03
3.850000e-01 2.295348e-03 4.525525e-03
3.860000e-01 2.339523e-03 4.629260e-03
3.870000e-01 2.383532e-03 4.733103e-03
3.880000e-01 2.427366e-03 4.837028e-03
3.890000e-01 2.471014e-03 4.941006e-03
3.900000e-01 2.514469e-03 5.045012e-03
3.910000e-01 2.557719e-03 5.149017e-03
3.920000e-01 2.600756e-03 5.252995e-03
3.930000e-01 2.643569e-03 5.356918e-03
3.940000e-01 2.686149e-03 5.460761e-03
3.950000e-01 2.728486e-03 5.564495e-03
3.960000e-01 2.770571e-03 5.668095e-03
3.970000e-01 2.812393e-03 5.771532e-03
3.980000e-01 2.853942e-03 5.874781e-03
3.990000e-01 2.895210e-03 5.977814e-03
4.000000e-01 2.936185e-03 6.080605e-03
4.010000e-01 2.976858e-03 6.183127e-03
4.020000e-01 3.017218e-03 6.285353e-03
4.030000e-01 3.057257e-03 6.387257e-03
4.040000e-01 3.096963e-03 6.488811e-03
4.050000e-01 3.136327e-03 6.589989e-03
4.060000e-01 3.175339e-03 6.690765e-03
4.070000e-01 3.213989e-03 6.791111e-03
4.080000e-01 3.252265e-03 6.891001e-03
4.090000e-01 3.290159e-03 6.990408e-03
4.100000e-01 3.327661e-03 7.089305e-03
4.110000e-01 3.364759e-03 7.187666e-03
4.120000e-01 3.401444e-03 7.285465e-03
4.130000e-01 3.437706e-03 7.382673e-03
4.140000e-01 3.473534e-03 7.479265e-03
4.150000e-01 3.508918e-03 7.575214e-03
4.160000e-01 3.543848e-03 7.670493e-03
4.170000e-01 3.578314e-03 7.765074e-03
4.180000e-01 3.612305e-03 7.858933e-03
4.190000e-01 3.645812e-03 7.952040e-03
4.200000e-01 3.678824e-03 8.044370e-03
4.210000e-01 3.711330e-03 8.135896e-03
4.220000e-01 3.743322e-03 8.226590e-03
4.230000e-01 3.774787e-03 8.316426e-03
4.240000e-01 3.805717e-03 8.405376e-03
4.250000e-01 3.836100e-03 8.493413e-03
4.260000e-01 3.865927e-03 8.580511e-03
4.270000e-01 3.895188e-03 8.666641e-03
4.280000e-01 3.923872e-03 8.751778e-03
4.290000e-01 3.951969e-03 8.835892e-03
4.300000e-01 3.979469e-03 8.918957e-03
4.310000e-01 4.006362e-03 9.000946e-03
4.320000e-01 4.032638e-03 9.081831e-03
4.330000e-01 4.058286e-03 9.161584e-03
4.340000e-01 4.083297e-03 9.240177e-03
4.350000e-01 4.107660e-03 9.317583e-03
4.360000e-01 4.131366e-03 9.393774e-03
4.370000e-01 4.154405e-03 9.468722e-03
4.380000e-01 4.176766e-03 9.542398e-03
4.390000e-01 4.198439e-03 9.614776e-03
4.400000e-01 4.219415e-03 9.685825e-03
4.410000e-01 4.239684e-03 9.755519e-03
4.420000e-01 4.259236e-03 9.823829e-03
4.430000e-01 4.278061e-03 9.890725e-03
4.440000e-01 4.296150e-03 9.956180e-03
4.450000e-01 4.313493e-03 1.002016e-02
4.460000e-01 4.330079e-03 1.008265e-02
4.470000e-01 4.345901e-03 1.014361e-02
4.480000e-01 4.360947e-03 1.020301e-02
4.490000e-01 4.375208e-03 1.026082e-02
4.500000e-01 4.388676e-03 1.031701e-02
4.510000e-01 4.401340e-03 1.037157e-02
4.520000e-01 4.413192e-03 1.042444e-02
4.530000e-01 4.424221e-03 1.047561e-02
4.540000e-01 4.434420e-03 1.052504e-02
4.550000e-01 4.443778e-03 1.057271e-02
4.560000e-01 4.452287e-03 1.061859e-02
4.570000e-01 4.459937e-03 1.066263e-02
4.580000e-01 4.466720e-03 1.070482e-02
4.590000e-01 4.472626e-03 1.074512e-02
4.600000e-01 4.477648e-03 1.078351e-02
4.610000e-01 4.481775e-03 1.081994e-02
4.620000e-01 4.485001e-03 1.085439e-02
4.630000e-01 4.487315e-03 1.088683e-02
4.640000e-01 4.488710e-03 1.091723e-02
4.650000e-01 4.489177e-03 1.094554e-02
4.660000e-01 4.488708e-03 1.097175e-02
4.670000e-01 4.487294e-03 1.099582e-02
4.680000e-01 4.484928e-03 1.101772e-02
4.690000e-01 4.481602e-03 1.103741e-02
4.700000e-01 4.477307e-03 1.105486e-02
4.710000e-01 4.472036e-03 1.107003e-02
4.720000e-01 4.465781e-03 1.108291e-02
4.730000e-01 4.458534e-03 1.109344e-02
4.740000e-01 4.450289e-03 1.110160e-02
4.750000e-01 4.441036e-03 1.110735e-02
4.760000e-01 4.430770e-03 1.111067e-02
4.770000e-01 4.419483e-03 1.111150e-02
4.780000e-01 4.407168e-03 1.110983e-02
4.790000e-01 4.393818e-03 1.110561e-02
4.800000e-01 4.379426e-03 1.109881e-02
4.810000e-01 4.363985e-03 1.108939e-02
4.820000e-01 4.347489e-03 1.107732e-02
4.830000e-01 4.329932e-03 1.106256e-02
4.840000e-01 4.311307e-03 1.104507e-02
4.850000e-01 4.291607e-03 1.102483e-02
4.860000e-01 4.270827e-03 1.100179e-02
4.870000e-01 4.248962e-03 1.097591e-02
4.880000e-01 4.226004e-03 1.094715e-02
4.890000e-01 4.201949e-03 1.091549e-02
4.900000e-01 4.176790e-03 1.088088e-02
4.910000e-01 4.150524e-03 1.084328e-02
4.920000e-01 4.123143e-03 1.080265e-02
4.930000e-01 4.094644e-03 1.075896e-02
4.940000e-01 4.065022e-03 1.071216e-02
4.950000e-01 4.034271e-03 1.066222e-02
4.960000e-01 4.002387e-03 1.060910e-02
4.970000e-01 3.969365e-03 1.055275e-02
4.980000e-01 3.935203e-03 1.049313e-02
4.990000e-01 3.899894e-03 1.043021e-02
5.000000e-01 3.863436e-03 1.036394e-02
5.010000e-01 3.825824e-03 1.029429e-02
5.020000e-01 3.787055e-03 1.022120e-02
5.030000e-01 3.747126e-03 1.014464e-02
5.040000e-01 3.706033e-03 1.006456e-02
5.050000e-01 3.663774e-03 9.980919e-03
5.060000e-01 3.620345e-03 9.893677e-03
5.070000e-01 3.575744e-03 9.802788e-03
5.080000e-01 3.529967e-03 9.708208e-03
5.090000e-01 3.483014e-03 9.609892e-03
5.100000e-01 3.434882e-03 9.507795e-03
5.110000e-01 3.385568e-03 9.401871e-03
5.120000e-01 3.335072e-03 9.292075e-03
5.130000e-01 3.283391e-03 9.178360e-03
5.140000e-01 3.230524e-03 9.060680e-03
5.150000e-01 3.176470e-03 8.938988e-03
5.160000e-01 3.121229e-03 8.813236e-03
5.170000e-01 3.064799e-03 8.683376e-03
5.180000e-01 3.007180e-03 8.549359e-03
5.190000e-01 2.948372e-03 8.411138e-03
5.200000e-01 2.888375e-03 8.268662e-03
5.210000e-01 2.827188e-03 8.121883e-03
5.220000e-01 2.764812e-03 7.970749e-03
5.230000e-01 2.701249e-03 7.815211e-03
5.240000e-01 2.636497e-03 7.655217e-03
5.250000e-01 2.570560e-03 7.490715e-03
5.260000e-01 2.503437e-03 7.321655e-03
5.270000e-01 2.435131e-03 7.147982e-03
5.280000e-01 2.365642e-03 6.969646e-03
5.290000e-01 2.294974e-03 6.786591e-03
5.300000e-01 2.223129e-03 6.598764e-03
5.310000e-01 2.150108e-03 6.406111e-03
5.320000e-01 2.075914e-03 6.208576e-03
5.330000e-01 2.000551e-03 6.006105e-03
5.340000e-01 1.924022e-03 5.798642e-03
5.350000e-01 1.846330e-03 5.586129e-03
5.360000e-01 1.767478e-03 5.368510e-03
5.370000e-01 1.687472e-03 5.145729e-03
5.380000e-01 1.606314e-03 4.917725e-03
5.390000e-01 1.524010e-03 4.684442e-03
5.400000e-01 1.440564e-03 4.445820e-03
5.410000e-01 1.355981e-03 4.201799e-03
5.420000e-01 1.270267e-03 3.952320e-03
5.430000e-01 1.183426e-03 3.697321e-03
5.440000e-01 1.095466e-03 3.436741e-03
5.450000e-01 1.006391e-03 3.170519e-03
5.460000e-01 9.162083e-04 2.898592e-03
5.470000e-01 8.249246e-04 2.620898e-03
5.480000e-01 7.325467e-04 2.337371e-03
5.490000e-01 6.390816e-04 2.047950e-03
5.500000e-01 5.445370e-04 1.752568e-03
5.510000e-01 4.489205e-04 1.451161e-03
5.520000e-01 3.522402e-04 1.143663e-03
5.530000e-01 2.545044e-04 8.300065e-04
5.540000e-01 1.557217e-04 5.101254e-04
5.550000e-01 5.590105e-05 1.839517e-04
5.560000e-01 4.494838e-05 1.485793e-04
5.570000e-01 1.468171e-04 4.874271e-04
5.580000e-01 2.496953e-04 8.324289e-04
5.590000e-01 3.535729e-04 1.183416e-03
5.600000e-01 4.584394e-04 1.540220e-03
5.610000e-01 5.642843e-04 1.902673e-03
5.620000e-01 6.710965e-04 2.270608e-03
5.630000e-01 7.788647e-04 2.643859e-03
5.640000e-01 8.875773e-04 3.022261e-03
5.650000e-01 9.972223e-04 3.405648e-03
5.660000e-01 1.107788e-03 3.793855e-03
5.670000e-01 1.219261e-03 4.186720e-03
5.680000e-01 1.331628e-03 4.584079e-03
5.690000e-01 1.444878e-03 4.985770e-03
5.700000e-01 1.558995e-03 5.391631e-03
5.710000e-01 1.673967e-03 5.801501e-03
5.720000e-01 1.789780e-03 6.215219e-03
5.730000e-01 1.906418e-03 6.632627e-03
5.740000e-01 2.023867e-03 7.053566e-03
5.750000e-01 2.142111e-03 7.477876e-03
5.760000e-01 2.261137e-03 7.905401e-03
5.770000e-01 2.380927e-03 8.335983e-03
5.780000e-01 2.501466e-03 8.769468e-03
5.790000e-01 2.622737e-03 9.205698e-03
5.800000e-01 2.744724e-03 9.644520e-03
5.810000e-01 2.867409e-03 1.008578e-02
5.820000e-01 2.990775e-03 1.052932e-02
5.830000e-01 3.114805e-03 1.097500e-02
5.840000e-01 3.239480e-03 1.142266e-02
5.850000e-01 3.364782e-03 1.187215e-02
5.860000e-01 3.490692e-03 1.232331e-02
5.870000e-01 3.617191e-03 1.277601e-02
5.880000e-01 3.744260e-03 1.323008e-02
5.890000e-01 3.871879e-03 1.368539e-02
5.900000e-01 4.000028e-03 1.414179e-02
5.910000e-01 4.128687e-03 1.459912e-02
5.920000e-01 4.257834e-03 1.505725e-02
5.930000e-01 4.387450e-03 1.551603e-02
5.940000e-01 4.517511e-03 1.597532e-02
5.950000e-01 4.647997e-03 1.643496e-02
5.960000e-01 4.778885e-03 1.689483e-02
5.970000e-01 4.910154e-03 1.735477e-02
5.980000e-01 5.041779e-03 1.781465e-02
5.990000e-01 5.173739e-03 1.827432e-02
6.000000e-01 5.306009e-03 1.873365e-02
6.010000e-01 5.438565e-03 1.919250e-02
6.020000e-01 5.571385e-03 1.965074e-02
6.030000e-01 5.704442e-03 2.010821e-02
6.040000e-01 5.837713e-03 2.056480e-02
6.050000e-01 5.971172e-03 2.102035e-02
6.060000e-01 6.104793e-03 2.147475e-02
6.070000e-01 6.238552e-03 2.192785e-02
6.080000e-01 6.372420e-03 2.237952e-02
6.090000e-01 6.506373e-03 2.282964e-02
6.100000e-01 6.640382e-03 2.327806e-02
6.110000e-01 6.774422e-03 2.372466e-02
6.120000e-01 6.908463e-03 2.416931e-02
6.130000e-01 7.042479e-03 2.461188e-02
6.140000e-01 7.176442e-03 2.505225e-02
6.150000e-01 7.310321e-03 2.549028e-02
6.160000e-01 7.444090e-03 2.592585e-02
6.170000e-01 7.577718e-03 2.635884e-02
6.180000e-01 7.711175e-03 2.678912e-02
6.190000e-01 7.844433e-03 2.721656e-02
6.200000e-01 7.977460e-03 2.764105e-02
6.210000e-01 8.110226e-03 2.806247e-02
6.220000e-01 8.242700e-03 2.848069e-02
6.230000e-01 8.374852e-03 2.889559e-02
6.240000e-01 8.506648e-03 2.930705e-02
6.250000e-01 8.638058e-03 2.971497e-02
6.260000e-01 8.769050e-03 3.011921e-02
6.270000e-01 8.899590e-03 3.051966e-02
6.280000e-01 9.029646e-03 3.091621e-02
6.290000e-01 9.159184e-03 3.130874e-02
6.300000e-01 9.288172e-03 3.169714e-02
6.310000e-01 9.416575e-03 3.208130e-02
6.320000e-01 9.544360e-03 3.246110e-02
6.330000e-01 9.671491e-03 3.283643e-02
6.340000e-01 9.797935e-03 3.320719e-02
6.350000e-01 9.923655e-03 3.357326e-02
6.360000e-01 1.004862e-02 3.393453e-02
6.370000e-01 1.017279e-02 3.429091e-02
6.380000e-01 1.029612e-02 3.464227e-02
6.390000e-01 1.041860e-02 3.498852e-02
6.400000e-01 1.054016e-02 3.532956e-02
6.410000e-01 1.066079e-02 3.566527e-02
6.420000e-01 1.078045e-02 3.599556e-02
6.430000e-01 1.089909e-02 3.632032e-02
6.440000e-01 1.101667e-02 3.663945e-02
6.450000e-01 1.113317e-02 3.695285e-02
6.460000e-01 1.124854e-02 3.726043e-02
6.470000e-01 1.136274e-02 3.756208e-02
6.480000e-01 1.147574e-02 3.785771e-02
6.490000e-01 1.158749e-02 3.814723e-02
6.500000e-01 1.169796e-02 3.843052e-02
6.510000e-01 1.180710e-02 3.870751e-02
6.520000e-01 1.191489e-02 3.897810e-02
6.530000e-01 1.202127e-02 3.924220e-02
6.540000e-01 1.212620e-02 3.949970e-02
6.550000e-01 1.222965e-02 3.975053e-02
6.560000e-01 1.233158e-02 3.999460e-02
6.570000e-01 1.243194e-02 4.023180e-02
6.580000e-01 1.253069e-02 4.046207e-02
6.590000e-01 1.262779e-02 4.068530e-02
6.600000e-01 1.272320e-02 4.090141e-02
6.610000e-01 1.281688e-02 4.111033e-02
6.620000e-01 1.290878e-02 4.131195e-02
6.630000e-01 1.299887e-02 4.150621e-02
6.640000e-01 1.308710e-02 4.169302e-02
6.650000e-01 1.317342e-02 4.187229e-02
6.660000e-01 1.325780e-02 4.204395e-02
6.670000e-01 1.334019e-02 4.220791e-02
6.680000e-01 1.342054e-02 4.236410e-02
6.690000e-01 1.349882e-02 4.251245e-02
6.700000e-01 1.357498e-02 4.265286e-02
6.710000e-01 1.364898e-02 4.278527e-02
6.720000e-01 1.372077e-02 4.290961e-02
6.730000e-01 1.379031e-02 4.302579e-02
6.740000e-01 1.385755e-02 4.313375e-02
6.750000e-01 1.392245e-02 4.323341e-02
6.760000e-01 1.398497e-02 4.332470e-02
6.770000e-01 1.404506e-02 4.340756e-02
6.780000e-01 1.410267e-02 4.348190e-02
6.790000e-01 1.415776e-02 4.354767e-02
6.800000e-01 1.421029e-02 4.360480e-02
6.810000e-01 1.426020e-02 4.365321e-02
6.820000e-01 1.430747e-02 4.369285e-02
6.830000e-01 1.435203e-02 4.372364e-02
6.840000e-01 1.439384e-02 4.374553e-02
6.850000e-01 1.443286e-02 4.375845e-02
6.860000e-01 1.446905e-02 4.376234e-02
6.870000e-01 1.450235e-02 4.375714e-02
6.880000e-01 1.453272e-02 4.374279e-02
6.890000e-01 1.456012e-02 4.371922e-02
6.900000e-01 1.458450e-02 4.368638e-02
6.910000e-01 1.460581e-02 4.364422e-02
6.920000e-01 1.462401e-02 4.359267e-02
6.930000e-01 1.463905e-02 4.353168e-02
6.940000e-01 1.465089e-02 4.346119e-02
6.950000e-01 1.465948e-02 4.338116e-02
6.960000e-01 1.466477e-02 4.329152e-02
6.970000e-01 1.466672e-02 4.319222e-02
6.980000e-01 1.466528e-02 4.308322e-02
6.990000e-01 1.466041e-02 4.296445e-02
7.000000e-01 1.465206e-02 4.283588e-02
7.010000e-01 1.464019e-02 4.269746e-02
7.020000e-01 1.462475e-02 4.254913e-02
7.030000e-01 1.460569e-02 4.239084e-02
7.040000e-01 1.458297e-02 4.222256e-02
7.050000e-01 1.455654e-02 4.204424e-02
7.060000e-01 1.452636e-02 4.185582e-02
7.070000e-01 1.449239e-02 4.165727e-02
7.080000e-01 1.445457e-02 4.144855e-02
7.090000e-01 1.441287e-02 4.122960e-02
7.100000e-01 1.436724e-02 4.100040e-02
7.110000e-01 1.431763e-02 4.076090e-02
7.120000e-01 1.426400e-02 4.051106e-02
7.130000e-01 1.420631e-02 4.025083e-02
7.140000e-01 1.414450e-02 3.998019e-02
7.150000e-01 1.407855e-02 3.969910e-02
7.160000e-01 1.400840e-02 3.940751e-02
7.170000e-01 1.393401e-02 3.910540e-02
7.180000e-01 1.385534e-02 3.879272e-02
7.190000e-01 1.377235e-02 3.846944e-02
7.200000e-01 1.368499e-02 3.813554e-02
7.210000e-01 1.359322e-02 3.779097e-02
7.220000e-01 1.349699e-02 3.743570e-02
7.230000e-01 1.339628e-02 3.706971e-02
7.240000e-01 1.329102e-02 3.669296e-02
7.250000e-01 1.318120e-02 3.630543e-02
7.260000e-01 1.306675e-02 3.590707e-02
7.270000e-01 1.294765e-02 3.549788e-02
7.280000e-01 1.282385e-02 3.507780e-02
7.290000e-01 1.269532e-02 3.464683e-02
7.300000e-01 1.256200e-02 3.420494e-02
7.310000e-01 1.242388e-02 3.375209e-02
7.320000e-01 1.228090e-02 3.328826e-02
7.330000e-01 1.213302e-02 3.281343e-02
7.340000e-01 1.198022e-02 3.232758e-02
7.350000e-01 1.182245e-02 3.183068e-02
7.360000e-01 1.165968e-02 3.132271e-02
7.370000e-01 1.149187e-02 3.080364e-02
7.380000e-01 1.131899e-02 3.027347e-02
7.390000e-01 1.114099e-02 2.973216e-02
7.400000e-01 1.095785e-02 2.917970e-02
7.410000e-01 1.076953e-02 2.861606e-02
7.420000e-01 1.057600e-02 2.804124e-02
7.430000e-01 1.037723e-02 2.745520e-02
7.440000e-01 1.017317e-02 2.685794e-02
7.450000e-01 9.963809e-03 2.624943e-02
7.460000e-01 9.749105e-03 2.562967e-02
7.470000e-01 9.529029e-03 2.499863e-02
7.480000e-01 9.303553e-03 2.435629e-02
7.490000e-01 9.072647e-03 2.370266e-02
7.500000e-01 8.836282e-03 2.303770e-02
7.510000e-01 8.594431e-03 2.236141e-02
7.520000e-01 8.347066e-03 2.167377e-02
7.530000e-01 8.094162e-03 2.097477e-02
7.540000e-01 7.835691e-03 2.026441e-02
7.550000e-01 7.571631e-03 1.954266e-02
7.560000e-01 7.301957e-03 1.880951e-02
7.570000e-01 7.026644e-03 1.806496e-02
7.580000e-01 6.745672e-03 1.730899e-02
7.590000e-01 6.459019e-03 1.654160e-02
7.600000e-01 6.166663e-03 1.576277e-02
7.610000e-01 5.868585e-03 1.497250e-02
7.620000e-01 5.564766e-03 1.417078e-02
7.630000e-01 5.255188e-03 1.335760e-02
7.640000e-01 4.939834e-03 1.253294e-02
7.650000e-01 4.618687e-03 1.169681e-02
7.660000e-01 4.291733e-03 1.084920e-02
7.670000e-01 3.958958e-03 9.990097e-03
7.680000e-01 3.620347e-03 9.119496e-03
7.690000e-01 3.275889e-03 8.237392e-03
7.700000e-01 2.925573e-03 7.343779e-03
7.710000e-01 2.569388e-03 6.438651e-03
7.720000e-01 2.207326e-03 5.522002e-03
7.730000e-01 1.839379e-03 4.593828e-03
7.740000e-01 1.465540e-03 3.654124e-03
7.750000e-01 1.085803e-03 2.702886e-03
7.760000e-01 7.001637e-04 1.740109e-03
7.770000e-01 3.086190e-04 7.657879e-04
7.780000e-01 8.883335e-05 2.200792e-04
7.790000e-01 4.921942e-04 1.217404e-03
7.800000e-01 9.014633e-04 2.225906e-03
7.810000e-01 1.316639e-03 3.245278e-03
7.820000e-01 1.737718e-03 4.275216e-03
7.830000e-01 2.164697e-03 5.315413e-03
7.840000e-01 2.597569e-03 6.365564e-03
7.850000e-01 3.036329e-03 7.425361e-03
7.860000e-01 3.480967e-03 8.494499e-03
7.870000e-01 3.931475e-03 9.572671e-03
7.880000e-01 4.387841e-03 1.065957e-02
7.890000e-01 4.850052e-03 1.175489e-02
7.900000e-01 5.318096e-03 1.285833e-02
7.910000e-01 5.791955e-03 1.396958e-02
7.920000e-01 6.271614e-03 1.508832e-02
7.930000e-01 6.757054e-03 1.621427e-02
7.940000e-01 7.248256e-03 1.734710e-02
7.950000e-01 7.745196e-03 1.848651e-02
7.960000e-01 8.247853e-03 1.963220e-02
7.970000e-01 8.756202e-03 2.078386e-02
7.980000e-01 9.270216e-03 2.194118e-02
7.990000e-01 9.789868e-03 2.310386e-02
8.000000e-01 1.031513e-02 2.427160e-02
8.010000e-01 1.084596e-02 2.544407e-02
8.020000e-01 1.138234e-02 2.662099e-02
8.030000e-01 1.192423e-02 2.780203e-02
8.040000e-01 1.247158e-02 2.898691e-02
8.050000e-01 1.302438e-02 3.017531e-02
8.060000e-01 1.358256e-02 3.136693e-02
8.070000e-01 1.414609e-02 3.256146e-02
8.080000e-01 1.471494e-02 3.375859e-02
8.090000e-01 1.528904e-02 3.495803e-02
8.100000e-01 1.586835e-02 3.615947e-02
8.110000e-01 1.645283e-02 3.736261e-02
8.120000e-01 1.704242e-02 3.856714e-02
8.130000e-01 1.763707e-02 3.977275e-02
8.140000e-01 1.823672e-02 4.097916e-02
8.150000e-01 1.884131e-02 4.218604e-02
8.160000e-01 1.945079e-02 4.339311e-02
8.170000e-01 2.006509e-02 4.460006e-02
8.180000e-01 2.068415e-02 4.580658e-02
8.190000e-01 2.130790e-02 4.701238e-02
8.200000e-01 2.193627e-02 4.821716e-02
8.210000e-01 2.256920e-02 4.942061e-02
8.220000e-01 2.320661e-02 5.062244e-02
8.230000e-01 2.384842e-02 5.182235e-02
8.240000e-01 2.449456e-02 5.302003e-02
8.250000e-01 2.514495e-02 5.421520e-02
8.260000e-01 2.579951e-02 5.540755e-02
8.270000e-01 2.645815e-02 5.659679e-02
8.280000e-01 2.712079e-02 5.778261e-02
8.290000e-01 2.778733e-02 5.896473e-02
8.300000e-01 2.845768e-02 6.014285e-02
8.310000e-01 2.913176e-02 6.131667e-02
8.320000e-01 2.980947e-02 6.248590e-02
8.330000e-01 3.049069e-02 6.365024e-02
8.340000e-01 3.117535e-02 6.480941e-02
8.350000e-01 3.186332e-02 6.596311e-02
8.360000e-01 3.255451e-02 6.711106e-02
8.370000e-01 3.324880e-02 6.825295e-02
8.380000e-01 3.394608e-02 6.938850e-02
8.390000e-01 3.464625e-02 7.051742e-02
8.400000e-01 3.534917e-02 7.163943e-02
8.410000e-01 3.605473e-02 7.275423e-02
8.420000e-01 3.676281e-02 7.386154e-02
8.430000e-01 3.747329e-02 7.496107e-02
8.440000e-01 3.818603e-02 7.605254e-02
8.450000e-01 3.890090e-02 7.713567e-02
8.460000e-01 3.961777e-02 7.821016e-02
8.470000e-01 4.033651e-02 7.927575e-02
8.480000e-01 4.105697e-02 8.033214e-02
8.490000e-01 4.177900e-02 8.137906e-02
8.500000e-01 4.250247e-02 8.241622e-02
8.510000e-01 4.322723e-02 8.344336e-02
8.520000e-01 4.395312e-02 8.446018e-02
8.530000e-01 4.467999e-02 8.546642e-02
8.540000e-01 4.540768e-02 8.646181e-02
8.550000e-01 4.613603e-02 8.744605e-02
8.560000e-01 4.686488e-02 8.841890e-02
8.570000e-01 4.759405e-02 8.938006e-02
8.580000e-01 4.832339e-02 9.032927e-02
8.590000e-01 4.905271e-02 9.126626e-02
8.600000e-01 4.978183e-02 9.219076e-02
8.610000e-01 5.051059e-02 9.310250e-02
8.620000e-01 5.123878e-02 9.400122e-02
8.630000e-01 5.196624e-02 9.488666e-02
8.640000e-01 5.269276e-02 9.575854e-02
8.650000e-01 5.341816e-02 9.661660e-02
8.660000e-01 5.414223e-02 9.746059e-02
8.670000e-01 5.486477e-02 9.829024e-02
8.680000e-01 5.558559e-02 9.910530e-02
8.690000e-01 5.630448e-02 9.990551e-02
8.700000e-01 5.702121e-02 1.006906e-01
8.710000e-01 5.773559e-02 1.014603e-01
8.720000e-01 5.844739e-02 1.022144e-01
8.730000e-01 5.915638e-02 1.029527e-01
8.740000e-01 5.986236e-02 1.036748e-01
8.750000e-01 6.056507e-02 1.043806e-01
8.760000e-01 6.126430e-02 1.050697e-01
8.770000e-01 6.195980e-02 1.057420e-01
8.780000e-01 6.265134e-02 1.063971e-01
8.790000e-01 6.333867e-02 1.070350e-01
8.800000e-01 6.402154e-02 1.076552e-01
8.810000e-01 6.469971e-02 1.082576e-01
8.820000e-01 6.537291e-02 1.088419e-01
8.830000e-01 6.604089e-02 1.094079e-01
8.840000e-01 6.670339e-02 1.099553e-01
8.850000e-01 6.736013e-02 1.104840e-01
8.860000e-01 6.801084e-02 1.109937e-01
8.870000e-01 6.865526e-02 1.114841e-01
8.880000e-01 6.929310e-02 1.119550e-01
8.890000e-01 6.992407e-02 1.124062e-01
8.900000e-01 7.054790e-02 1.128376e-01
8.910000e-01 7.116428e-02 1.132487e-01
8.920000e-01 7.177293e-02 1.136395e-01
8.930000e-01 7.237354e-02 1.140097e-01
8.940000e-01 7.296581e-02 1.143591e-01
8.950000e-01 7.354944e-02 1.146874e-01
8.960000e-01 7.412410e-02 1.149945e-01
8.970000e-01 7.468948e-02 1.152802e-01
8.980000e-01 7.524526e-02 1.155442e-01
8.990000e-01 7.579112e-02 1.157862e-01
9.000000e-01 7.632673e-02 1.160062e-01
9.010000e-01 7.685174e-02 1.162039e-01
9.020000e-01 7.736584e-02 1.163791e-01
9.030000e-01 7.786866e-02 1.165316e-01
9.040000e-01 7.835986e-02 1.166612e-01
9.050000e-01 7.883909e-02 1.167677e-01
9.060000e-01 7.930600e-02 1.168509e-01
9.070000e-01 7.976023e-02 1.169106e-01
9.080000e-01 8.020140e-02 1.169466e-01
9.090000e-01 8.062915e-02 1.169588e-01
9.100000e-01 8.104310e-02 1.169468e-01
9.110000e-01 8.144287e-02 1.169106e-01
9.120000e-01 8.182809e-02 1.168500e-01
9.130000e-01 8.219836e-02 1.167647e-01
9.140000e-01 8.255328e-02 1.166547e-01
9.150000e-01 8.289247e-02 1.165196e-01
9.160000e-01 8.321551e-02 1.163594e-01
9.170000e-01 8.352200e-02 1.161739e-01
9.180000e-01 8.381153e-02 1.159629e-01
9.190000e-01 8.408367e-02 1.157262e-01
9.200000e-01 8.433802e-02 1.154636e-01
9.210000e-01 8.457413e-02 1.151750e-01
9.220000e-01 8.479158e-02 1.148603e-01
9.230000e-01 8.498993e-02 1.145192e-01
9.240000e-01 8.516874e-02 1.141516e-01
9.250000e-01 8.532756e-02 1.137574e-01
9.260000e-01 8.546594e-02 1.133363e-01
9.270000e-01 8.558342e-02 1.128883e-01
9.280000e-01 8.567955e-02 1.124132e-01
9.290000e-01 8.575385e-02 1.119108e-01
9.300000e-01 8.580585e-02 1.113810e-01
9.310000e-01 8.583507e-02 1.108236e-01
9.320000e-01 8.584103e-02 1.102386e-01
9.330000e-01 8.582325e-02 1.096257e-01
9.340000e-01 8.578123e-02 1.089849e-01
9.350000e-01 8.571447e-02 1.083159e-01
9.360000e-01 8.562248e-02 1.076187e-01
9.370000e-01 8.550473e-02 1.068931e-01
9.380000e-01 8.536072e-02 1.061390e-01
9.390000e-01 8.518993e-02 1.053563e-01
9.400000e-01 8.499184e-02 1.045449e-01
9.410000e-01 8.476591e-02 1.037046e-01
9.420000e-01 8.451160e-02 1.028353e-01
9.430000e-01 8.422839e-02 1.019369e-01
9.440000e-01 8.391572e-02 1.010092e-01
9.450000e-01 8.357304e-02 1.000523e-01
9.460000e-01 8.319980e-02 9.906585e-02
9.470000e-01 8.279543e-02 9.804990e-02
9.480000e-01 8.235936e-02 9.700429e-02
9.490000e-01 8.189103e-02 9.592893e-02
9.500000e-01 8.138984e-02 9.482371e-02
9.510000e-01 8.085523e-02 9.368854e-02
9.520000e-01 8.028660e-02 9.252332e-02
9.530000e-01 7.968335e-02 9.132796e-02
9.540000e-01 7.904489e-02 9.010237e-02
9.550000e-01 7.837060e-02 8.884646e-02
9.560000e-01 7.765988e-02 8.756015e-02
9.570000e-01 7.691211e-02 8.624335e-02
9.580000e-01 7.612665e-02 8.489598e-02
9.590000e-01 7.530290e-02 8.351797e-02
9.600000e-01 7.444020e-02 8.210924e-02
9.610000e-01 7.353793e-02 8.066971e-02
9.620000e-01 7.259543e-02 7.919932e-02
9.630000e-01 7.161205e-02 7.769799e-02
9.640000e-01 7.058713e-02 7.616566e-02
9.650000e-01 6.952002e-02 7.460227e-02
9.660000e-01 6.841003e-02 7.300776e-02
9.670000e-01 6.725651e-02 7.138206e-02
9.680000e-01 6.605876e-02 6.972512e-02
9.690000e-01 6.481610e-02 6.803689e-02
9.700000e-01 6.352784e-02 6.631732e-02
9.710000e-01 6.219328e-02 6.456635e-02
9.720000e-01 6.081172e-02 6.278395e-02
9.730000e-01 5.938244e-02 6.097006e-02
9.740000e-01 5.790473e-02 5.912464e-02
9.750000e-01 5.637787e-02 5.724766e-02
9.760000e-01 5.480113e-02 5.533909e-02
9.770000e-01 5.317378e-02 5.339887e-02
9.780000e-01 5.149508e-02 5.142699e-02
9.790000e-01 4.976428e-02 4.942342e-02
9.800000e-01 4.798063e-02 4.738812e-02
9.810000e-01 4.614338e-02 4.532107e-02
9.820000e-01 4.425177e-02 4.322225e-02
9.830000e-01 4.230501e-02 4.109165e-02
9.840000e-01 4.030234e-02 3.892924e-02
9.850000e-01 3.824298e-02 3.673500e-02
9.860000e-01 3.612614e-02 3.450894e-02
9.870000e-01 3.395103e-02 3.225103e-02
9.880000e-01 3.171685e-02 2.996126e-02
9.890000e-01 2.942278e-02 2.763964e-02
9.900000e-01 2.706804e-02 2.528616e-02
9.910000e-01 2.465178e-02 2.290082e-02
9.920000e-01 2.217320e-02 2.048361e-02
9.930000e-01 1.963146e-02 1.803455e-02
9.940000e-01 1.702573e-02 1.555365e-02
9.950000e-01 1.435517e-02 1.304090e-02
9.960000e-01 1.161893e-02 1.049632e-02
9.970000e-01 8.816153e-03 7.919923e-03
9.980000e-01 5.945984e-03 5.311725e-03
9.990000e-01 3.007557e-03 2.671745e-03
