-1.000000e+00 0.000000e+00 0.000000e+00
-9.990000e-01 5.737966e-03 1.242389e-04
-9.980000e-01 1.135088e-02 2.464000e-04
-9.970000e-01 1.684027e-02 3.664969e-04
-9.960000e-01 2.220767e-02 4.845430e-04
-9.950000e-01 2.745458e-02 6.005516e-04
-9.940000e-01 3.258252e-02 7.145362e-04
-9.930000e-01 3.759295e-02 8.265101e-04
-9.920000e-01 4.248737e-02 9.364867e-04
-9.910000e-01 4.726723e-02 1.044479e-03
-9.900000e-01 5.193398e-02 1.150502e-03
-9.890000e-01 5.648907e-02 1.254567e-03
-9.880000e-01 6.093391e-02 1.356688e-03
-9.870000e-01 6.526993e-02 1.456878e-03
-9.860000e-01 6.949853e-02 1.555152e-03
-9.850000e-01 7.362109e-02 1.651522e-03
-9.840000e-01 7.763900e-02 1.746001e-03
-9.830000e-01 8.155363e-02 1.838604e-03
-9.820000e-01 8.536634e-02 1.929342e-03
-9.810000e-01 8.907846e-02 2.018230e-03
-9.800000e-01 9.269134e-02 2.105281e-03
-9.790000e-01 9.620629e-02 2.190508e-03
-9.780000e-01 9.962463e-02 2.273924e-03
-9.770000e-01 1.029477e-01 2.355543e-03
-9.760000e-01 1.061767e-01 2.435378e-03
-9.750000e-01 1.093129e-01 2.513443e-03
-9.740000e-01 1.123577e-01 2.589749e-03
-9.730000e-01 1.153122e-01 2.664312e-03
-9.720000e-01 1.181778e-01 2.737144e-03
-9.710000e-01 1.209556e-01 2.808258e-03
-9.700000e-01 1.236469e-01 2.877667e-03
-9.690000e-01 1.262529e-01 2.945386e-03
-9.680000e-01 1.287748e-01 3.011426e-03
-9.670000e-01 1.312138e-01 3.075801e-03
-9.660000e-01 1.335710e-01 3.138525e-03
-9.650000e-01 1.358477e-01 3.199611e-03
-9.640000e-01 1.380450e-01 3.259071e-03
-9.630000e-01 1.401640e-01 3.316920e-03
-9.620000e-01 1.422059e-01 3.373169e-03
-9.610000e-01 1.441718e-01 3.427833e-03
-9.600000e-01 1.460628e-01 3.480925e-03
-9.590000e-01 1.478801e-01 3.532457e-03
-9.580000e-01 1.496247e-01 3.582443e-03
-9.570000e-01 1.512978e-01 3.630897e-03
-9.560000e-01 1.529004e-01 3.677830e-03
-9.550000e-01 1.544335e-01 3.723257e-03
-9.540000e-01 1.558983e-01 3.767190e-03
-9.530000e-01 1.572957e-01 3.809643e-03
-9.520000e-01 1.586269e-01 3.850628e-03
-9.510000e-01 1.598929e-01 3.890159e-03
-9.500000e-01 1.610946e-01 3.928249e-03
-9.490000e-01 1.622331e-01 3.964911e-03
-9.480000e-01 1.633094e-01 4.000158e-03
-9.470000e-01 1.643245e-01 4.034003e-03
-9.460000e-01 1.652793e-01 4.066459e-03
-9.450000e-01 1.661749e-01 4.097540e-03
-9.440000e-01 1.670122e-01 4.127258e-03
-9.430000e-01 1.677921e-01 4.155626e-03
-9.420000e-01 1.685157e-01 4.182657e-03
-9.410000e-01 1.691838e-01 4.208365e-03
-9.400000e-01 1.697973e-01 4.232763e-03
-9.390000e-01 1.703573e-01 4.255863e-03
-9.380000e-01 1.708645e-01 4.277678e-03
-9.370000e-01 1.713200e-01 4.298222e-03
-9.360000e-01 1.717245e-01 4.317507e-03
-9.350000e-01 1.720790e-01 4.335546e-03
-9.340000e-01 1.723844e-01 4.352353e-03
-9.330000e-01 1.726415e-01 4.367941e-03
-9.320000e-01 1.728512e-01 4.382321e-03
-9.310000e-01 1.730142e-01 4.395508e-03
-9.300000e-01 1.731316e-01 4.407514e-03
-9.290000e-01 1.732040e-01 4.418352e-03
-9.280000e-01 1.732324e-01 4.428036e-03
-9.270000e-01 1.732175e-01 4.436577e-03
-9.260000e-01 1.731602e-01 4.443989e-03
-9.250000e-01 1.730612e-01 4.450285e-03
-9.240000e-01 1.729214e-01 4.455477e-03
-9.230000e-01 1.727414e-01 4.459579e-03
-9.220000e-01 1.725222e-01 4.462604e-03
-9.210000e-01 1.722644e-01 4.464564e-03
-9.200000e-01 1.719689e-01 4.465472e-03
-9.190000e-01 1.716363e-01 4.465341e-03
-9.180000e-01 1.712674e-01 4.464184e-03
-9.170000e-01 1.708630e-01 4.462013e-03
-9.160000e-01 1.704238e-01 4.458842e-03
-9.150000e-01 1.699505e-01 4.454683e-03
-9.140000e-01 1.694438e-01 4.449550e-03
-9.130000e-01 1.689044e-01 4.443454e-03
-9.120000e-01 1.683330e-01 4.436409e-03
-9.110000e-01 1.677304e-01 4.428427e-03
-9.100000e-01 1.670971e-01 4.419522e-03
-9.090000e-01 1.664339e-01 4.409706e-03
-9.080000e-01 1.657414e-01 4.398991e-03
-9.070000e-01 1.650203e-01 4.387391e-03
-9.060000e-01 1.642713e-01 4.374918e-03
-9.050000e-01 1.634950e-01 4.361585e-03
-9.040000e-01 1.626920e-01 4.347405e-03
-9.030000e-01 1.618629e-01 4.332390e-03
-9.020000e-01 1.610085e-01 4.316553e-03
-9.010000e-01 1.601292e-01 4.299907e-03
-9.000000e-01 1.592258e-01 4.282464e-03
-8.990000e-01 1.582988e-01 4.264237e-03
-8.980000e-01 1.573488e-01 4.245239e-03
-8.970000e-01 1.563764e-01 4.225482e-03
-8.960000e-01 1.553823e-01 4.204980e-03
-8.950000e-01 1.543669e-01 4.183744e-03
-8.940000e-01 1.533308e-01 4.161787e-03
-8.930000e-01 1.522746e-01 4.139123e-03
-8.920000e-01 1.511989e-01 4.115762e-03
-8.910000e-01 1.501042e-01 4.091719e-03
-8.900000e-01 1.489911e-01 4.067005e-03
-8.890000e-01 1.478601e-01 4.041634e-03
-8.880000e-01 1.467117e-01 4.015617e-03
-8.870000e-01 1.455464e-01 3.988968e-03
-8.860000e-01 1.443648e-01 3.961699e-03
-8.850000e-01 1.431674e-01 3.933821e-03
-8.840000e-01 1.419547e-01 3.905349e-03
-8.830000e-01 1.407271e-01 3.876295e-03
-8.820000e-01 1.394853e-01 3.846670e-03
-8.810000e-01 1.382296e-01 3.816487e-03
-8.800000e-01 1.369605e-01 3.785760e-03
-8.790000e-01 1.356786e-01 3.754499e-03
-8.780000e-01 1.343843e-01 3.722719e-03
-8.770000e-01 1.330780e-01 3.690431e-03
-8.760000e-01 1.317602e-01 3.657647e-03
-8.750000e-01 1.304314e-01 3.624381e-03
-8.740000e-01 1.290921e-01 3.590644e-03
-8.730000e-01 1.277425e-01 3.556449e-03
-8.720000e-01 1.263833e-01 3.521808e-03
-8.710000e-01 1.250148e-01 3.486734e-03
-8.700000e-01 1.236374e-01 3.451239e-03
-8.690000e-01 1.222516e-01 3.415336e-03
-8.680000e-01 1.208577e-01 3.379036e-03
-8.670000e-01 1.194563e-01 3.342352e-03
-8.660000e-01 1.180476e-01 3.305297e-03
-8.650000e-01 1.166320e-01 3.267883e-03
-8.640000e-01 1.152101e-01 3.230121e-03
-8.630000e-01 1.137821e-01 3.192025e-03
-8.620000e-01 1.123484e-01 3.153607e-03
-8.610000e-01 1.109094e-01 3.114878e-03
-8.600000e-01 1.094655e-01 3.075852e-03
-8.590000e-01 1.080171e-01 3.036540e-03
-8.580000e-01 1.065644e-01 2.996954e-03
-8.570000e-01 1.051079e-01 2.957108e-03
-8.560000e-01 1.036479e-01 2.917012e-03
-8.550000e-01 1.021847e-01 2.876680e-03
-8.540000e-01 1.007187e-01 2.836124e-03
-8.530000e-01 9.925026e-02 2.795355e-03
-8.520000e-01 9.777964e-02 2.754385e-03
-8.510000e-01 9.630718e-02 2.713228e-03
-8.500000e-01 9.483322e-02 2.671895e-03
-8.490000e-01 9.335805e-02 2.630398e-03
-8.480000e-01 9.188200e-02 2.588749e-03
-8.470000e-01 9.040537e-02 2.546961e-03
-8.460000e-01 8.892846e-02 2.505046e-03
-8.450000e-01 8.745156e-02 2.463015e-03
-8.440000e-01 8.597496e-02 2.420880e-03
-8.430000e-01 8.449896e-02 2.378655e-03
-8.420000e-01 8.302383e-02 2.336350e-03
-8.410000e-01 8.154985e-02 2.293978e-03
-8.400000e-01 8.007730e-02 2.251551e-03
-8.390000e-01 7.860644e-02 2.209081e-03
-8.380000e-01 7.713754e-02 2.166579e-03
-8.370000e-01 7.567085e-02 2.124059e-03
-8.360000e-01 7.420664e-02 2.081531e-03
-8.350000e-01 7.274515e-02 2.039008e-03
-8.340000e-01 7.128663e-02 1.996502e-03
-8.330000e-01 6.983132e-02 1.954024e-03
-8.320000e-01 6.837947e-02 1.911587e-03
-8.310000e-01 6.693130e-02 1.869202e-03
-8.300000e-01 6.548705e-02 1.826882e-03
-8.290000e-01 6.404695e-02 1.784637e-03
-8.280000e-01 6.261121e-02 1.742481e-03
-8.270000e-01 6.118005e-02 1.700425e-03
-8.260000e-01 5.975370e-02 1.658480e-03
-8.250000e-01 5.833235e-02 1.616659e-03
-8.240000e-01 5.691621e-02 1.574974e-03
-8.230000e-01 5.550550e-02 1.533435e-03
-8.220000e-01 5.410040e-02 1.492056e-03
-8.210000e-01 5.270111e-02 1.450847e-03
-8.200000e-01 5.130782e-02 1.409821e-03
-8.190000e-01 4.992073e-02 1.368989e-03
-8.180000e-01 4.854000e-02 1.328362e-03
-8.170000e-01 4.716584e-02 1.287954e-03
-8.160000e-01 4.579840e-02 1.247775e-03
-8.150000e-01 4.443786e-02 1.207837e-03
-8.140000e-01 4.308440e-02 1.168151e-03
-8.130000e-01 4.173818e-02 1.128730e-03
-8.120000e-01 4.039935e-02 1.089585e-03
-8.110000e-01 3.906809e-02 1.050728e-03
-8.100000e-01 3.774454e-02 1.012170e-03
-8.090000e-01 3.642885e-02 9.739222e-04
-8.080000e-01 3.512118e-02 9.359973e-04
-8.070000e-01 3.382167e-02 8.984063e-04
-8.060000e-01 3.253046e-02 8.611609e-04
-8.050000e-01 3.124768e-02 8.242726e-04
-8.040000e-01 2.997349e-02 7.877529e-04
-8.030000e-01 2.870800e-02 7.516133e-04
-8.020000e-01 2.745135e-02 7.158653e-04
-8.010000e-01 2.620365e-02 6.805204e-04
-8.000000e-01 2.496504e-02 6.455900e-04
-7.990000e-01 2.373564e-02 6.110856e-04
-7.980000e-01 2.251555e-02 5.770187e-04
-7.970000e-01 2.130490e-02 5.434006e-04
-7.960000e-01 2.010379e-02 5.102427e-04
-7.950000e-01 1.891232e-02 4.775565e-04
-7.940000e-01 1.773062e-02 4.453533e-04
-7.930000e-01 1.655876e-02 4.136444e-04
-7.920000e-01 1.539686e-02 3.824413e-04
-7.910000e-01 1.424501e-02 3.517551e-04
-7.900000e-01 1.310330e-02 3.215973e-04
-7.890000e-01 1.197183e-02 2.919791e-04
-7.880000e-01 1.085067e-02 2.629118e-04
-7.870000e-01 9.739911e-03 2.344067e-04
-7.860000e-01 8.639639e-03 2.064749e-04
-7.850000e-01 7.549929e-03 1.791278e-04
-7.840000e-01 6.470859e-03 1.523765e-04
-7.830000e-01 5.402501e-03 1.262323e-04
-7.820000e-01 4.344925e-03 1.007062e-04
-7.810000e-01 3.298201e-03 7.580955e-05
-7.800000e-01 2.262394e-03 5.155338e-05
-7.790000e-01 1.237567e-03 2.794884e-05
-7.780000e-01 2.237807e-04 5.007056e-06
-7.770000e-01 7.789074e-04 1.726217e-05
-7.760000e-01 1.770442e-03 3.885919e-05
-7.750000e-01 2.750768e-03 5.978924e-05
-7.740000e-01 3.719838e-03 8.005758e-05
-7.730000e-01 4.677601e-03 9.966950e-05
-7.720000e-01 5.624012e-03 1.186303e-04
-7.710000e-01 6.559027e-03 1.369453e-04
-7.700000e-01 7.482605e-03 1.546199e-04
-7.690000e-01 8.394708e-03 1.716593e-04
-7.680000e-01 9.295298e-03 1.880691e-04
-7.670000e-01 1.018434e-02 2.038545e-04
-7.660000e-01 1.106180e-02 2.190210e-04
-7.650000e-01 1.192766e-02 2.335740e-04
-7.640000e-01 1.278188e-02 2.475190e-04
-7.630000e-01 1.362443e-02 2.608614e-04
-7.620000e-01 1.445530e-02 2.736067e-04
-7.610000e-01 1.527446e-02 2.857604e-04
-7.600000e-01 1.608189e-02 2.973281e-04
-7.590000e-01 1.687758e-02 3.083152e-04
-7.580000e-01 1.766150e-02 3.187273e-04
-7.570000e-01 1.843365e-02 3.285700e-04
-7.560000e-01 1.919402e-02 3.378489e-04
-7.550000e-01 1.994259e-02 3.465696e-04
-7.540000e-01 2.067936e-02 3.547377e-04
-7.530000e-01 2.140433e-02 3.623590e-04
-7.520000e-01 2.211748e-02 3.694389e-04
-7.510000e-01 2.281881e-02 3.759833e-04
-7.500000e-01 2.350834e-02 3.819979e-04
-7.490000e-01 2.418605e-02 3.874883e-04
-7.480000e-01 2.485195e-02 3.924603e-04
-7.470000e-01 2.550605e-02 3.969198e-04
-7.460000e-01 2.614836e-02 4.008723e-04
-7.450000e-01 2.677888e-02 4.043239e-04
-7.440000e-01 2.739762e-02 4.072803e-04
-7.430000e-01 2.800459e-02 4.097473e-04
-7.420000e-01 2.859982e-02 4.117308e-04
-7.410000e-01 2.918331e-02 4.132366e-04
-7.400000e-01 2.975508e-02 4.142708e-04
-7.390000e-01 3.031515e-02 4.148392e-04
-7.380000e-01 3.086355e-02 4.149478e-04
-7.370000e-01 3.140028e-02 4.146025e-04
-7.360000e-01 3.192538e-02 4.138093e-04
-7.350000e-01 3.243888e-02 4.125742e-04
-7.340000e-01 3.294079e-02 4.109032e-04
-7.330000e-01 3.343114e-02 4.088024e-04
-7.320000e-01 3.390997e-02 4.062779e-04
-7.310000e-01 3.437730e-02 4.033358e-04
-7.300000e-01 3.483317e-02 3.999821e-04
-7.290000e-01 3.527761e-02 3.962230e-04
-7.280000e-01 3.571066e-02 3.920646e-04
-7.270000e-01 3.613234e-02 3.875131e-04
-7.260000e-01 3.654271e-02 3.825748e-04
-7.250000e-01 3.694179e-02 3.772557e-04
-7.240000e-01 3.732963e-02 3.715623e-04
-7.230000e-01 3.770627e-02 3.655006e-04
-7.220000e-01 3.807175e-02 3.590771e-04
-7.210000e-01 3.842612e-02 3.522979e-04
-7.200000e-01 3.876942e-02 3.451695e-04
-7.190000e-01 3.910169e-02 3.376982e-04
-7.180000e-01 3.942299e-02 3.298903e-04
-7.170000e-01 3.973336e-02 3.217522e-04
-7.160000e-01 4.003286e-02 3.132904e-04
-7.150000e-01 4.032152e-02 3.045113e-04
-7.140000e-01 4.059942e-02 2.954214e-04
-7.130000e-01 4.086659e-02 2.860270e-04
-7.120000e-01 4.112309e-02 2.763348e-04
-7.110000e-01 4.136898e-02 2.663513e-04
-7.100000e-01 4.160432e-02 2.560830e-04
-7.090000e-01 4.182915e-02 2.455365e-04
-7.080000e-01 4.204355e-02 2.347183e-04
-7.070000e-01 4.224756e-02 2.236352e-04
-7.060000e-01 4.244125e-02 2.122936e-04
-7.050000e-01 4.262469e-02 2.007005e-04
-7.040000e-01 4.279792e-02 1.888623e-04
-7.030000e-01 4.296101e-02 1.767858e-04
-7.020000e-01 4.311404e-02 1.644778e-04
-7.010000e-01 4.325706e-02 1.519450e-04
-7.000000e-01 4.339013e-02 1.391942e-04
-6.990000e-01 4.351333e-02 1.262322e-04
-6.980000e-01 4.362672e-02 1.130658e-04
-6.970000e-01 4.373037e-02 9.970199e-05
-6.960000e-01 4.382435e-02 8.614753e-05
-6.950000e-01 4.390873e-02 7.240936e-05
-6.940000e-01 4.398357e-02 5.849441e-05
-6.930000e-01 4.404896e-02 4.440965e-05
-6.920000e-01 4.410495e-02 3.016204e-05
-6.910000e-01 4.415163e-02 1.575860e-05
-6.900000e-01 4.418906e-02 1.206364e-06
-6.890000e-01 4.421733e-02 1.348762e-05
-6.880000e-01 4.423649e-02 2.831627e-05
-6.870000e-01 4.424664e-02 4.327248e-05
-6.860000e-01 4.424785e-02 5.834911e-05
-6.850000e-01 4.424018e-02 7.353902e-05
-6.840000e-01 4.422373e-02 8.883500e-05
-6.830000e-01 4.419856e-02 1.042299e-04
-6.820000e-01 4.416475e-02 1.197164e-04
-6.810000e-01 4.412239e-02 1.352872e-04
-6.800000e-01 4.407155e-02 1.509352e-04
-6.790000e-01 4.401232e-02 1.666530e-04
-6.780000e-01 4.394476e-02 1.824332e-04
-6.770000e-01 4.386897e-02 1.982684e-04
-6.760000e-01 4.378503e-02 2.141514e-04
-6.750000e-01 4.369301e-02 2.300746e-04
-6.740000e-01 4.359300e-02 2.460306e-04
-6.730000e-01 4.348508e-02 2.620120e-04
-6.720000e-01 4.336934e-02 2.780112e-04
-6.710000e-01 4.324585e-02 2.940207e-04
-6.700000e-01 4.311471e-02 3.100330e-04
-6.690000e-01 4.297599e-02 3.260404e-04
-6.680000e-01 4.282979e-02 3.420355e-04
-6.670000e-01 4.267617e-02 3.580104e-04
-6.660000e-01 4.251524e-02 3.739577e-04
-6.650000e-01 4.234708e-02 3.898695e-04
-6.640000e-01 4.217177e-02 4.057382e-04
-6.630000e-01 4.198940e-02 4.215560e-04
-6.620000e-01 4.180006e-02 4.373151e-04
-6.610000e-01 4.160383e-02 4.530078e-04
-6.600000e-01 4.140080e-02 4.686262e-04
-6.590000e-01 4.119106e-02 4.841624e-04
-6.580000e-01 4.097469e-02 4.996086e-04
-6.570000e-01 4.075179e-02 5.149568e-04
-6.560000e-01 4.052244e-02 5.301991e-04
-6.550000e-01 4.028673e-02 5.453275e-04
-6.540000e-01 4.004475e-02 5.603341e-04
-6.530000e-01 3.979658e-02 5.752107e-04
-6.520000e-01 3.954232e-02 5.899494e-04
-6.510000e-01 3.928206e-02 6.045419e-04
-6.500000e-01 3.901589e-02 6.189803e-04
-6.490000e-01 3.874388e-02 6.332563e-04
-6.480000e-01 3.846615e-02 6.473618e-04
-6.470000e-01 3.818276e-02 6.612886e-04
-6.460000e-01 3.789382e-02 6.750284e-04
-6.450000e-01 3.759942e-02 6.885730e-04
-6.440000e-01 3.729963e-02 7.019141e-04
-6.430000e-01 3.699457e-02 7.150432e-04
-6.420000e-01 3.668430e-02 7.279522e-04
-6.410000e-01 3.636893e-02 7.406325e-04
-6.400000e-01 3.604854e-02 7.530758e-04
-6.390000e-01 3.572323e-02 7.652736e-04
-6.380000e-01 3.539308e-02 7.772175e-04
-6.370000e-01 3.505819e-02 7.888988e-04
-6.360000e-01 3.471864e-02 8.003092e-04
-6.350000e-01 3.437453e-02 8.114399e-04
-6.340000e-01 3.402594e-02 8.222825e-04
-6.330000e-01 3.367298e-02 8.328282e-04
-6.320000e-01 3.331571e-02 8.430684e-04
-6.310000e-01 3.295425e-02 8.529944e-04
-6.300000e-01 3.258867e-02 8.625975e-04
-6.290000e-01 3.221906e-02 8.718688e-04
-6.280000e-01 3.184553e-02 8.807997e-04
-6.270000e-01 3.146815e-02 8.893813e-04
-6.260000e-01 3.108701e-02 8.976046e-04
-6.250000e-01 3.070222e-02 9.054610e-04
-6.240000e-01 3.031385e-02 9.129413e-04
-6.230000e-01 2.992199e-02 9.200367e-04
-6.220000e-01 2.952674e-02 9.267382e-04
-6.210000e-01 2.912818e-02 9.330367e-04
-6.200000e-01 2.872640e-02 9.389232e-04
-6.190000e-01 2.832149e-02 9.443886e-04
-6.180000e-01 2.791355e-02 9.494239e-04
-6.170000e-01 2.750265e-02 9.540198e-04
-6.160000e-01 2.708889e-02 9.581671e-04
-6.150000e-01 2.667235e-02 9.618567e-04
-6.140000e-01 2.625313e-02 9.650793e-04
-6.130000e-01 2.583131e-02 9.678257e-04
-6.120000e-01 2.540697e-02 9.700864e-04
-6.110000e-01 2.498021e-02 9.718522e-04
-6.100000e-01 2.455112e-02 9.731136e-04
-6.090000e-01 2.411977e-02 9.738613e-04
-6.080000e-01 2.368625e-02 9.740858e-04
-6.070000e-01 2.325066e-02 9.737776e-04
-6.060000e-01 2.281308e-02 9.729273e-04
-6.050000e-01 2.237359e-02 9.715251e-04
-6.040000e-01 2.193227e-02 9.695616e-04
-6.030000e-01 2.148922e-02 9.670272e-04
-6.020000e-01 2.104452e-02 9.639121e-04
-6.010000e-01 2.059826e-02 9.602068e-04
-6.000000e-01 2.015051e-02 9.559014e-04
-5.990000e-01 1.970136e-02 9.509862e-04
-5.980000e-01 1.925090e-02 9.454514e-04
-5.970000e-01 1.879920e-02 9.392872e-04
-5.960000e-01 1.834636e-02 9.324838e-04
-5.950000e-01 1.789245e-02 9.250311e-04
-5.940000e-01 1.743756e-02 9.169194e-04
-5.930000e-01 1.698176e-02 9.081385e-04
-5.920000e-01 1.652514e-02 8.986786e-04
-5.910000e-01 1.606779e-02 8.885296e-04
-5.900000e-01 1.560977e-02 8.776814e-04
-5.890000e-01 1.515117e-02 8.661238e-04
-5.880000e-01 1.469208e-02 8.538468e-04
-5.870000e-01 1.423257e-02 8.408402e-04
-5.860000e-01 1.377271e-02 8.270937e-04
-5.850000e-01 1.331260e-02 8.125972e-04
-5.840000e-01 1.285230e-02 7.973402e-04
-5.830000e-01 1.239190e-02 7.813125e-04
-5.820000e-01 1.193146e-02 7.645037e-04
-5.810000e-01 1.147108e-02 7.469035e-04
-5.800000e-01 1.101082e-02 7.285013e-04
-5.790000e-01 1.055077e-02 7.092868e-04
-5.780000e-01 1.009099e-02 6.892494e-04
-5.770000e-01 9.631561e-03 6.683786e-04
-5.760000e-01 9.172562e-03 6.466637e-04
-5.750000e-01 8.714064e-03 6.240942e-04
-5.740000e-01 8.256141e-03 6.006595e-04
-5.730000e-01 7.798866e-03 5.763488e-04
-5.720000e-01 7.342313e-03 5.511514e-04
-5.710000e-01 6.886553e-03 5.250566e-04
-5.700000e-01 6.431658e-03 4.980536e-04
-5.690000e-01 5.977700e-03 4.701314e-04
-5.680000e-01 5.524750e-03 4.412793e-04
-5.670000e-01 5.072877e-03 4.114864e-04
-5.660000e-01 4.622151e-03 3.807416e-04
-5.650000e-01 4.172642e-03 3.490341e-04
-5.640000e-01 3.724418e-03 3.163527e-04
-5.630000e-01 3.277548e-03 2.826865e-04
-5.620000e-01 2.832099e-03 2.480243e-04
-5.610000e-01 2.388139e-03 2.123550e-04
-5.600000e-01 1.945733e-03 1.756675e-04
-5.590000e-01 1.504948e-03 1.379505e-04
-5.580000e-01 1.065849e-03 9.919278e-05
-5.570000e-01 6.285021e-04 5.938308e-05
-5.560000e-01 1.929702e-04 1.851006e-05
-5.550000e-01 2.406823e-04 2.343668e-05
-5.540000e-01 6.723923e-04 6.645081e-05
-5.530000e-01 1.102097e-03 1.105115e-04
-5.520000e-01 1.529735e-03 1.555974e-04
-5.510000e-01 1.955244e-03 2.016874e-04
-5.500000e-01 2.378563e-03 2.487602e-04
-5.490000e-01 2.799633e-03 2.967947e-04
-5.480000e-01 3.218393e-03 3.457697e-04
-5.470000e-01 3.634784e-03 3.956641e-04
-5.460000e-01 4.048749e-03 4.464569e-04
-5.450000e-01 4.460228e-03 4.981271e-04
-5.440000e-01 4.869165e-03 5.506537e-04
-5.430000e-01 5.275503e-03 6.040157e-04
-5.420000e-01 5.679186e-03 6.581923e-04
-5.410000e-01 6.080158e-03 7.131625e-04
-5.400000e-01 6.478365e-03 7.689056e-04
-5.390000e-01 6.873752e-03 8.254008e-04
-5.380000e-01 7.266267e-03 8.826272e-04
-5.370000e-01 7.655855e-03 9.405642e-04
-5.360000e-01 8.042465e-03 9.991912e-04
-5.350000e-01 8.426044e-03 1.058487e-03
-5.340000e-01 8.806543e-03 1.118432e-03
-5.330000e-01 9.183910e-03 1.179005e-03
-5.320000e-01 9.558095e-03 1.240186e-03
-5.310000e-01 9.929051e-03 1.301953e-03
-5.300000e-01 1.029673e-02 1.364288e-03
-5.290000e-01 1.066108e-02 1.427168e-03
-5.280000e-01 1.102205e-02 1.490574e-03
-5.270000e-01 1.137961e-02 1.554486e-03
-5.260000e-01 1.173370e-02 1.618883e-03
-5.250000e-01 1.208427e-02 1.683744e-03
-5.240000e-01 1.243130e-02 1.749051e-03
-5.230000e-01 1.277472e-02 1.814782e-03
-5.220000e-01 1.311450e-02 1.880917e-03
-5.210000e-01 1.345059e-02 1.947436e-03
-5.200000e-01 1.378296e-02 2.014320e-03
-5.190000e-01 1.411155e-02 2.081547e-03
-5.180000e-01 1.443634e-02 2.149098e-03
-5.170000e-01 1.475728e-02 2.216954e-03
-5.160000e-01 1.507433e-02 2.285093e-03
-5.150000e-01 1.538746e-02 2.353497e-03
-5.140000e-01 1.569662e-02 2.422145e-03
-5.130000e-01 1.600177e-02 2.491018e-03
-5.120000e-01 1.630290e-02 2.560095e-03
-5.110000e-01 1.659994e-02 2.629357e-03
-5.100000e-01 1.689288e-02 2.698784e-03
-5.090000e-01 1.718168e-02 2.768357e-03
-5.080000e-01 1.746629e-02 2.838056e-03
-5.070000e-01 1.774670e-02 2.907860e-03
-5.060000e-01 1.802287e-02 2.977752e-03
-5.050000e-01 1.829476e-02 3.047710e-03
-5.040000e-01 1.856235e-02 3.117716e-03
-5.030000e-01 1.882560e-02 3.187750e-03
-5.020000e-01 1.908449e-02 3.257792e-03
-5.010000e-01 1.933899e-02 3.327824e-03
-5.000000e-01 1.958906e-02 3.397826e-03
-4.990000e-01 1.983469e-02 3.467778e-03
-4.980000e-01 2.007584e-02 3.537661e-03
-4.970000e-01 2.031249e-02 3.607455e-03
-4.960000e-01 2.054461e-02 3.677143e-03
-4.950000e-01 2.077218e-02 3.746703e-03
-4.940000e-01 2.099518e-02 3.816118e-03
-4.930000e-01 2.121357e-02 3.885368e-03
-4.920000e-01 2.142735e-02 3.954434e-03
-4.910000e-01 2.163648e-02 4.023296e-03
-4.900000e-01 2.184095e-02 4.091936e-03
-4.890000e-01 2.204073e-02 4.160335e-03
-4.880000e-01 2.223582e-02 4.228474e-03
-4.870000e-01 2.242617e-02 4.296333e-03
-4.860000e-01 2.261179e-02 4.363894e-03
-4.850000e-01 2.279265e-02 4.431138e-03
-4.840000e-01 2.296873e-02 4.498045e-03
-4.830000e-01 2.314002e-02 4.564598e-03
-4.820000e-01 2.330650e-02 4.630777e-03
-4.810000e-01 2.346816e-02 4.696564e-03
-4.800000e-01 2.362498e-02 4.761939e-03
-4.790000e-01 2.377696e-02 4.826885e-03
-4.780000e-01 2.392407e-02 4.891381e-03
-4.770000e-01 2.406631e-02 4.955410e-03
-4.760000e-01 2.420366e-02 5.018954e-03
-4.750000e-01 2.433611e-02 5.081992e-03
-4.740000e-01 2.446366e-02 5.144507e-03
-4.730000e-01 2.458630e-02 5.206480e-03
-4.720000e-01 2.470401e-02 5.267893e-03
-4.710000e-01 2.481679e-02 5.328726e-03
-4.700000e-01 2.492463e-02 5.388963e-03
-4.690000e-01 2.502753e-02 5.448583e-03
-4.680000e-01 2.512548e-02 5.507569e-03
-4.670000e-01 2.521847e-02 5.565902e-03
-4.660000e-01 2.530650e-02 5.623563e-03
-4.650000e-01 2.538957e-02 5.680535e-03
-4.640000e-01 2.546768e-02 5.736799e-03
-4.630000e-01 2.554081e-02 5.792337e-03
-4.620000e-01 2.560898e-02 5.847129e-03
-4.610000e-01 2.567218e-02 5.901159e-03
-4.600000e-01 2.573040e-02 5.954407e-03
-4.590000e-01 2.578366e-02 6.006856e-03
-4.580000e-01 2.583195e-02 6.058487e-03
-4.570000e-01 2.587527e-02 6.109282e-03
-4.560000e-01 2.591363e-02 6.159222e-03
-4.550000e-01 2.594702e-02 6.208290e-03
-4.540000e-01 2.597546e-02 6.256468e-03
-4.530000e-01 2.599895e-02 6.303736e-03
-4.520000e-01 2.601750e-02 6.350077e-03
-4.510000e-01 2.603110e-02 6.395473e-03
-4.500000e-01 2.603977e-02 6.439906e-03
-4.490000e-01 2.604351e-02 6.483358e-03
-4.480000e-01 2.604234e-02 6.525810e-03
-4.470000e-01 2.603625e-02 6.567244e-03
-4.460000e-01 2.602527e-02 6.607642e-03
-4.450000e-01 2.600940e-02 6.646987e-03
-4.440000e-01 2.598864e-02 6.685260e-03
-4.430000e-01 2.596302e-02 6.722443e-03
-4.420000e-01 2.593255e-02 6.758518e-03
-4.410000e-01 2.589723e-02 6.793467e-03
-4.400000e-01 2.585708e-02 6.827272e-03
-4.390000e-01 2.581212e-02 6.859915e-03
-4.380000e-01 2.576236e-02 6.891378e-03
-4.370000e-01 2.570781e-02 6.921642e-03
-4.360000e-01 2.564849e-02 6.950691e-03
-4.350000e-01 2.558442e-02 6.978505e-03
-4.340000e-01 2.551562e-02 7.005068e-03
-4.330000e-01 2.544209e-02 7.030360e-03
-4.320000e-01 2.536387e-02 7.054363e-03
-4.310000e-01 2.528097e-02 7.077061e-03
-4.300000e-01 2.519341e-02 7.098434e-03
-4.290000e-01 2.510121e-02 7.118465e-03
-4.280000e-01 2.500439e-02 7.137135e-03
-4.270000e-01 2.490298e-02 7.154428e-03
-4.260000e-01 2.479699e-02 7.170323e-03
-4.250000e-01 2.468645e-02 7.184805e-03
-4.240000e-01 2.457138e-02 7.197853e-03
-4.230000e-01 2.445181e-02 7.209451e-03
-4.220000e-01 2.432777e-02 7.219581e-03
-4.210000e-01 2.419926e-02 7.228223e-03
-4.200000e-01 2.406634e-02 7.235361e-03
-4.190000e-01 2.392901e-02 7.240975e-03
-4.180000e-01 2.378731e-02 7.245048e-03
-4.170000e-01 2.364126e-02 7.247562e-03
-4.160000e-01 2.349089e-02 7.248498e-03
-4.150000e-01 2.333624e-02 7.247839e-03
-4.140000e-01 2.317733e-02 7.245565e-03
-4.130000e-01 2.301419e-02 7.241660e-03
-4.120000e-01 2.284686e-02 7.236104e-03
-4.110000e-01 2.267536e-02 7.228879e-03
-4.100000e-01 2.249972e-02 7.219966e-03
-4.090000e-01 2.231998e-02 7.209349e-03
-4.080000e-01 2.213618e-02 7.197007e-03
-4.070000e-01 2.194833e-02 7.182924e-03
-4.060000e-01 2.175649e-02 7.167080e-03
-4.050000e-01 2.156068e-02 7.149456e-03
-4.040000e-01 2.136094e-02 7.130035e-03
-4.030000e-01 2.115731e-02 7.108798e-03
-4.020000e-01 2.094982e-02 7.085726e-03
-4.010000e-01 2.073850e-02 7.060800e-03
-4.000000e-01 2.052340e-02 7.034002e-03
-3.990000e-01 2.030455e-02 7.005314e-03
-3.980000e-01 2.008200e-02 6.974716e-03
-3.970000e-01 1.985577e-02 6.942190e-03
-3.960000e-01 1.962592e-02 6.907717e-03
-3.950000e-01 1.939247e-02 6.871277e-03
-3.940000e-01 1.915548e-02 6.832853e-03
-3.930000e-01 1.891498e-02 6.792424e-03
-3.920000e-01 1.867101e-02 6.749973e-03
-3.910000e-01 1.842362e-02 6.705479e-03
-3.900000e-01 1.817284e-02 6.658924e-03
-3.890000e-01 1.791873e-02 6.610288e-03
-3.880000e-01 1.766132e-02 6.559553e-03
-3.870000e-01 1.740066e-02 6.506698e-03
-3.860000e-01 1.713679e-02 6.451705e-03
-3.850000e-01 1.686976e-02 6.394554e-03
-3.840000e-01 1.659961e-02 6.335225e-03
-3.830000e-01 1.632640e-02 6.273698e-03
-3.820000e-01 1.605015e-02 6.209955e-03
-3.810000e-01 1.577093e-02 6.143975e-03
-3.800000e-01 1.548878e-02 6.075738e-03
-3.790000e-01 1.520374e-02 6.005224e-03
-3.780000e-01 1.491587e-02 5.932414e-03
-3.770000e-01 1.462521e-02 5.857288e-03
-3.760000e-01 1.433182e-02 5.779824e-03
-3.750000e-01 1.403573e-02 5.700003e-03
-3.740000e-01 1.373701e-02 5.617805e-03
-3.730000e-01 1.343570e-02 5.533208e-03
-3.720000e-01 1.313185e-02 5.446193e-03
-3.710000e-01 1.282551e-02 5.356738e-03
-3.700000e-01 1.251674e-02 5.264824e-03
-3.690000e-01 1.220558e-02 5.170428e-03
-3.680000e-01 1.189209e-02 5.073531e-03
-3.670000e-01 1.157632e-02 4.974110e-03
-3.660000e-01 1.125832e-02 4.872145e-03
-3.650000e-01 1.093815e-02 4.767615e-03
-3.640000e-01 1.061586e-02 4.660498e-03
-3.630000e-01 1.029150e-02 4.550772e-03
-3.620000e-01 9.965135e-03 4.438416e-03
-3.610000e-01 9.636808e-03 4.323408e-03
-3.600000e-01 9.306580e-03 4.205725e-03
-3.590000e-01 8.974504e-03 4.085347e-03
-3.580000e-01 8.640636e-03 3.962251e-03
-3.570000e-01 8.305033e-03 3.836414e-03
-3.560000e-01 7.967750e-03 3.707814e-03
-3.550000e-01 7.628844e-03 3.576429e-03
-3.540000e-01 7.288371e-03 3.442235e-03
-3.530000e-01 6.946390e-03 3.305210e-03
-3.520000e-01 6.602956e-03 3.165330e-03
-3.510000e-01 6.258129e-03 3.022573e-03
-3.500000e-01 5.911965e-03 2.876915e-03
-3.490000e-01 5.564523e-03 2.728332e-03
-3.480000e-01 5.215862e-03 2.576801e-03
-3.470000e-01 4.866039e-03 2.422298e-03
-3.460000e-01 4.515115e-03 2.264799e-03
-3.450000e-01 4.163148e-03 2.104279e-03
-3.440000e-01 3.810197e-03 1.940715e-03
-3.430000e-01 3.456323e-03 1.774082e-03
-3.420000e-01 3.101585e-03 1.604354e-03
-3.410000e-01 2.746043e-03 1.431507e-03
-3.400000e-01 2.389757e-03 1.255516e-03
-3.390000e-01 2.032789e-03 1.076356e-03
-3.380000e-01 1.675197e-03 8.940004e-04
-3.370000e-01 1.317044e-03 7.084241e-04
-3.360000e-01 9.583910e-04 5.196010e-04
-3.350000e-01 5.992981e-04 3.275050e-04
-3.340000e-01 2.398271e-04 1.321096e-04
-3.330000e-01 1.199606e-04 6.661086e-05
-3.320000e-01 4.800032e-04 2.686375e-04
-3.310000e-01 8.402391e-04 4.738816e-04
-3.300000e-01 1.200606e-03 6.822488e-04
-3.290000e-01 1.561043e-03 8.936449e-04
-3.280000e-01 1.921486e-03 1.107976e-03
-3.270000e-01 2.281875e-03 1.325148e-03
-3.260000e-01 2.642146e-03 1.545068e-03
-3.250000e-01 3.002237e-03 1.767642e-03
-3.240000e-01 3.362086e-03 1.992778e-03
-3.230000e-01 3.721629e-03 2.220383e-03
-3.220000e-01 4.080805e-03 2.450365e-03
-3.210000e-01 4.439551e-03 2.682630e-03
-3.200000e-01 4.797803e-03 2.917088e-03
-3.190000e-01 5.155500e-03 3.153647e-03
-3.180000e-01 5.512577e-03 3.392215e-03
-3.170000e-01 5.868973e-03 3.632701e-03
-3.160000e-01 6.224624e-03 3.875016e-03
-3.150000e-01 6.579467e-03 4.119067e-03
-3.140000e-01 6.933440e-03 4.364765e-03
-3.130000e-01 7.286479e-03 4.612021e-03
-3.120000e-01 7.638522e-03 4.860744e-03
-3.110000e-01 7.989506e-03 5.110845e-03
-3.100000e-01 8.339368e-03 5.362236e-03
-3.090000e-01 8.688044e-03 5.614828e-03
-3.080000e-01 9.035474e-03 5.868533e-03
-3.070000e-01 9.381592e-03 6.123262e-03
-3.060000e-01 9.726338e-03 6.378928e-03
-3.050000e-01 1.006965e-02 6.635445e-03
-3.040000e-01 1.041146e-02 6.892725e-03
-3.030000e-01 1.075171e-02 7.150681e-03
-3.020000e-01 1.109034e-02 7.409227e-03
-3.010000e-01 1.142729e-02 7.668278e-03
-3.000000e-01 1.176248e-02 7.927749e-03
-2.990000e-01 1.209587e-02 8.187553e-03
-2.980000e-01 1.242739e-02 8.447607e-03
-2.970000e-01 1.275697e-02 8.707827e-03
-2.960000e-01 1.308457e-02 8.968127e-03
-2.950000e-01 1.341010e-02 9.228426e-03
-2.940000e-01 1.373352e-02 9.488639e-03
-2.930000e-01 1.405477e-02 9.748685e-03
-2.920000e-01 1.437377e-02 1.000848e-02
-2.910000e-01 1.469048e-02 1.026794e-02
-2.900000e-01 1.500483e-02 1.052699e-02
-2.890000e-01 1.531676e-02 1.078555e-02
-2.880000e-01 1.562621e-02 1.104353e-02
-2.870000e-01 1.593312e-02 1.130086e-02
-2.860000e-01 1.623743e-02 1.155745e-02
-2.850000e-01 1.653909e-02 1.181323e-02
-2.840000e-01 1.683803e-02 1.206811e-02
-2.830000e-01 1.713420e-02 1.232203e-02
-2.820000e-01 1.742753e-02 1.257489e-02
-2.810000e-01 1.771797e-02 1.282664e-02
-2.800000e-01 1.800547e-02 1.307717e-02
-2.790000e-01 1.828996e-02 1.332643e-02
-2.780000e-01 1.857138e-02 1.357434e-02
-2.770000e-01 1.884969e-02 1.382082e-02
-2.760000e-01 1.912482e-02 1.406579e-02
-2.750000e-01 1.939672e-02 1.430918e-02
-2.740000e-01 1.966533e-02 1.455092e-02
-2.730000e-01 1.993060e-02 1.479093e-02
-2.720000e-01 2.019247e-02 1.502915e-02
-2.710000e-01 2.045088e-02 1.526549e-02
-2.700000e-01 2.070580e-02 1.549990e-02
-2.690000e-01 2.095715e-02 1.573229e-02
-2.680000e-01 2.120489e-02 1.596259e-02
-2.670000e-01 2.144897e-02 1.619075e-02
-2.660000e-01 2.168932e-02 1.641668e-02
-2.650000e-01 2.192591e-02 1.664032e-02
-2.640000e-01 2.215868e-02 1.686159e-02
-2.630000e-01 2.238757e-02 1.708045e-02
-2.620000e-01 2.261255e-02 1.729681e-02
-2.610000e-01 2.283355e-02 1.751060e-02
-2.600000e-01 2.305053e-02 1.772178e-02
-2.590000e-01 2.326344e-02 1.793026e-02
-2.580000e-01 2.347223e-02 1.813598e-02
-2.570000e-01 2.367686e-02 1.833889e-02
-2.560000e-01 2.387727e-02 1.853891e-02
-2.550000e-01 2.407342e-02 1.873599e-02
-2.540000e-01 2.426527e-02 1.893006e-02
-2.530000e-01 2.445276e-02 1.912107e-02
-2.520000e-01 2.463586e-02 1.930894e-02
-2.510000e-01 2.481452e-02 1.949363e-02
-2.500000e-01 2.498870e-02 1.967507e-02
-2.490000e-01 2.515834e-02 1.985320e-02
-2.480000e-01 2.532342e-02 2.002797e-02
-2.470000e-01 2.548389e-02 2.019932e-02
-2.460000e-01 2.563971e-02 2.036720e-02
-2.450000e-01 2.579083e-02 2.053154e-02
-2.440000e-01 2.593722e-02 2.069229e-02
-2.430000e-01 2.607884e-02 2.084940e-02
-2.420000e-01 2.621565e-02 2.100281e-02
-2.410000e-01 2.634762e-02 2.115248e-02
-2.400000e-01 2.647470e-02 2.129835e-02
-2.390000e-01 2.659686e-02 2.144037e-02
-2.380000e-01 2.671407e-02 2.157848e-02
-2.370000e-01 2.682628e-02 2.171265e-02
-2.360000e-01 2.693348e-02 2.184281e-02
-2.350000e-01 2.703561e-02 2.196893e-02
-2.340000e-01 2.713266e-02 2.209095e-02
-2.330000e-01 2.722459e-02 2.220883e-02
-2.320000e-01 2.731137e-02 2.232252e-02
-2.310000e-01 2.739296e-02 2.243198e-02
-2.300000e-01 2.746935e-02 2.253717e-02
-2.290000e-01 2.754050e-02 2.263803e-02
-2.280000e-01 2.760638e-02 2.273454e-02
-2.270000e-01 2.766697e-02 2.282664e-02
-2.260000e-01 2.772225e-02 2.291429e-02
-2.250000e-01 2.777218e-02 2.299746e-02
-2.240000e-01 2.781675e-02 2.307611e-02
-2.230000e-01 2.785592e-02 2.315020e-02
-2.220000e-01 2.788969e-02 2.321969e-02
-2.210000e-01 2.791803e-02 2.328454e-02
-2.200000e-01 2.794091e-02 2.334473e-02
-2.190000e-01 2.795832e-02 2.340021e-02
-2.180000e-01 2.797024e-02 2.345095e-02
-2.170000e-01 2.797665e-02 2.349692e-02
-2.160000e-01 2.797755e-02 2.353808e-02
-2.150000e-01 2.797290e-02 2.357441e-02
-2.140000e-01 2.796270e-02 2.360588e-02
-2.130000e-01 2.794693e-02 2.363245e-02
-2.120000e-01 2.792558e-02 2.365410e-02
-2.110000e-01 2.789864e-02 2.367080e-02
-2.100000e-01 2.786610e-02 2.368252e-02
-2.090000e-01 2.782795e-02 2.368925e-02
-2.080000e-01 2.778417e-02 2.369094e-02
-2.070000e-01 2.773478e-02 2.368759e-02
-2.060000e-01 2.767975e-02 2.367916e-02
-2.050000e-01 2.761908e-02 2.366564e-02
-2.040000e-01 2.755276e-02 2.364701e-02
-2.030000e-01 2.748081e-02 2.362324e-02
-2.020000e-01 2.740320e-02 2.359432e-02
-2.010000e-01 2.731995e-02 2.356022e-02
-2.000000e-01 2.723105e-02 2.352094e-02
-1.990000e-01 2.713650e-02 2.347645e-02
-1.980000e-01 2.703630e-02 2.342675e-02
-1.970000e-01 2.693046e-02 2.337181e-02
-1.960000e-01 2.681899e-02 2.331163e-02
-1.950000e-01 2.670188e-02 2.324618e-02
-1.940000e-01 2.657915e-02 2.317547e-02
-1.930000e-01 2.645080e-02 2.309948e-02
-1.920000e-01 2.631685e-02 2.301820e-02
-1.910000e-01 2.617729e-02 2.293163e-02
-1.900000e-01 2.603215e-02 2.283976e-02
-1.890000e-01 2.588144e-02 2.274257e-02
-1.880000e-01 2.572516e-02 2.264007e-02
-1.870000e-01 2.556334e-02 2.253226e-02
-1.860000e-01 2.539599e-02 2.241912e-02
-1.850000e-01 2.522313e-02 2.230066e-02
-1.840000e-01 2.504478e-02 2.217688e-02
-1.830000e-01 2.486095e-02 2.204778e-02
-1.820000e-01 2.467166e-02 2.191335e-02
-1.810000e-01 2.447695e-02 2.177360e-02
-1.800000e-01 2.427682e-02 2.162854e-02
-1.790000e-01 2.407132e-02 2.147816e-02
-1.780000e-01 2.386045e-02 2.132248e-02
-1.770000e-01 2.364425e-02 2.116149e-02
-1.760000e-01 2.342274e-02 2.099522e-02
-1.750000e-01 2.319597e-02 2.082365e-02
-1.740000e-01 2.296394e-02 2.064681e-02
-1.730000e-01 2.272671e-02 2.046470e-02
-1.720000e-01 2.248429e-02 2.027734e-02
-1.710000e-01 2.223672e-02 2.008473e-02
-1.700000e-01 2.198405e-02 1.988690e-02
-1.690000e-01 2.172630e-02 1.968384e-02
-1.680000e-01 2.146351e-02 1.947559e-02
-1.670000e-01 2.119572e-02 1.926216e-02
-1.660000e-01 2.092298e-02 1.904355e-02
-1.650000e-01 2.064532e-02 1.881980e-02
-1.640000e-01 2.036278e-02 1.859092e-02
-1.630000e-01 2.007541e-02 1.835692e-02
-1.620000e-01 1.978325e-02 1.811784e-02
-1.610000e-01 1.948636e-02 1.787370e-02
-1.600000e-01 1.918477e-02 1.762451e-02
-1.590000e-01 1.887853e-02 1.737030e-02
-1.580000e-01 1.856770e-02 1.711109e-02
-1.570000e-01 1.825233e-02 1.684692e-02
-1.560000e-01 1.793246e-02 1.657780e-02
-1.550000e-01 1.760815e-02 1.630377e-02
-1.540000e-01 1.727946e-02 1.602485e-02
-1.530000e-01 1.694644e-02 1.574108e-02
-1.520000e-01 1.660915e-02 1.545248e-02
-1.510000e-01 1.626764e-02 1.515909e-02
-1.500000e-01 1.592198e-02 1.486093e-02
-1.490000e-01 1.557222e-02 1.455805e-02
-1.480000e-01 1.521842e-02 1.425047e-02
-1.470000e-01 1.486066e-02 1.393823e-02
-1.460000e-01 1.449899e-02 1.362136e-02
-1.450000e-01 1.413347e-02 1.329991e-02
-1.440000e-01 1.376417e-02 1.297390e-02
-1.430000e-01 1.339117e-02 1.264339e-02
-1.420000e-01 1.301452e-02 1.230840e-02
-1.410000e-01 1.263430e-02 1.196897e-02
-1.400000e-01 1.225057e-02 1.162515e-02
-1.390000e-01 1.186341e-02 1.127698e-02
-1.380000e-01 1.147290e-02 1.092450e-02
-1.370000e-01 1.107909e-02 1.056775e-02
-1.360000e-01 1.068207e-02 1.020677e-02
-1.350000e-01 1.028192e-02 9.841619e-03
-1.340000e-01 9.878708e-03 9.472330e-03
-1.330000e-01 9.472512e-03 9.098952e-03
-1.320000e-01 9.063411e-03 8.721530e-03
-1.310000e-01 8.651485e-03 8.340112e-03
-1.300000e-01 8.236814e-03 7.954745e-03
-1.290000e-01 7.819479e-03 7.565478e-03
-1.280000e-01 7.399564e-03 7.172359e-03
-1.270000e-01 6.977150e-03 6.775437e-03
-1.260000e-01 6.552322e-03 6.374763e-03
-1.250000e-01 6.125164e-03 5.970386e-03
-1.240000e-01 5.695764e-03 5.562359e-03
-1.230000e-01 5.264206e-03 5.150731e-03
-1.220000e-01 4.830579e-03 4.735556e-03
-1.210000e-01 4.394971e-03 4.316886e-03
-1.200000e-01 3.957472e-03 3.894773e-03
-1.190000e-01 3.518170e-03 3.469272e-03
-1.180000e-01 3.077156e-03 3.040435e-03
-1.170000e-01 2.634523e-03 2.608317e-03
-1.160000e-01 2.190361e-03 2.172973e-03
-1.150000e-01 1.744765e-03 1.734457e-03
-1.140000e-01 1.297826e-03 1.292824e-03
-1.130000e-01 8.496408e-04 8.481308e-04
-1.120000e-01 4.003024e-04 4.004321e-04
-1.110000e-01 5.009318e-05 5.021586e-05
-1.100000e-01 5.014499e-04 5.037361e-04
-1.090000e-01 9.536712e-04 9.599923e-04
-1.080000e-01 1.406660e-03 1.418838e-03
-1.070000e-01 1.860318e-03 1.880125e-03
-1.060000e-01 2.314548e-03 2.343706e-03
-1.050000e-01 2.769250e-03 2.809435e-03
-1.040000e-01 3.224325e-03 3.277162e-03
-1.030000e-01 3.679675e-03 3.746742e-03
-1.020000e-01 4.135198e-03 4.218026e-03
-1.010000e-01 4.590795e-03 4.690867e-03
-1.000000e-01 5.046363e-03 5.165117e-03
-9.900000e-02 5.501803e-03 5.640628e-03
-9.800000e-02 5.957013e-03 6.117254e-03
-9.700000e-02 6.411891e-03 6.594845e-03
-9.600000e-02 6.866335e-03 7.073257e-03
-9.500000e-02 7.320242e-03 7.552340e-03
-9.400000e-02 7.773510e-03 8.031949e-03
-9.300000e-02 8.226036e-03 8.511936e-03
-9.200000e-02 8.677718e-03 8.992156e-03
-9.100000e-02 9.128453e-03 9.472462e-03
-9.000000e-02 9.578136e-03 9.952708e-03
-8.900000e-02 1.002667e-02 1.043275e-02
-8.800000e-02 1.047394e-02 1.091244e-02
-8.700000e-02 1.091985e-02 1.139163e-02
-8.600000e-02 1.136430e-02 1.187019e-02
-8.500000e-02 1.180718e-02 1.234796e-02
-8.400000e-02 1.224839e-02 1.282480e-02
-8.300000e-02 1.268783e-02 1.330058e-02
-8.200000e-02 1.312539e-02 1.377514e-02
-8.100000e-02 1.356098e-02 1.424835e-02
-8.000000e-02 1.399448e-02 1.472006e-02
-7.900000e-02 1.442579e-02 1.519013e-02
-7.800000e-02 1.485483e-02 1.565844e-02
-7.700000e-02 1.528147e-02 1.612482e-02
-7.600000e-02 1.570562e-02 1.658915e-02
-7.500000e-02 1.612718e-02 1.705130e-02
-7.400000e-02 1.654605e-02 1.751111e-02
-7.300000e-02 1.696213e-02 1.796846e-02
-7.200000e-02 1.737532e-02 1.842321e-02
-7.100000e-02 1.778551e-02 1.887523e-02
-7.000000e-02 1.819261e-02 1.932438e-02
-6.900000e-02 1.859652e-02 1.977053e-02
-6.800000e-02 1.899715e-02 2.021355e-02
-6.700000e-02 1.939438e-02 2.065330e-02
-6.600000e-02 1.978814e-02 2.108967e-02
-6.500000e-02 2.017831e-02 2.152252e-02
-6.400000e-02 2.056481e-02 2.195173e-02
-6.300000e-02 2.094754e-02 2.237716e-02
-6.200000e-02 2.132641e-02 2.279869e-02
-6.100000e-02 2.170131e-02 2.321620e-02
-6.000000e-02 2.207217e-02 2.362958e-02
-5.900000e-02 2.243889e-02 2.403868e-02
-5.800000e-02 2.280137e-02 2.444340e-02
-5.700000e-02 2.315953e-02 2.484363e-02
-5.600000e-02 2.351327e-02 2.523923e-02
-5.500000e-02 2.386252e-02 2.563009e-02
-5.400000e-02 2.420717e-02 2.601611e-02
-5.300000e-02 2.454715e-02 2.639716e-02
-5.200000e-02 2.488237e-02 2.677314e-02
-5.100000e-02 2.521275e-02 2.714393e-02
-5.000000e-02 2.553819e-02 2.750944e-02
-4.900000e-02 2.585863e-02 2.786954e-02
-4.800000e-02 2.617397e-02 2.822414e-02
-4.700000e-02 2.648415e-02 2.857313e-02
-4.600000e-02 2.678907e-02 2.891641e-02
-4.500000e-02 2.708867e-02 2.925388e-02
-4.400000e-02 2.738286e-02 2.958545e-02
-4.300000e-02 2.767157e-02 2.991100e-02
-4.200000e-02 2.795473e-02 3.023046e-02
-4.100000e-02 2.823226e-02 3.054373e-02
-4.000000e-02 2.850410e-02 3.085070e-02
-3.900000e-02 2.877017e-02 3.115131e-02
-3.800000e-02 2.903041e-02 3.144545e-02
-3.700000e-02 2.928474e-02 3.173305e-02
-3.600000e-02 2.953311e-02 3.201401e-02
-3.500000e-02 2.977545e-02 3.228826e-02
-3.400000e-02 3.001169e-02 3.255571e-02
-3.300000e-02 3.024178e-02 3.281629e-02
-3.200000e-02 3.046566e-02 3.306993e-02
-3.100000e-02 3.068326e-02 3.331654e-02
-3.000000e-02 3.089454e-02 3.355606e-02
-2.900000e-02 3.109943e-02 3.378841e-02
-2.800000e-02 3.129788e-02 3.401353e-02
-2.700000e-02 3.148985e-02 3.423136e-02
-2.600000e-02 3.167528e-02 3.444182e-02
-2.500000e-02 3.185412e-02 3.464487e-02
-2.400000e-02 3.202633e-02 3.484043e-02
-2.300000e-02 3.219186e-02 3.502845e-02
-2.200000e-02 3.235067e-02 3.520888e-02
-2.100000e-02 3.250271e-02 3.538166e-02
-2.000000e-02 3.264795e-02 3.554675e-02
-1.900000e-02 3.278635e-02 3.570409e-02
-1.800000e-02 3.291788e-02 3.585364e-02
-1.700000e-02 3.304249e-02 3.599536e-02
-1.600000e-02 3.316016e-02 3.612920e-02
-1.500000e-02 3.327085e-02 3.625512e-02
-1.400000e-02 3.337454e-02 3.637310e-02
-1.300000e-02 3.347119e-02 3.648309e-02
-1.200000e-02 3.356079e-02 3.658506e-02
-1.100000e-02 3.364331e-02 3.667898e-02
-1.000000e-02 3.371872e-02 3.676483e-02
-9.000000e-03 3.378702e-02 3.684258e-02
-8.000000e-03 3.384817e-02 3.691220e-02
-7.000000e-03 3.390216e-02 3.697368e-02
-6.000000e-03 3.394899e-02 3.702700e-02
-5.000000e-03 3.398863e-02 3.707215e-02
-4.000000e-03 3.402108e-02 3.710910e-02
-3.000000e-03 3.404633e-02 3.713785e-02
-2.000000e-03 3.406437e-02 3.715840e-02
-1.000000e-03 3.407519e-02 3.717073e-02
8.812395e-16 3.407880e-02 3.717484e-02
1.000000e-03 3.407519e-02 3.717073e-02
2.000000e-03 3.406437e-02 3.715840e-02
3.000000e-03 3.404633e-02 3.713785e-02
4.000000e-03 3.402108e-02 3.710910e-02
5.000000e-03 3.398863e-02 3.707215e-02
6.000000e-03 3.394899e-02 3.702700e-02
7.000000e-03 3.390216e-02 3.697368e-02
8.000000e-03 3.384817e-02 3.691220e-02
9.000000e-03 3.378702e-02 3.684258e-02
1.000000e-02 3.371872e-02 3.676483e-02
1.100000e-02 3.364331e-02 3.667898e-02
1.200000e-02 3.356079e-02 3.658506e-02
1.300000e-02 3.347119e-02 3.648309e-02
1.400000e-02 3.337454e-02 3.637310e-02
1.500000e-02 3.327085e-02 3.625512e-02
1.600000e-02 3.316016e-02 3.612920e-02
1.700000e-02 3.304249e-02 3.599536e-02
1.800000e-02 3.291788e-02 3.585364e-02
1.900000e-02 3.278635e-02 3.570409e-02
2.000000e-02 3.264795e-02 3.554675e-02
2.100000e-02 3.250271e-02 3.538166e-02
2.200000e-02 3.235067e-02 3.520888e-02
2.300000e-02 3.219186e-02 3.502845e-02
2.400000e-02 3.202633e-02 3.484043e-02
2.500000e-02 3.185412e-02 3.464487e-02
2.600000e-02 3.167528e-02 3.444182e-02
2.700000e-02 3.148985e-02 3.423136e-02
2.800000e-02 3.129788e-02 3.401353e-02
2.900000e-02 3.109943e-02 3.378841e-02
3.000000e-02 3.089454e-02 3.355606e-02
3.100000e-02 3.068326e-02 3.331654e-02
3.200000e-02 3.046566e-02 3.306993e-02
3.300000e-02 3.024178e-02 3.281629e-02
3.400000e-02 3.001169e-02 3.255571e-02
3.500000e-02 2.977545e-02 3.228826e-02
3.600000e-02 2.953311e-02 3.201401e-02
3.700000e-02 2.928474e-02 3.173305e-02
3.800000e-02 2.903041e-02 3.144545e-02
3.900000e-02 2.877017e-02 3.115131e-02
4.000000e-02 2.850410e-02 3.085070e-02
4.100000e-02 2.823226e-02 3.054373e-02
4.200000e-02 2.795473e-02 3.023046e-02
4.300000e-02 2.767157e-02 2.991100e-02
4.400000e-02 2.738286e-02 2.958545e-02
4.500000e-02 2.708867e-02 2.925388e-02
4.600000e-02 2.678907e-02 2.891641e-02
4.700000e-02 2.648415e-02 2.857313e-02
4.800000e-02 2.617397e-02 2.822414e-02
4.900000e-02 2.585863e-02 2.786954e-02
5.000000e-02 2.553819e-02 2.750944e-02
5.100000e-02 2.521275e-02 2.714393e-02
5.200000e-02 2.488237e-02 2.677314e-02
5.300000e-02 2.454715e-02 2.639716e-02
5.400000e-02 2.420717e-02 2.601611e-02
5.500000e-02 2.386252e-02 2.563009e-02
5.600000e-02 2.351327e-02 2.523923e-02
5.700000e-02 2.315953e-02 2.484363e-02
5.800000e-02 2.280137e-02 2.444340e-02
5.900000e-02 2.243889e-02 2.403868e-02
6.000000e-02 2.207217e-02 2.362958e-02
6.100000e-02 2.170131e-02 2.321620e-02
6.200000e-02 2.132641e-02 2.279869e-02
6.300000e-02 2.094754e-02 2.237716e-02
6.400000e-02 2.056481e-02 2.195173e-02
6.500000e-02 2.017831e-02 2.152252e-02
6.600000e-02 1.978814e-02 2.108967e-02
6.700000e-02 1.939438e-02 2.065330e-02
6.800000e-02 1.899715e-02 2.021355e-02
6.900000e-02 1.859652e-02 1.977053e-02
7.000000e-02 1.819261e-02 1.932438e-02
7.100000e-02 1.778551e-02 1.887523e-02
7.200000e-02 1.737532e-02 1.842321e-02
7.300000e-02 1.696213e-02 1.796846e-02
7.400000e-02 1.654605e-02 1.751111e-02
7.500000e-02 1.612718e-02 1.705130e-02
7.600000e-02 1.570562e-02 1.658915e-02
7.700000e-02 1.528147e-02 1.612482e-02
7.800000e-02 1.485483e-02 1.565844e-02
7.900000e-02 1.442579e-02 1.519013e-02
8.000000e-02 1.399448e-02 1.472006e-02
8.100000e-02 1.356098e-02 1.424835e-02
8.200000e-02 1.312539e-02 1.377514e-02
8.300000e-02 1.268783e-02 1.330058e-02
8.400000e-02 1.224839e-02 1.282480e-02
8.500000e-02 1.180718e-02 1.234796e-02
8.600000e-02 1.136430e-02 1.187019e-02
8.700000e-02 1.091985e-02 1.139163e-02
8.800000e-02 1.047394e-02 1.091244e-02
8.900000e-02 1.002667e-02 1.043275e-02
9.000000e-02 9.578136e-03 9.952708e-03
9.100000e-02 9.128453e-03 9.472462e-03
9.200000e-02 8.677718e-03 8.992156e-03
9.300000e-02 8.226036e-03 8.511936e-03
9.400000e-02 7.773510e-03 8.031949e-03
9.500000e-02 7.320242e-03 7.552340e-03
9.600000e-02 6.866335e-03 7.073257e-03
9.700000e-02 6.411891e-03 6.594845e-03
9.800000e-02 5.957013e-03 6.117254e-03
9.900000e-02 5.501803e-03 5.640628e-03
1.000000e-01 5.046363e-03 5.165117e-03
1.010000e-01 4.590795e-03 4.690867e-03
1.020000e-01 4.135198e-03 4.218026e-03
1.030000e-01 3.679675e-03 3.746742e-03
1.040000e-01 3.224325e-03 3.277162e-03
1.050000e-01 2.769250e-03 2.809435e-03
1.060000e-01 2.314548e-03 2.343706e-03
1.070000e-01 1.860318e-03 1.880125e-03
1.080000e-01 1.406660e-03 1.418838e-03
1.090000e-01 9.536712e-04 9.599923e-04
1.100000e-01 5.014499e-04 5.037361e-04
1.110000e-01 5.009318e-05 5.021586e-05
1.120000e-01 4.003024e-04 4.004321e-04
1.130000e-01 8.496408e-04 8.481308e-04
1.140000e-01 1.297826e-03 1.292824e-03
1.150000e-01 1.744765e-03 1.734457e-03
1.160000e-01 2.190361e-03 2.172973e-03
1.170000e-01 2.634523e-03 2.608317e-03
1.180000e-01 3.077156e-03 3.040435e-03
1.190000e-01 3.518170e-03 3.469272e-03
1.200000e-01 3.957472e-03 3.894773e-03
1.210000e-01 4.394971e-03 4.316886e-03
1.220000e-01 4.830579e-03 4.735556e-03
1.230000e-01 5.264206e-03 5.150731e-03
1.240000e-01 5.695764e-03 5.562359e-03
1.250000e-01 6.125164e-03 5.970386e-03
1.260000e-01 6.552322e-03 6.374763e-03
1.270000e-01 6.977150e-03 6.775437e-03
1.280000e-01 7.399564e-03 7.172359e-03
1.290000e-01 7.819479e-03 7.565478e-03
1.300000e-01 8.236814e-03 7.954745e-03
1.310000e-01 8.651485e-03 8.340112e-03
1.320000e-01 9.063411e-03 8.721530e-03
1.330000e-01 9.472512e-03 9.098952e-03
1.340000e-01 9.878708e-03 9.472330e-03
1.350000e-01 1.028192e-02 9.841619e-03
1.360000e-01 1.068207e-02 1.020677e-02
1.370000e-01 1.107909e-02 1.056775e-02
1.380000e-01 1.147290e-02 1.092450e-02
1.390000e-01 1.186341e-02 1.127698e-02
1.400000e-01 1.225057e-02 1.162515e-02
1.410000e-01 1.263430e-02 1.196897e-02
1.420000e-01 1.301452e-02 1.230840e-02
1.430000e-01 1.339117e-02 1.264339e-02
1.440000e-01 1.376417e-02 1.297390e-02
1.450000e-01 1.413347e-02 1.329991e-02
1.460000e-01 1.449899e-02 1.362136e-02
1.470000e-01 1.486066e-02 1.393823e-02
1.480000e-01 1.521842e-02 1.425047e-02
1.490000e-01 1.557222e-02 1.455805e-02
1.500000e-01 1.592198e-02 1.486093e-02
1.510000e-01 1.626764e-02 1.515909e-02
1.520000e-01 1.660915e-02 1.545248e-02
1.530000e-01 1.694644e-02 1.574108e-02
1.540000e-01 1.727946e-02 1.602485e-02
1.550000e-01 1.760815e-02 1.630377e-02
1.560000e-01 1.793246e-02 1.657780e-02
1.570000e-01 1.825233e-02 1.684692e-02
1.580000e-01 1.856770e-02 1.711109e-02
1.590000e-01 1.887853e-02 1.737030e-02
1.600000e-01 1.918477e-02 1.762451e-02
1.610000e-01 1.948636e-02 1.787370e-02
1.620000e-01 1.978325e-02 1.811784e-02
1.630000e-01 2.007541e-02 1.835692e-02
1.640000e-01 2.036278e-02 1.859092e-02
1.650000e-01 2.064532e-02 1.881980e-02
1.660000e-01 2.092298e-02 1.904355e-02
1.670000e-01 2.119572e-02 1.926216e-02
1.680000e-01 2.146351e-02 1.947559e-02
1.690000e-01 2.172630e-02 1.968384e-02
1.700000e-01 2.198405e-02 1.988690e-02
1.710000e-01 2.223672e-02 2.008473e-02
1.720000e-01 2.248429e-02 2.027734e-02
1.730000e-01 2.272671e-02 2.046470e-02
1.740000e-01 2.296394e-02 2.064681e-02
1.750000e-01 2.319597e-02 2.082365e-02
1.760000e-01 2.342274e-02 2.099522e-02
1.770000e-01 2.364425e-02 2.116149e-02
1.780000e-01 2.386045e-02 2.132248e-02
1.790000e-01 2.407132e-02 2.147816e-02
1.800000e-01 2.427682e-02 2.162854e-02
1.810000e-01 2.447695e-02 2.177360e-02
1.820000e-01 2.467166e-02 2.191335e-02
1.830000e-01 2.486095e-02 2.204778e-02
1.840000e-01 2.504478e-02 2.217688e-02
1.850000e-01 2.522313e-02 2.230066e-02
1.860000e-01 2.539599e-02 2.241912e-02
1.870000e-01 2.556334e-02 2.253226e-02
1.880000e-01 2.572516e-02 2.264007e-02
1.890000e-01 2.588144e-02 2.274257e-02
1.900000e-01 2.603215e-02 2.283976e-02
1.910000e-01 2.617729e-02 2.293163e-02
1.920000e-01 2.631685e-02 2.301820e-02
1.930000e-01 2.645080e-02 2.309948e-02
1.940000e-01 2.657915e-02 2.317547e-02
1.950000e-01 2.670188e-02 2.324618e-02
1.960000e-01 2.681899e-02 2.331163e-02
1.970000e-01 2.693046e-02 2.337181e-02
1.980000e-01 2.703630e-02 2.342675e-02
1.990000e-01 2.713650e-02 2.347645e-02
2.000000e-01 2.723105e-02 2.352094e-02
2.010000e-01 2.731995e-02 2.356022e-02
2.020000e-01 2.740320e-02 2.359432e-02
2.030000e-01 2.748081e-02 2.362324e-02
2.040000e-01 2.755276e-02 2.364701e-02
2.050000e-01 2.761908e-02 2.366564e-02
2.060000e-01 2.767975e-02 2.367916e-02
2.070000e-01 2.773478e-02 2.368759e-02
2.080000e-01 2.778417e-02 2.369094e-02
2.090000e-01 2.782795e-02 2.368925e-02
2.100000e-01 2.786610e-02 2.368252e-02
2.110000e-01 2.789864e-02 2.367080e-02
2.120000e-01 2.792558e-02 2.365410e-02
2.130000e-01 2.794693e-02 2.363245e-02
2.140000e-01 2.796270e-02 2.360588e-02
2.150000e-01 2.797290e-02 2.357441e-02
2.160000e-01 2.797755e-02 2.353808e-02
2.170000e-01 2.797665e-02 2.349692e-02
2.180000e-01 2.797024e-02 2.345095e-02
2.190000e-01 2.795832e-02 2.340021e-02
2.200000e-01 2.794091e-02 2.334473e-02
2.210000e-01 2.791803e-02 2.328454e-02
2.220000e-01 2.788969e-02 2.321969e-02
2.230000e-01 2.785592e-02 2.315020e-02
2.240000e-01 2.781675e-02 2.307611e-02
2.250000e-01 2.777218e-02 2.299746e-02
2.260000e-01 2.772225e-02 2.291429e-02
2.270000e-01 2.766697e-02 2.282664e-02
2.280000e-01 2.760638e-02 2.273454e-02
2.290000e-01 2.754050e-02 2.263803e-02
2.300000e-01 2.746935e-02 2.253717e-02
2.310000e-01 2.739296e-02 2.243198e-02
2.320000e-01 2.731137e-02 2.232252e-02
2.330000e-01 2.722459e-02 2.220883e-02
2.340000e-01 2.713266e-02 2.209095e-02
2.350000e-01 2.703561e-02 2.196893e-02
2.360000e-01 2.693348e-02 2.184281e-02
2.370000e-01 2.682628e-02 2.171265e-02
2.380000e-01 2.671407e-02 2.157848e-02
2.390000e-01 2.659686e-02 2.144037e-02
2.400000e-01 2.647470e-02 2.129835e-02
2.410000e-01 2.634762e-02 2.115248e-02
2.420000e-01 2.621565e-02 2.100281e-02
2.430000e-01 2.607884e-02 2.084940e-02
2.440000e-01 2.593722e-02 2.069229e-02
2.450000e-01 2.579083e-02 2.053154e-02
2.460000e-01 2.563971e-02 2.036720e-02
2.470000e-01 2.548389e-02 2.019932e-02
2.480000e-01 2.532342e-02 2.002797e-02
2.490000e-01 2.515834e-02 1.985320e-02
2.500000e-01 2.498870e-02 1.967507e-02
2.510000e-01 2.481452e-02 1.949363e-02
2.520000e-01 2.463586e-02 1.930894e-02
2.530000e-01 2.445276e-02 1.912107e-02
2.540000e-01 2.426527e-02 1.893006e-02
2.550000e-01 2.407342e-02 1.873599e-02
2.560000e-01 2.387727e-02 1.853891e-02
2.570000e-01 2.367686e-02 1.833889e-02
2.580000e-01 2.347223e-02 1.813598e-02
2.590000e-01 2.326344e-02 1.793026e-02
2.600000e-01 2.305053e-02 1.772178e-02
2.610000e-01 2.283355e-02 1.751060e-02
2.620000e-01 2.261255e-02 1.729681e-02
2.630000e-01 2.238757e-02 1.708045e-02
2.640000e-01 2.215868e-02 1.686159e-02
2.650000e-01 2.192591e-02 1.664032e-02
2.660000e-01 2.168932e-02 1.641668e-02
2.670000e-01 2.144897e-02 1.619075e-02
2.680000e-01 2.120489e-02 1.596259e-02
2.690000e-01 2.095715e-02 1.573229e-02
2.700000e-01 2.070580e-02 1.549990e-02
2.710000e-01 2.045088e-02 1.526549e-02
2.720000e-01 2.019247e-02 1.502915e-02
2.730000e-01 1.993060e-02 1.479093e-02
2.740000e-01 1.966533e-02 1.455092e-02
2.750000e-01 1.939672e-02 1.430918e-02
2.760000e-01 1.912482e-02 1.406579e-02
2.770000e-01 1.884969e-02 1.382082e-02
2.780000e-01 1.857138e-02 1.357434e-02
2.790000e-01 1.828996e-02 1.332643e-02
2.800000e-01 1.800547e-02 1.307717e-02
2.810000e-01 1.771797e-02 1.282664e-02
2.820000e-01 1.742753e-02 1.257489e-02
2.830000e-01 1.713420e-02 1.232203e-02
2.840000e-01 1.683803e-02 1.206811e-02
2.850000e-01 1.653909e-02 1.181323e-02
2.860000e-01 1.623743e-02 1.155745e-02
2.870000e-01 1.593312e-02 1.130086e-02
2.880000e-01 1.562621e-02 1.104353e-02
2.890000e-01 1.531676e-02 1.078555e-02
2.900000e-01 1.500483e-02 1.052699e-02
2.910000e-01 1.469048e-02 1.026794e-02
2.920000e-01 1.437377e-02 1.000848e-02
2.930000e-01 1.405477e-02 9.748685e-03
2.940000e-01 1.373352e-02 9.488639e-03
2.950000e-01 1.341010e-02 9.228426e-03
2.960000e-01 1.308457e-02 8.968127e-03
2.970000e-01 1.275697e-02 8.707827e-03
2.980000e-01 1.242739e-02 8.447607e-03
2.990000e-01 1.209587e-02 8.187553e-03
3.000000e-01 1.176248e-02 7.927749e-03
3.010000e-01 1.142729e-02 7.668278e-03
3.020000e-01 1.109034e-02 7.409227e-03
3.030000e-01 1.075171e-02 7.150681e-03
3.040000e-01 1.041146e-02 6.892725e-03
3.050000e-01 1.006965e-02 6.635445e-03
3.060000e-01 9.726338e-03 6.378928e-03
3.070000e-01 9.381592e-03 6.123262e-03
3.080000e-01 9.035474e-03 5.868533e-03
3.090000e-01 8.688044e-03 5.614828e-03
3.100000e-01 8.339368e-03 5.362236e-03
3.110000e-01 7.989506e-03 5.110845e-03
3.120000e-01 7.638522e-03 4.860744e-03
3.130000e-01 7.286479e-03 4.612021e-03
3.140000e-01 6.933440e-03 4.364765e-03
3.150000e-01 6.579467e-03 4.119067e-03
3.160000e-01 6.224624e-03 3.875016e-03
3.170000e-01 5.868973e-03 3.632701e-03
3.180000e-01 5.512577e-03 3.392215e-03
3.190000e-01 5.155500e-03 3.153647e-03
3.200000e-01 4.797803e-03 2.917088e-03
3.210000e-01 4.439551e-03 2.682630e-03
3.220000e-01 4.080805e-03 2.450365e-03
3.230000e-01 3.721629e-03 2.220383e-03
3.240000e-01 3.362086e-03 1.992778e-03
3.250000e-01 3.002237e-03 1.767642e-03
3.260000e-01 2.642146e-03 1.545068e-03
3.270000e-01 2.281875e-03 1.325148e-03
3.280000e-01 1.921486e-03 1.107976e-03
3.290000e-01 1.561043e-03 8.936449e-04
3.300000e-01 1.200606e-03 6.822488e-04
3.310000e-01 8.402391e-04 4.738816e-04
3.320000e-01 4.800032e-04 2.686375e-04
3.330000e-01 1.199606e-04 6.661086e-05
3.340000e-01 2.398271e-04 1.321096e-04
3.350000e-01 5.992981e-04 3.275050e-04
3.360000e-01 9.583910e-04 5.196010e-04
3.370000e-01 1.317044e-03 7.084241e-04
3.380000e-01 1.675197e-03 8.940004e-04
3.390000e-01 2.032789e-03 1.076356e-03
3.400000e-01 2.389757e-03 1.255516e-03
3.410000e-01 2.746043e-03 1.431507e-03
3.420000e-01 3.101585e-03 1.604354e-03
3.430000e-01 3.456323e-03 1.774082e-03
3.440000e-01 3.810197e-03 1.940715e-03
3.450000e-01 4.163148e-03 2.104279e-03
3.460000e-01 4.515115e-03 2.264799e-03
3.470000e-01 4.866039e-03 2.422298e-03
3.480000e-01 5.215862e-03 2.576801e-03
3.490000e-01 5.564523e-03 2.728332e-03
3.500000e-01 5.911965e-03 2.876915e-03
3.510000e-01 6.258129e-03 3.022573e-03
3.520000e-01 6.602956e-03 3.165330e-03
3.530000e-01 6.946390e-03 3.305210e-03
3.540000e-01 7.288371e-03 3.442235e-03
3.550000e-01 7.628844e-03 3.576429e-03
3.560000e-01 7.967750e-03 3.707814e-03
3.570000e-01 8.305033e-03 3.836414e-03
3.580000e-01 8.640636e-03 3.962251e-03
3.590000e-01 8.974504e-03 4.085347e-03
3.600000e-01 9.306580e-03 4.205725e-03
3.610000e-01 9.636808e-03 4.323408e-03
3.620000e-01 9.965135e-03 4.438416e-03
3.630000e-01 1.029150e-02 4.550772e-03
3.640000e-01 1.061586e-02 4.660498e-03
3.650000e-01 1.093815e-02 4.767615e-03
3.660000e-01 1.125832e-02 4.872145e-03
3.670000e-01 1.157632e-02 4.974110e-03
3.680000e-01 1.189209e-02 5.073531e-03
3.690000e-01 1.220558e-02 5.170428e-03
3.700000e-01 1.251674e-02 5.264824e-03
3.710000e-01 1.282551e-02 5.356738e-03
3.720000e-01 1.313185e-02 5.446193e-03
3.730000e-01 1.343570e-02 5.533208e-03
3.740000e-01 1.373701e-02 5.617805e-03
3.750000e-01 1.403573e-02 5.700003e-03
3.760000e-01 1.433182e-02 5.779824e-03
3.770000e-01 1.462521e-02 5.857288e-03
3.780000e-01 1.491587e-02 5.932414e-03
3.790000e-01 1.520374e-02 6.005224e-03
3.800000e-01 1.548878e-02 6.075738e-03
3.810000e-01 1.577093e-02 6.143975e-03
3.820000e-01 1.605015e-02 6.209955e-03
3.830000e-01 1.632640e-02 6.273698e-03
3.840000e-01 1.659961e-02 6.335225e-03
3.850000e-01 1.686976e-02 6.394554e-03
3.860000e-01 1.713679e-02 6.451705e-03
3.870000e-01 1.740066e-02 6.506698e-03
3.880000e-01 1.766132e-02 6.559553e-03
3.890000e-01 1.791873e-02 6.610288e-03
3.900000e-01 1.817284e-02 6.658924e-03
3.910000e-01 1.842362e-02 6.705479e-03
3.920000e-01 1.867101e-02 6.749973e-03
3.930000e-01 1.891498e-02 6.792424e-03
3.940000e-01 1.915548e-02 6.832853e-03
3.950000e-01 1.939247e-02 6.871277e-03
3.960000e-01 1.962592e-02 6.907717e-03
3.970000e-01 1.985577e-02 6.942190e-03
3.980000e-01 2.008200e-02 6.974716e-03
3.990000e-01 2.030455e-02 7.005314e-03
4.000000e-01 2.052340e-02 7.034002e-03
4.010000e-01 2.073850e-02 7.060800e-03
4.020000e-01 2.094982e-02 7.085726e-03
4.030000e-01 2.115731e-02 7.108798e-03
4.040000e-01 2.136094e-02 7.130035e-03
4.050000e-01 2.156068e-02 7.149456e-03
4.060000e-01 2.175649e-02 7.167080e-03
4.070000e-01 2.194833e-02 7.182924e-03
4.080000e-01 2.213618e-02 7.197007e-03
4.090000e-01 2.231998e-02 7.209349e-03
4.100000e-01 2.249972e-02 7.219966e-03
4.110000e-01 2.267536e-02 7.228879e-03
4.120000e-01 2.284686e-02 7.236104e-03
4.130000e-01 2.301419e-02 7.241660e-03
4.140000e-01 2.317733e-02 7.245565e-03
4.150000e-01 2.333624e-02 7.247839e-03
4.160000e-01 2.349089e-02 7.248498e-03
4.170000e-01 2.364126e-02 7.247562e-03
4.180000e-01 2.378731e-02 7.245048e-03
4.190000e-01 2.392901e-02 7.240975e-03
4.200000e-01 2.406634e-02 7.235361e-03
4.210000e-01 2.419926e-02 7.228223e-03
4.220000e-01 2.432777e-02 7.219581e-03
4.230000e-01 2.445181e-02 7.209451e-03
4.240000e-01 2.457138e-02 7.197853e-03
4.250000e-01 2.468645e-02 7.184805e-03
4.260000e-01 2.479699e-02 7.170323e-03
4.270000e-01 2.490298e-02 7.154428e-03
4.280000e-01 2.500439e-02 7.137135e-03
4.290000e-01 2.510121e-02 7.118465e-03
4.300000e-01 2.519341e-02 7.098434e-03
4.310000e-01 2.528097e-02 7.077061e-03
4.320000e-01 2.536387e-02 7.054363e-03
4.330000e-01 2.544209e-02 7.030360e-03
4.340000e-01 2.551562e-02 7.005068e-03
4.350000e-01 2.558442e-02 6.978505e-03
4.360000e-01 2.564849e-02 6.950691e-03
4.370000e-01 2.570781e-02 6.921642e-03
4.380000e-01 2.576236e-02 6.891378e-03
4.390000e-01 2.581212e-02 6.859915e-03
4.400000e-01 2.585708e-02 6.827272e-03
4.410000e-01 2.589723e-02 6.793467e-03
4.420000e-01 2.593255e-02 6.758518e-03
4.430000e-01 2.596302e-02 6.722443e-03
4.440000e-01 2.598864e-02 6.685260e-03
4.450000e-01 2.600940e-02 6.646987e-03
4.460000e-01 2.602527e-02 6.607642e-03
4.470000e-01 2.603625e-02 6.567244e-03
4.480000e-01 2.604234e-02 6.525810e-03
4.490000e-01 2.604351e-02 6.483358e-03
4.500000e-01 2.603977e-02 6.439906e-03
4.510000e-01 2.603110e-02 6.395473e-03
4.520000e-01 2.601750e-02 6.350077e-03
4.530000e-01 2.599895e-02 6.303736e-03
4.540000e-01 2.597546e-02 6.256468e-03
4.550000e-01 2.594702e-02 6.208290e-03
4.560000e-01 2.591363e-02 6.159222e-03
4.570000e-01 2.587527e-02 6.109282e-03
4.580000e-01 2.583195e-02 6.058487e-03
4.590000e-01 2.578366e-02 6.006856e-03
4.600000e-01 2.573040e-02 5.954407e-03
4.610000e-01 2.567218e-02 5.901159e-03
4.620000e-01 2.560898e-02 5.847129e-03
4.630000e-01 2.554081e-02 5.792337e-03
4.640000e-01 2.546768e-02 5.736799e-03
4.650000e-01 2.538957e-02 5.680535e-03
4.660000e-01 2.530650e-02 5.623563e-03
4.670000e-01 2.521847e-02 5.565902e-03
4.680000e-01 2.512548e-02 5.507569e-03
4.690000e-01 2.502753e-02 5.448583e-03
4.700000e-01 2.492463e-02 5.388963e-03
4.710000e-01 2.481679e-02 5.328726e-03
4.720000e-01 2.470401e-02 5.267893e-03
4.730000e-01 2.458630e-02 5.206480e-03
4.740000e-01 2.446366e-02 5.144507e-03
4.750000e-01 2.433611e-02 5.081992e-03
4.760000e-01 2.420366e-02 5.018954e-03
4.770000e-01 2.406631e-02 4.955410e-03
4.780000e-01 2.392407e-02 4.891381e-03
4.790000e-01 2.377696e-02 4.826885e-03
4.800000e-01 2.362498e-02 4.761939e-03
4.810000e-01 2.346816e-02 4.696564e-03
4.820000e-01 2.330650e-02 4.630777e-03
4.830000e-01 2.314002e-02 4.564598e-03
4.840000e-01 2.296873e-02 4.498045e-03
4.850000e-01 2.279265e-02 4.431138e-03
4.860000e-01 2.261179e-02 4.363894e-03
4.870000e-01 2.242617e-02 4.296333e-03
4.880000e-01 2.223582e-02 4.228474e-03
4.890000e-01 2.204073e-02 4.160335e-03
4.900000e-01 2.184095e-02 4.091936e-03
4.910000e-01 2.163648e-02 4.023296e-03
4.920000e-01 2.142735e-02 3.954434e-03
4.930000e-01 2.121357e-02 3.885368e-03
4.940000e-01 2.099518e-02 3.816118e-03
4.950000e-01 2.077218e-02 3.746703e-03
4.960000e-01 2.054461e-02 3.677143e-03
4.970000e-01 2.031249e-02 3.607455e-03
4.980000e-01 2.007584e-02 3.537661e-03
4.990000e-01 1.983469e-02 3.467778e-03
5.000000e-01 1.958906e-02 3.397826e-03
5.010000e-01 1.933899e-02 3.327824e-03
5.020000e-01 1.908449e-02 3.257792e-03
5.030000e-01 1.882560e-02 3.187750e-03
5.040000e-01 1.856235e-02 3.117716e-03
5.050000e-01 1.829476e-02 3.047710e-03
5.060000e-01 1.802287e-02 2.977752e-03
5.070000e-01 1.774670e-02 2.907860e-03
5.080000e-01 1.746629e-02 2.838056e-03
5.090000e-01 1.718168e-02 2.768357e-03
5.100000e-01 1.689288e-02 2.698784e-03
5.110000e-01 1.659994e-02 2.629357e-03
5.120000e-01 1.630290e-02 2.560095e-03
5.130000e-01 1.600177e-02 2.491018e-03
5.140000e-01 1.569662e-02 2.422145e-03
5.150000e-01 1.538746e-02 2.353497e-03
5.160000e-01 1.507433e-02 2.285093e-03
5.170000e-01 1.475728e-02 2.216954e-03
5.180000e-01 1.443634e-02 2.149098e-03
5.190000e-01 1.411155e-02 2.081547e-03
5.200000e-01 1.378296e-02 2.014320e-03
5.210000e-01 1.345059e-02 1.947436e-03
5.220000e-01 1.311450e-02 1.880917e-03
5.230000e-01 1.277472e-02 1.814782e-03
5.240000e-01 1.243130e-02 1.749051e-03
5.250000e-01 1.208427e-02 1.683744e-03
5.260000e-01 1.173370e-02 1.618883e-03
5.270000e-01 1.137961e-02 1.554486e-03
5.280000e-01 1.102205e-02 1.490574e-03
5.290000e-01 1.066108e-02 1.427168e-03
5.300000e-01 1.029673e-02 1.364288e-03
5.310000e-01 9.929051e-03 1.301953e-03
5.320000e-01 9.558095e-03 1.240186e-03
5.330000e-01 9.183910e-03 1.179005e-03
5.340000e-01 8.806543e-03 1.118432e-03
5.350000e-01 8.426044e-03 1.058487e-03
5.360000e-01 8.042465e-03 9.991912e-04
5.370000e-01 7.655855e-03 9.405642e-04
5.380000e-01 7.266267e-03 8.826272e-04
5.390000e-01 6.873752e-03 8.254008e-04
5.400000e-01 6.478365e-03 7.689056e-04
5.410000e-01 6.080158e-03 7.131625e-04
5.420000e-01 5.679186e-03 6.581923e-04
5.430000e-01 5.275503e-03 6.040157e-04
5.440000e-01 4.869165e-03 5.506537e-04
5.450000e-01 4.460228e-03 4.981271e-04
5.460000e-01 4.048749e-03 4.464569e-04
5.470000e-01 3.634784e-03 3.956641e-04
5.480000e-01 3.218393e-03 3.457697e-04
5.490000e-01 2.799633e-03 2.967947e-04
5.500000e-01 2.378563e-03 2.487602e-04
5.510000e-01 1.955244e-03 2.016874e-04
5.520000e-01 1.529735e-03 1.555974e-04
5.530000e-01 1.102097e-03 1.105115e-04
5.540000e-01 6.723923e-04 6.645081e-05
5.550000e-01 2.406823e-04 2.343668e-05
5.560000e-01 1.929702e-04 1.851006e-05
5.570000e-01 6.285021e-04 5.938308e-05
5.580000e-01 1.065849e-03 9.919278e-05
5.590000e-01 1.504948e-03 1.379505e-04
5.600000e-01 1.945733e-03 1.756675e-04
5.610000e-01 2.388139e-03 2.123550e-04
5.620000e-01 2.832099e-03 2.480243e-04
5.630000e-01 3.277548e-03 2.826865e-04
5.640000e-01 3.724418e-03 3.163527e-04
5.650000e-01 4.172642e-03 3.490341e-04
5.660000e-01 4.622151e-03 3.807416e-04
5.670000e-01 5.072877e-03 4.114864e-04
5.680000e-01 5.524750e-03 4.412793e-04
5.690000e-01 5.977700e-03 4.701314e-04
5.700000e-01 6.431658e-03 4.980536e-04
5.710000e-01 6.886553e-03 5.250566e-04
5.720000e-01 7.342313e-03 5.511514e-04
5.730000e-01 7.798866e-03 5.763488e-04
5.740000e-01 8.256141e-03 6.006595e-04
5.750000e-01 8.714064e-03 6.240942e-04
5.760000e-01 9.172562e-03 6.466637e-04
5.770000e-01 9.631561e-03 6.683786e-04
5.780000e-01 1.009099e-02 6.892494e-04
5.790000e-01 1.055077e-02 7.092868e-04
5.800000e-01 1.101082e-02 7.285013e-04
5.810000e-01 1.147108e-02 7.469035e-04
5.820000e-01 1.193146e-02 7.645037e-04
5.830000e-01 1.239190e-02 7.813125e-04
5.840000e-01 1.285230e-02 7.973402e-04
5.850000e-01 1.331260e-02 8.125972e-04
5.860000e-01 1.377271e-02 8.270937e-04
5.870000e-01 1.423257e-02 8.408402e-04
5.880000e-01 1.469208e-02 8.538468e-04
5.890000e-01 1.515117e-02 8.661238e-04
5.900000e-01 1.560977e-02 8.776814e-04
5.910000e-01 1.606779e-02 8.885296e-04
5.920000e-01 1.652514e-02 8.986786e-04
5.930000e-01 1.698176e-02 9.081385e-04
5.940000e-01 1.743756e-02 9.169194e-04
5.950000e-01 1.789245e-02 9.250311e-04
5.960000e-01 1.834636e-02 9.324838e-04
5.970000e-01 1.879920e-02 9.392872e-04
5.980000e-01 1.925090e-02 9.454514e-04
5.990000e-01 1.970136e-02 9.509862e-04
6.000000e-01 2.015051e-02 9.559014e-04
6.010000e-01 2.059826e-02 9.602068e-04
6.020000e-01 2.104452e-02 9.639121e-04
6.030000e-01 2.148922e-02 9.670272e-04
6.040000e-01 2.193227e-02 9.695616e-04
6.050000e-01 2.237359e-02 9.715251e-04
6.060000e-01 2.281308e-02 9.729273e-04
6.070000e-01 2.325066e-02 9.737776e-04
6.080000e-01 2.368625e-02 9.740858e-04
6.090000e-01 2.411977e-02 9.738613e-04
6.100000e-01 2.455112e-02 9.731136e-04
6.110000e-01 2.498021e-02 9.718522e-04
6.120000e-01 2.540697e-02 9.700864e-04
6.130000e-01 2.583131e-02 9.678257e-04
6.140000e-01 2.625313e-02 9.650793e-04
6.150000e-01 2.667235e-02 9.618567e-04
6.160000e-01 2.708889e-02 9.581671e-04
6.170000e-01 2.750265e-02 9.540198e-04
6.180000e-01 2.791355e-02 9.494239e-04
6.190000e-01 2.832149e-02 9.443886e-04
6.200000e-01 2.872640e-02 9.389232e-04
6.210000e-01 2.912818e-02 9.330367e-04
6.220000e-01 2.952674e-02 9.267382e-04
6.230000e-01 2.992199e-02 9.200367e-04
6.240000e-01 3.031385e-02 9.129413e-04
6.250000e-01 3.070222e-02 9.054610e-04
6.260000e-01 3.108701e-02 8.976046e-04
6.270000e-01 3.146815e-02 8.893813e-04
6.280000e-01 3.184553e-02 8.807997e-04
6.290000e-01 3.221906e-02 8.718688e-04
6.300000e-01 3.258867e-02 8.625975e-04
6.310000e-01 3.295425e-02 8.529944e-04
6.320000e-01 3.331571e-02 8.430684e-04
6.330000e-01 3.367298e-02 8.328282e-04
6.340000e-01 3.402594e-02 8.222825e-04
6.350000e-01 3.437453e-02 8.114399e-04
6.360000e-01 3.471864e-02 8.003092e-04
6.370000e-01 3.505819e-02 7.888988e-04
6.380000e-01 3.539308e-02 7.772175e-04
6.390000e-01 3.572323e-02 7.652736e-04
6.400000e-01 3.604854e-02 7.530758e-04
6.410000e-01 3.636893e-02 7.406325e-04
6.420000e-01 3.668430e-02 7.279522e-04
6.430000e-01 3.699457e-02 7.150432e-04
6.440000e-01 3.729963e-02 7.019141e-04
6.450000e-01 3.759942e-02 6.885730e-04
6.460000e-01 3.789382e-02 6.750284e-04
6.470000e-01 3.818276e-02 6.612886e-04
6.480000e-01 3.846615e-02 6.473618e-04
6.490000e-01 3.874388e-02 6.332563e-04
6.500000e-01 3.901589e-02 6.189803e-04
6.510000e-01 3.928206e-02 6.045419e-04
6.520000e-01 3.954232e-02 5.899494e-04
6.530000e-01 3.979658e-02 5.752107e-04
6.540000e-01 4.004475e-02 5.603341e-04
6.550000e-01 4.028673e-02 5.453275e-04
6.560000e-01 4.052244e-02 5.301991e-04
6.570000e-01 4.075179e-02 5.149568e-04
6.580000e-01 4.097469e-02 4.996086e-04
6.590000e-01 4.119106e-02 4.841624e-04
6.600000e-01 4.140080e-02 4.686262e-04
6.610000e-01 4.160383e-02 4.530078e-04
6.620000e-01 4.180006e-02 4.373151e-04
6.630000e-01 4.198940e-02 4.215560e-04
6.640000e-01 4.217177e-02 4.057382e-04
6.650000e-01 4.234708e-02 3.898695e-04
6.660000e-01 4.251524e-02 3.739577e-04
6.670000e-01 4.267617e-02 3.580104e-04
6.680000e-01 4.282979e-02 3.420355e-04
6.690000e-01 4.297599e-02 3.260404e-04
6.700000e-01 4.311471e-02 3.100330e-04
6.710000e-01 4.324585e-02 2.940207e-04
6.720000e-01 4.336934e-02 2.780112e-04
6.730000e-01 4.348508e-02 2.620120e-04
6.740000e-01 4.359300e-02 2.460306e-04
6.750000e-01 4.369301e-02 2.300746e-04
6.760000e-01 4.378503e-02 2.141514e-04
6.770000e-01 4.386897e-02 1.982684e-04
6.780000e-01 4.394476e-02 1.824332e-04
6.790000e-01 4.401232e-02 1.666530e-04
6.800000e-01 4.407155e-02 1.509352e-04
6.810000e-01 4.412239e-02 1.352872e-04
6.820000e-01 4.416475e-02 1.197164e-04
6.830000e-01 4.419856e-02 1.042299e-04
6.840000e-01 4.422373e-02 8.883500e-05
6.850000e-01 4.424018e-02 7.353902e-05
6.860000e-01 4.424785e-02 5.834911e-05
6.870000e-01 4.424664e-02 4.327248e-05
6.880000e-01 4.423649e-02 2.831627e-05
6.890000e-01 4.421733e-02 1.348762e-05
6.900000e-01 4.418906e-02 1.206364e-06
6.910000e-01 4.415163e-02 1.575860e-05
6.920000e-01 4.410495e-02 3.016204e-05
6.930000e-01 4.404896e-02 4.440965e-05
6.940000e-01 4.398357e-02 5.849441e-05
6.950000e-01 4.390873e-02 7.240936e-05
6.960000e-01 4.382435e-02 8.614753e-05
6.970000e-01 4.373037e-02 9.970199e-05
6.980000e-01 4.362672e-02 1.130658e-04
6.990000e-01 4.351333e-02 1.262322e-04
7.000000e-01 4.339013e-02 1.391942e-04
7.010000e-01 4.325706e-02 1.519450e-04
7.020000e-01 4.311404e-02 1.644778e-04
7.030000e-01 4.296101e-02 1.767858e-04
7.040000e-01 4.279792e-02 1.888623e-04
7.050000e-01 4.262469e-02 2.007005e-04
7.060000e-01 4.244125e-02 2.122936e-04
7.070000e-01 4.224756e-02 2.236352e-04
7.080000e-01 4.204355e-02 2.347183e-04
7.090000e-01 4.182915e-02 2.455365e-04
7.100000e-01 4.160432e-02 2.560830e-04
7.110000e-01 4.136898e-02 2.663513e-04
7.120000e-01 4.112309e-02 2.763348e-04
7.130000e-01 4.086659e-02 2.860270e-04
7.140000e-01 4.059942e-02 2.954214e-04
7.150000e-01 4.032152e-02 3.045113e-04
7.160000e-01 4.003286e-02 3.132904e-04
7.170000e-01 3.973336e-02 3.217522e-04
7.180000e-01 3.942299e-02 3.298903e-04
7.190000e-01 3.910169e-02 3.376982e-04
7.200000e-01 3.876942e-02 3.451695e-04
7.210000e-01 3.842612e-02 3.522979e-04
7.220000e-01 3.807175e-02 3.590771e-04
7.230000e-01 3.770627e-02 3.655006e-04
7.240000e-01 3.732963e-02 3.715623e-04
7.250000e-01 3.694179e-02 3.772557e-04
7.260000e-01 3.654271e-02 3.825748e-04
7.270000e-01 3.613234e-02 3.875131e-04
7.280000e-01 3.571066e-02 3.920646e-04
7.290000e-01 3.527761e-02 3.962230e-04
7.300000e-01 3.483317e-02 3.999821e-04
7.310000e-01 3.437730e-02 4.033358e-04
7.320000e-01 3.390997e-02 4.062779e-04
7.330000e-01 3.343114e-02 4.088024e-04
7.340000e-01 3.294079e-02 4.109032e-04
7.350000e-01 3.243888e-02 4.125742e-04
7.360000e-01 3.192538e-02 4.138093e-04
7.370000e-01 3.140028e-02 4.146025e-04
7.380000e-01 3.086355e-02 4.149478e-04
7.390000e-01 3.031515e-02 4.148392e-04
7.400000e-01 2.975508e-02 4.142708e-04
7.410000e-01 2.918331e-02 4.132366e-04
7.420000e-01 2.859982e-02 4.117308e-04
7.430000e-01 2.800459e-02 4.097473e-04
7.440000e-01 2.739762e-02 4.072803e-04
7.450000e-01 2.677888e-02 4.043239e-04
7.460000e-01 2.614836e-02 4.008723e-04
7.470000e-01 2.550605e-02 3.969198e-04
7.480000e-01 2.485195e-02 3.924603e-04
7.490000e-01 2.418605e-02 3.874883e-04
7.500000e-01 2.350834e-02 3.819979e-04
7.510000e-01 2.281881e-02 3.759833e-04
7.520000e-01 2.211748e-02 3.694389e-04
7.530000e-01 2.140433e-02 3.623590e-04
7.540000e-01 2.067936e-02 3.547377e-04
7.550000e-01 1.994259e-02 3.465696e-04
7.560000e-01 1.919402e-02 3.378489e-04
7.570000e-01 1.843365e-02 3.285700e-04
7.580000e-01 1.766150e-02 3.187273e-04
7.590000e-01 1.687758e-02 3.083152e-04
7.600000e-01 1.608189e-02 2.973281e-04
7.610000e-01 1.527446e-02 2.857604e-04
7.620000e-01 1.445530e-02 2.736067e-04
7.630000e-01 1.362443e-02 2.608614e-04
7.640000e-01 1.278188e-02 2.475190e-04
7.650000e-01 1.192766e-02 2.335740e-04
7.660000e-01 1.106180e-02 2.190210e-04
7.670000e-01 1.018434e-02 2.038545e-04
7.680000e-01 9.295298e-03 1.880691e-04
7.690000e-01 8.394708e-03 1.716593e-04
7.700000e-01 7.482605e-03 1.546199e-04
7.710000e-01 6.559027e-03 1.369453e-04
7.720000e-01 5.624012e-03 1.186303e-04
7.730000e-01 4.677601e-03 9.966950e-05
7.740000e-01 3.719838e-03 8.005758e-05
7.750000e-01 2.750768e-03 5.978924e-05
7.760000e-01 1.770442e-03 3.885919e-05
7.770000e-01 7.789074e-04 1.726217e-05
7.780000e-01 2.237807e-04 5.007056e-06
7.790000e-01 1.237567e-03 2.794884e-05
7.800000e-01 2.262394e-03 5.155338e-05
7.810000e-01 3.298201e-03 7.580955e-05
7.820000e-01 4.344925e-03 1.007062e-04
7.830000e-01 5.402501e-03 1.262323e-04
7.840000e-01 6.470859e-03 1.523765e-04
7.850000e-01 7.549929e-03 1.791278e-04
7.860000e-01 8.639639e-03 2.064749e-04
7.870000e-01 9.739911e-03 2.344067e-04
7.880000e-01 1.085067e-02 2.629118e-04
7.890000e-01 1.197183e-02 2.919791e-04
7.900000e-01 1.310330e-02 3.215973e-04
7.910000e-01 1.424501e-02 3.517551e-04
7.920000e-01 1.539686e-02 3.824413e-04
7.930000e-01 1.655876e-02 4.136444e-04
7.940000e-01 1.773062e-02 4.453533e-04
7.950000e-01 1.891232e-02 4.775565e-04
7.960000e-01 2.010379e-02 5.102427e-04
7.970000e-01 2.130490e-02 5.434006e-04
7.980000e-01 2.251555e-02 5.770187e-04
7.990000e-01 2.373564e-02 6.110856e-04
8.000000e-01 2.496504e-02 6.455900e-04
8.010000e-01 2.620365e-02 6.805204e-04
8.020000e-01 2.745135e-02 7.158653e-04
8.030000e-01 2.870800e-02 7.516133e-04
8.040000e-01 2.997349e-02 7.877529e-04
8.050000e-01 3.124768e-02 8.242726e-04
8.060000e-01 3.253046e-02 8.611609e-04
8.070000e-01 3.382167e-02 8.984063e-04
8.080000e-01 3.512118e-02 9.359973e-04
8.090000e-01 3.642885e-02 9.739222e-04
8.100000e-01 3.774454e-02 1.012170e-03
8.110000e-01 3.906809e-02 1.050728e-03
8.120000e-01 4.039935e-02 1.089585e-03
8.130000e-01 4.173818e-02 1.128730e-03
8.140000e-01 4.308440e-02 1.168151e-03
8.150000e-01 4.443786e-02 1.207837e-03
8.160000e-01 4.579840e-02 1.247775e-03
8.170000e-01 4.716584e-02 1.287954e-03
8.180000e-01 4.854000e-02 1.328362e-03
8.190000e-01 4.992073e-02 1.368989e-03
8.200000e-01 5.130782e-02 1.409821e-03
8.210000e-01 5.270111e-02 1.450847e-03
8.220000e-01 5.410040e-02 1.492056e-03
8.230000e-01 5.550550e-02 1.533435e-03
8.240000e-01 5.691621e-02 1.574974e-03
8.250000e-01 5.833235e-02 1.616659e-03
8.260000e-01 5.975370e-02 1.658480e-03
8.270000e-01 6.118005e-02 1.700425e-03
8.280000e-01 6.261121e-02 1.742481e-03
8.290000e-01 6.404695e-02 1.784637e-03
8.300000e-01 6.548705e-02 1.826882e-03
8.310000e-01 6.693130e-02 1.869202e-03
8.320000e-01 6.837947e-02 1.911587e-03
8.330000e-01 6.983132e-02 1.954024e-03
8.340000e-01 7.128663e-02 1.996502e-03
8.350000e-01 7.274515e-02 2.039008e-03
8.360000e-01 7.420664e-02 2.081531e-03
8.370000e-01 7.567085e-02 2.124059e-03
8.380000e-01 7.713754e-02 2.166579e-03
8.390000e-01 7.860644e-02 2.209081e-03
8.400000e-01 8.007730e-02 2.251551e-03
8.410000e-01 8.154985e-02 2.293978e-03
8.420000e-01 8.302383e-02 2.336350e-03
8.430000e-01 8.449896e-02 2.378655e-03
8.440000e-01 8.597496e-02 2.420880e-03
8.450000e-01 8.745156e-02 2.463015e-03
8.460000e-01 8.892846e-02 2.505046e-03
8.470000e-01 9.040537e-02 2.546961e-03
8.480000e-01 9.188200e-02 2.588749e-03
8.490000e-01 9.335805e-02 2.630398e-03
8.500000e-01 9.483322e-02 2.671895e-03
8.510000e-01 9.630718e-02 2.713228e-03
8.520000e-01 9.777964e-02 2.754385e-03
8.530000e-01 9.925026e-02 2.795355e-03
8.540000e-01 1.007187e-01 2.836124e-03
8.550000e-01 1.021847e-01 2.876680e-03
8.560000e-01 1.036479e-01 2.917012e-03
8.570000e-01 1.051079e-01 2.957108e-03
8.580000e-01 1.065644e-01 2.996954e-03
8.590000e-01 1.080171e-01 3.036540e-03
8.600000e-01 1.094655e-01 3.075852e-03
8.610000e-01 1.109094e-01 3.114878e-03
8.620000e-01 1.123484e-01 3.153607e-03
8.630000e-01 1.137821e-01 3.192025e-03
8.640000e-01 1.152101e-01 3.230121e-03
8.650000e-01 1.166320e-01 3.267883e-03
8.660000e-01 1.180476e-01 3.305297e-03
8.670000e-01 1.194563e-01 3.342352e-03
8.680000e-01 1.208577e-01 3.379036e-03
8.690000e-01 1.222516e-01 3.415336e-03
8.700000e-01 1.236374e-01 3.451239e-03
8.710000e-01 1.250148e-01 3.486734e-03
8.720000e-01 1.263833e-01 3.521808e-03
8.730000e-01 1.277425e-01 3.556449e-03
8.740000e-01 1.290921e-01 3.590644e-03
8.750000e-01 1.304314e-01 3.624381e-03
8.760000e-01 1.317602e-01 3.657647e-03
8.770000e-01 1.330780e-01 3.690431e-03
8.780000e-01 1.343843e-01 3.722719e-03
8.790000e-01 1.356786e-01 3.754499e-03
8.800000e-01 1.369605e-01 3.785760e-03
8.810000e-01 1.382296e-01 3.816487e-03
8.820000e-01 1.394853e-01 3.846670e-03
8.830000e-01 1.407271e-01 3.876295e-03
8.840000e-01 1.419547e-01 3.905349e-03
8.850000e-01 1.431674e-01 3.933821e-03
8.860000e-01 1.443648e-01 3.961699e-03
8.870000e-01 1.455464e-01 3.988968e-03
8.880000e-01 1.467117e-01 4.015617e-03
8.890000e-01 1.478601e-01 4.041634e-03
8.900000e-01 1.489911e-01 4.067005e-03
8.910000e-01 1.501042e-01 4.091719e-03
8.920000e-01 1.511989e-01 4.115762e-03
8.930000e-01 1.522746e-01 4.139123e-03
8.940000e-01 1.533308e-01 4.161787e-03
8.950000e-01 1.543669e-01 4.183744e-03
8.960000e-01 1.553823e-01 4.204980e-03
8.970000e-01 1.563764e-01 4.225482e-03
8.980000e-01 1.573488e-01 4.245239e-03
8.990000e-01 1.582988e-01 4.264237e-03
9.000000e-01 1.592258e-01 4.282464e-03
9.010000e-01 1.601292e-01 4.299907e-03
9.020000e-01 1.610085e-01 4.316553e-03
9.030000e-01 1.618629e-01 4.332390e-03
9.040000e-01 1.626920e-01 4.347405e-03
9.050000e-01 1.634950e-01 4.361585e-03
9.060000e-01 1.642713e-01 4.374918e-03
9.070000e-01 1.650203e-01 4.387391e-03
9.080000e-01 1.657414e-01 4.398991e-03
9.090000e-01 1.664339e-01 4.409706e-03
9.100000e-01 1.670971e-01 4.419522e-03
9.110000e-01 1.677304e-01 4.428427e-03
9.120000e-01 1.683330e-01 4.436409e-03
9.130000e-01 1.689044e-01 4.443454e-03
9.140000e-01 1.694438e-01 4.449550e-03
9.150000e-01 1.699505e-01 4.454683e-03
9.160000e-01 1.704238e-01 4.458842e-03
9.170000e-01 1.708630e-01 4.462013e-03
9.180000e-01 1.712674e-01 4.464184e-03
9.190000e-01 1.716363e-01 4.465341e-03
9.200000e-01 1.719689e-01 4.465472e-03
9.210000e-01 1.722644e-01 4.464564e-03
9.220000e-01 1.725222e-01 4.462604e-03
9.230000e-01 1.727414e-01 4.459579e-03
9.240000e-01 1.729214e-01 4.455477e-03
9.250000e-01 1.730612e-01 4.450285e-03
9.260000e-01 1.731602e-01 4.443989e-03
9.270000e-01 1.732175e-01 4.436577e-03
9.280000e-01 1.732324e-01 4.428036e-03
9.290000e-01 1.732040e-01 4.418352e-03
9.300000e-01 1.731316e-01 4.407514e-03
9.310000e-01 1.730142e-01 4.395508e-03
9.320000e-01 1.728512e-01 4.382321e-03
9.330000e-01 1.726415e-01 4.367941e-03
9.340000e-01 1.723844e-01 4.352353e-03
9.350000e-01 1.720790e-01 4.335546e-03
9.360000e-01 1.717245e-01 4.317507e-03
9.370000e-01 1.713200e-01 4.298222e-03
9.380000e-01 1.708645e-01 4.277678e-03
9.390000e-01 1.703573e-01 4.255863e-03
9.400000e-01 1.697973e-01 4.232763e-03
9.410000e-01 1.691838e-01 4.208365e-03
9.420000e-01 1.685157e-01 4.182657e-03
9.430000e-01 1.677921e-01 4.155626e-03
9.440000e-01 1.670122e-01 4.127258e-03
9.450000e-01 1.661749e-01 4.097540e-03
9.460000e-01 1.652793e-01 4.066459e-03
9.470000e-01 1.643245e-01 4.034003e-03
9.480000e-01 1.633094e-01 4.000158e-03
9.490000e-01 1.622331e-01 3.964911e-03
9.500000e-01 1.610946e-01 3.928249e-03
9.510000e-01 1.598929e-01 3.890159e-03
9.520000e-01 1.586269e-01 3.850628e-03
9.530000e-01 1.572957e-01 3.809643e-03
9.540000e-01 1.558983e-01 3.767190e-03
9.550000e-01 1.544335e-01 3.723257e-03
9.560000e-01 1.529004e-01 3.677830e-03
9.570000e-01 1.512978e-01 3.630897e-03
9.580000e-01 1.496247e-01 3.582443e-03
9.590000e-01 1.478801e-01 3.532457e-03
9.600000e-01 1.460628e-01 3.480925e-03
9.610000e-01 1.441718e-01 3.427833e-03
9.620000e-01 1.422059e-01 3.373169e-03
9.630000e-01 1.401640e-01 3.316920e-03
9.640000e-01 1.380450e-01 3.259071e-03
9.650000e-01 1.358477e-01 3.199611e-03
9.660000e-01 1.335710e-01 3.138525e-03
9.670000e-01 1.312138e-01 3.075801e-03
9.680000e-01 1.287748e-01 3.011426e-03
9.690000e-01 1.262529e-01 2.945386e-03
9.700000e-01 1.236469e-01 2.877667e-03
9.710000e-01 1.209556e-01 2.808258e-03
9.720000e-01 1.181778e-01 2.737144e-03
9.730000e-01 1.153122e-01 2.664312e-03
9.740000e-01 1.123577e-01 2.589749e-03
9.750000e-01 1.093129e-01 2.513443e-03
9.760000e-01 1.061767e-01 2.435378e-03
9.770000e-01 1.029477e-01 2.355543e-03
9.780000e-01 9.962463e-02 2.273924e-03
9.790000e-01 9.620629e-02 2.190508e-03
9.800000e-01 9.269134e-02 2.105281e-03
9.810000e-01 8.907846e-02 2.018230e-03
9.820000e-01 8.536634e-02 1.929342e-03
9.830000e-01 8.155363e-02 1.838604e-03
9.840000e-01 7.763900e-02 1.746001e-03
9.850000e-01 7.362109e-02 1.651522e-03
9.860000e-01 6.949853e-02 1.555152e-03
9.870000e-01 6.526993e-02 1.456878e-03
9.880000e-01 6.093391e-02 1.356688e-03
9.890000e-01 5.648907e-02 1.254567e-03
9.900000e-01 5.193398e-02 1.150502e-03
9.910000e-01 4.726723e-02 1.044479e-03
9.920000e-01 4.248737e-02 9.364867e-04
9.930000e-01 3.759295e-02 8.265101e-04
9.940000e-01 3.258252e-02 7.145362e-04
9.950000e-01 2.745458e-02 6.005516e-04
9.960000e-01 2.220767e-02 4.845430e-04
9.970000e-01 1.684027e-02 3.664969e-04
9.980000e-01 1.135088e-02 2.464000e-04
9.990000e-01 5.737966e-03 1.242389e-04
