-1.000000e+00 0.000000e+00 0.000000e+00
-9.990000e-01 2.798407e+01 1.001414e-02
-9.980000e-01 5.415862e+01 2.028492e-02
-9.970000e-01 7.859976e+01 3.083034e-02
-9.960000e-01 1.013811e+02 4.167026e-02
-9.950000e-01 1.225739e+02 5.282669e-02
-9.940000e-01 1.422469e+02 6.432418e-02
-9.930000e-01 1.604667e+02 7.619011e-02
-9.920000e-01 1.772976e+02 8.845527e-02
-9.910000e-01 1.928015e+02 1.011543e-01
-9.900000e-01 2.070385e+02 1.143266e-01
-9.890000e-01 2.200666e+02 1.280170e-01
-9.880000e-01 2.319416e+02 1.422769e-01
-9.870000e-01 2.427175e+02 1.571657e-01
-9.860000e-01 2.524462e+02 1.727524e-01
-9.850000e-01 2.611782e+02 1.891180e-01
-9.840000e-01 2.689616e+02 2.063583e-01
-9.830000e-01 2.758433e+02 2.245876e-01
-9.820000e-01 2.818682e+02 2.439443e-01
-9.810000e-01 2.870796e+02 2.645978e-01
-9.800000e-01 2.915191e+02 2.867585e-01
-9.790000e-01 2.952268e+02 3.106924e-01
-9.780000e-01 2.982412e+02 3.367424e-01
-9.770000e-01 3.005993e+02 3.653614e-01
-9.760000e-01 3.023365e+02 3.971652e-01
-9.750000e-01 3.034865e+02 4.330208e-01
-9.740000e-01 3.040813e+02 4.742052e-01
-9.730000e-01 3.041509e+02 5.227137e-01
-9.720000e-01 3.037229e+02 5.819252e-01
-9.710000e-01 3.028202e+02 6.582791e-01
-9.700000e-01 3.014565e+02 7.666476e-01
-9.690000e-01 2.996083e+02 9.577136e-01
-9.680000e-01 2.970652e+02 1.468047e+00
-9.670000e-01 2.952465e+02 9.034564e-01
-9.660000e-01 2.926948e+02 7.454116e-01
-9.650000e-01 2.897766e+02 6.505728e-01
-9.640000e-01 2.865499e+02 5.829106e-01
-9.630000e-01 2.830480e+02 5.304594e-01
-9.620000e-01 2.792964e+02 4.877471e-01
-9.610000e-01 2.753177e+02 4.518090e-01
-9.600000e-01 2.711321e+02 4.208568e-01
-9.590000e-01 2.667586e+02 3.937287e-01
-9.580000e-01 2.622147e+02 3.696268e-01
-9.570000e-01 2.575174e+02 3.479795e-01
-9.560000e-01 2.526823e+02 3.283634e-01
-9.550000e-01 2.477246e+02 3.104560e-01
-9.540000e-01 2.426585e+02 2.940060e-01
-9.530000e-01 2.374975e+02 2.788139e-01
-9.520000e-01 2.322545e+02 2.647184e-01
-9.510000e-01 2.269417e+02 2.515877e-01
-9.500000e-01 2.215706e+02 2.393122e-01
-9.490000e-01 2.161523e+02 2.278002e-01
-9.480000e-01 2.106971e+02 2.169738e-01
-9.470000e-01 2.052149e+02 2.067669e-01
-9.460000e-01 1.997151e+02 1.971221e-01
-9.450000e-01 1.942063e+02 1.879900e-01
-9.440000e-01 1.886970e+02 1.793274e-01
-9.430000e-01 1.831949e+02 1.710962e-01
-9.420000e-01 1.777076e+02 1.632631e-01
-9.410000e-01 1.722418e+02 1.557982e-01
-9.400000e-01 1.668042e+02 1.486753e-01
-9.390000e-01 1.614009e+02 1.418705e-01
-9.380000e-01 1.560376e+02 1.353628e-01
-9.370000e-01 1.507197e+02 1.291328e-01
-9.360000e-01 1.454523e+02 1.231632e-01
-9.350000e-01 1.402399e+02 1.174385e-01
-9.340000e-01 1.350869e+02 1.119442e-01
-9.330000e-01 1.299974e+02 1.066672e-01
-9.320000e-01 1.249751e+02 1.015957e-01
-9.310000e-01 1.200233e+02 9.671870e-02
-9.300000e-01 1.151453e+02 9.202611e-02
-9.290000e-01 1.103440e+02 8.750865e-02
-9.280000e-01 1.056218e+02 8.315775e-02
-9.270000e-01 1.009814e+02 7.896550e-02
-9.260000e-01 9.642465e+01 7.492454e-02
-9.250000e-01 9.195365e+01 7.102806e-02
-9.240000e-01 8.757007e+01 6.726972e-02
-9.230000e-01 8.327542e+01 6.364360e-02
-9.220000e-01 7.907100e+01 6.014421e-02
-9.210000e-01 7.495794e+01 5.676639e-02
-9.200000e-01 7.093719e+01 5.350533e-02
-9.190000e-01 6.700953e+01 5.035652e-02
-9.180000e-01 6.317558e+01 4.731573e-02
-9.170000e-01 5.943581e+01 4.437898e-02
-9.160000e-01 5.579053e+01 4.154254e-02
-9.150000e-01 5.223995e+01 3.880291e-02
-9.140000e-01 4.878410e+01 3.615676e-02
-9.130000e-01 4.542293e+01 3.360099e-02
-9.120000e-01 4.215625e+01 3.113263e-02
-9.110000e-01 3.898376e+01 2.874892e-02
-9.100000e-01 3.590507e+01 2.644721e-02
-9.090000e-01 3.291967e+01 2.422502e-02
-9.080000e-01 3.002698e+01 2.207998e-02
-9.070000e-01 2.722632e+01 2.000987e-02
-9.060000e-01 2.451693e+01 1.801255e-02
-9.050000e-01 2.189799e+01 1.608602e-02
-9.040000e-01 1.936857e+01 1.422836e-02
-9.030000e-01 1.692772e+01 1.243776e-02
-9.020000e-01 1.457439e+01 1.071248e-02
-9.010000e-01 1.230750e+01 9.050876e-03
-9.000000e-01 1.012589e+01 7.451386e-03
-8.990000e-01 8.028385e+00 5.912514e-03
-8.980000e-01 6.013729e+00 4.432836e-03
-8.970000e-01 4.080646e+00 3.010994e-03
-8.960000e-01 2.227816e+00 1.645692e-03
-8.950000e-01 4.538838e-01 3.356940e-04
-8.940000e-01 1.242535e+00 9.202055e-04
-8.930000e-01 2.862854e+00 2.123370e-03
-8.920000e-01 4.408512e+00 3.275228e-03
-8.910000e-01 5.880969e+00 4.377159e-03
-8.900000e-01 7.281706e+00 5.430500e-03
-8.890000e-01 8.612218e+00 6.436544e-03
-8.880000e-01 9.874017e+00 7.396546e-03
-8.870000e-01 1.106862e+01 8.311721e-03
-8.860000e-01 1.219757e+01 9.183247e-03
-8.850000e-01 1.326240e+01 1.001227e-02
-8.840000e-01 1.426464e+01 1.079990e-02
-8.830000e-01 1.520586e+01 1.154721e-02
-8.820000e-01 1.608759e+01 1.225526e-02
-8.810000e-01 1.691138e+01 1.292507e-02
-8.800000e-01 1.767878e+01 1.355763e-02
-8.790000e-01 1.839133e+01 1.415391e-02
-8.780000e-01 1.905056e+01 1.471485e-02
-8.770000e-01 1.965799e+01 1.524137e-02
-8.760000e-01 2.021516e+01 1.573437e-02
-8.750000e-01 2.072356e+01 1.619472e-02
-8.740000e-01 2.118469e+01 1.662328e-02
-8.730000e-01 2.160005e+01 1.702087e-02
-8.720000e-01 2.197109e+01 1.738832e-02
-8.710000e-01 2.229929e+01 1.772642e-02
-8.700000e-01 2.258608e+01 1.803595e-02
-8.690000e-01 2.283288e+01 1.831766e-02
-8.680000e-01 2.304112e+01 1.857232e-02
-8.670000e-01 2.321217e+01 1.880064e-02
-8.660000e-01 2.334742e+01 1.900334e-02
-8.650000e-01 2.344822e+01 1.918113e-02
-8.640000e-01 2.351589e+01 1.933468e-02
-8.630000e-01 2.355176e+01 1.946467e-02
-8.620000e-01 2.355711e+01 1.957177e-02
-8.610000e-01 2.353322e+01 1.965663e-02
-8.600000e-01 2.348134e+01 1.971987e-02
-8.590000e-01 2.340269e+01 1.976212e-02
-8.580000e-01 2.329848e+01 1.978401e-02
-8.570000e-01 2.316989e+01 1.978612e-02
-8.560000e-01 2.301808e+01 1.976907e-02
-8.550000e-01 2.284419e+01 1.973342e-02
-8.540000e-01 2.264932e+01 1.967976e-02
-8.530000e-01 2.243457e+01 1.960865e-02
-8.520000e-01 2.220099e+01 1.952064e-02
-8.510000e-01 2.194963e+01 1.941628e-02
-8.500000e-01 2.168151e+01 1.929612e-02
-8.490000e-01 2.139762e+01 1.916069e-02
-8.480000e-01 2.109892e+01 1.901050e-02
-8.470000e-01 2.078637e+01 1.884607e-02
-8.460000e-01 2.046087e+01 1.866792e-02
-8.450000e-01 2.012334e+01 1.847654e-02
-8.440000e-01 1.977463e+01 1.827244e-02
-8.430000e-01 1.941560e+01 1.805609e-02
-8.420000e-01 1.904707e+01 1.782799e-02
-8.410000e-01 1.866985e+01 1.758860e-02
-8.400000e-01 1.828472e+01 1.733840e-02
-8.390000e-01 1.789242e+01 1.707786e-02
-8.380000e-01 1.749369e+01 1.680742e-02
-8.370000e-01 1.708925e+01 1.652756e-02
-8.360000e-01 1.667977e+01 1.623871e-02
-8.350000e-01 1.626592e+01 1.594131e-02
-8.340000e-01 1.584834e+01 1.563582e-02
-8.330000e-01 1.542766e+01 1.532265e-02
-8.320000e-01 1.500447e+01 1.500224e-02
-8.310000e-01 1.457935e+01 1.467502e-02
-8.300000e-01 1.415286e+01 1.434139e-02
-8.290000e-01 1.372554e+01 1.400179e-02
-8.280000e-01 1.329789e+01 1.365662e-02
-8.270000e-01 1.287041e+01 1.330629e-02
-8.260000e-01 1.244358e+01 1.295120e-02
-8.250000e-01 1.201786e+01 1.259176e-02
-8.240000e-01 1.159368e+01 1.222835e-02
-8.230000e-01 1.117146e+01 1.186137e-02
-8.220000e-01 1.075160e+01 1.149122e-02
-8.210000e-01 1.033448e+01 1.111828e-02
-8.200000e-01 9.920467e+00 1.074292e-02
-8.190000e-01 9.509902e+00 1.036553e-02
-8.180000e-01 9.103117e+00 9.986491e-03
-8.170000e-01 8.700424e+00 9.606169e-03
-8.160000e-01 8.302118e+00 9.224936e-03
-8.150000e-01 7.908480e+00 8.843159e-03
-8.140000e-01 7.519773e+00 8.461204e-03
-8.130000e-01 7.136246e+00 8.079432e-03
-8.120000e-01 6.758132e+00 7.698202e-03
-8.110000e-01 6.385652e+00 7.317871e-03
-8.100000e-01 6.019010e+00 6.938793e-03
-8.090000e-01 5.658396e+00 6.561319e-03
-8.080000e-01 5.303987e+00 6.185800e-03
-8.070000e-01 4.955949e+00 5.812581e-03
-8.060000e-01 4.614432e+00 5.442007e-03
-8.050000e-01 4.279575e+00 5.074421e-03
-8.040000e-01 3.951504e+00 4.710163e-03
-8.030000e-01 3.630335e+00 4.349570e-03
-8.020000e-01 3.316169e+00 3.992980e-03
-8.010000e-01 3.009100e+00 3.640725e-03
-8.000000e-01 2.709208e+00 3.293138e-03
-7.990000e-01 2.416565e+00 2.950548e-03
-7.980000e-01 2.131230e+00 2.613285e-03
-7.970000e-01 1.853255e+00 2.281673e-03
-7.960000e-01 1.582681e+00 1.956039e-03
-7.950000e-01 1.319540e+00 1.636704e-03
-7.940000e-01 1.063855e+00 1.323990e-03
-7.930000e-01 8.156403e-01 1.018215e-03
-7.920000e-01 5.749030e-01 7.196986e-04
-7.910000e-01 3.416413e-01 4.287558e-04
-7.900000e-01 1.158460e-01 1.457015e-04
-7.890000e-01 1.024995e-01 1.291579e-04
-7.880000e-01 3.134188e-01 3.956909e-04
-7.870000e-01 5.169424e-01 6.539527e-04
-7.860000e-01 7.131071e-01 9.040093e-04
-7.850000e-01 9.019561e-01 1.145928e-03
-7.840000e-01 1.083539e+00 1.379778e-03
-7.830000e-01 1.257909e+00 1.605628e-03
-7.820000e-01 1.425128e+00 1.823551e-03
-7.810000e-01 1.585261e+00 2.033619e-03
-7.800000e-01 1.738377e+00 2.235905e-03
-7.790000e-01 1.884553e+00 2.430486e-03
-7.780000e-01 2.023867e+00 2.617436e-03
-7.770000e-01 2.156403e+00 2.796835e-03
-7.760000e-01 2.282248e+00 2.968759e-03
-7.750000e-01 2.401494e+00 3.133290e-03
-7.740000e-01 2.514236e+00 3.290508e-03
-7.730000e-01 2.620572e+00 3.440495e-03
-7.720000e-01 2.720602e+00 3.583334e-03
-7.710000e-01 2.814431e+00 3.719109e-03
-7.700000e-01 2.902166e+00 3.847906e-03
-7.690000e-01 2.983915e+00 3.969810e-03
-7.680000e-01 3.059791e+00 4.084908e-03
-7.670000e-01 3.129906e+00 4.193289e-03
-7.660000e-01 3.194377e+00 4.295042e-03
-7.650000e-01 3.253320e+00 4.390255e-03
-7.640000e-01 3.306855e+00 4.479021e-03
-7.630000e-01 3.355101e+00 4.561431e-03
-7.620000e-01 3.398180e+00 4.637577e-03
-7.610000e-01 3.436215e+00 4.707553e-03
-7.600000e-01 3.469328e+00 4.771454e-03
-7.590000e-01 3.497645e+00 4.829373e-03
-7.580000e-01 3.521289e+00 4.881408e-03
-7.570000e-01 3.540387e+00 4.927654e-03
-7.560000e-01 3.555064e+00 4.968210e-03
-7.550000e-01 3.565445e+00 5.003173e-03
-7.540000e-01 3.571658e+00 5.032643e-03
-7.530000e-01 3.573827e+00 5.056719e-03
-7.520000e-01 3.572080e+00 5.075501e-03
-7.510000e-01 3.566540e+00 5.089091e-03
-7.500000e-01 3.557334e+00 5.097590e-03
-7.490000e-01 3.544587e+00 5.101101e-03
-7.480000e-01 3.528422e+00 5.099728e-03
-7.470000e-01 3.508963e+00 5.093573e-03
-7.460000e-01 3.486333e+00 5.082742e-03
-7.450000e-01 3.460654e+00 5.067340e-03
-7.440000e-01 3.432047e+00 5.047471e-03
-7.430000e-01 3.400631e+00 5.023243e-03
-7.420000e-01 3.366527e+00 4.994763e-03
-7.410000e-01 3.329850e+00 4.962138e-03
-7.400000e-01 3.290719e+00 4.925476e-03
-7.390000e-01 3.249248e+00 4.884886e-03
-7.380000e-01 3.205550e+00 4.840477e-03
-7.370000e-01 3.159739e+00 4.792359e-03
-7.360000e-01 3.111926e+00 4.740642e-03
-7.350000e-01 3.062218e+00 4.685437e-03
-7.340000e-01 3.010726e+00 4.626856e-03
-7.330000e-01 2.957553e+00 4.565010e-03
-7.320000e-01 2.902806e+00 4.500013e-03
-7.310000e-01 2.846586e+00 4.431975e-03
-7.300000e-01 2.788995e+00 4.361012e-03
-7.290000e-01 2.730132e+00 4.287237e-03
-7.280000e-01 2.670094e+00 4.210764e-03
-7.270000e-01 2.608976e+00 4.131709e-03
-7.260000e-01 2.546872e+00 4.050186e-03
-7.250000e-01 2.483875e+00 3.966311e-03
-7.240000e-01 2.420072e+00 3.880201e-03
-7.230000e-01 2.355553e+00 3.791971e-03
-7.220000e-01 2.290403e+00 3.701740e-03
-7.210000e-01 2.224706e+00 3.609624e-03
-7.200000e-01 2.158544e+00 3.515741e-03
-7.190000e-01 2.091995e+00 3.420211e-03
-7.180000e-01 2.025139e+00 3.323150e-03
-7.170000e-01 1.958050e+00 3.224679e-03
-7.160000e-01 1.890803e+00 3.124917e-03
-7.150000e-01 1.823468e+00 3.023984e-03
-7.140000e-01 1.756116e+00 2.922000e-03
-7.130000e-01 1.688814e+00 2.819086e-03
-7.120000e-01 1.621627e+00 2.715362e-03
-7.110000e-01 1.554619e+00 2.610950e-03
-7.100000e-01 1.487851e+00 2.505972e-03
-7.090000e-01 1.421382e+00 2.400550e-03
-7.080000e-01 1.355270e+00 2.294806e-03
-7.070000e-01 1.289570e+00 2.188862e-03
-7.060000e-01 1.224336e+00 2.082843e-03
-7.050000e-01 1.159618e+00 1.976872e-03
-7.040000e-01 1.095466e+00 1.871071e-03
-7.030000e-01 1.031928e+00 1.765566e-03
-7.020000e-01 9.690480e-01 1.660480e-03
-7.010000e-01 9.068706e-01 1.555938e-03
-7.000000e-01 8.454371e-01 1.452066e-03
-6.990000e-01 7.847871e-01 1.348988e-03
-6.980000e-01 7.249586e-01 1.246831e-03
-6.970000e-01 6.659875e-01 1.145719e-03
-6.960000e-01 6.079079e-01 1.045780e-03
-6.950000e-01 5.507523e-01 9.471389e-04
-6.940000e-01 4.945513e-01 8.499236e-04
-6.930000e-01 4.393336e-01 7.542607e-04
-6.920000e-01 3.851264e-01 6.602775e-04
-6.910000e-01 3.319551e-01 5.681017e-04
-6.900000e-01 2.798435e-01 4.778610e-04
-6.890000e-01 2.288136e-01 3.896835e-04
-6.880000e-01 1.788858e-01 3.036976e-04
-6.870000e-01 1.300792e-01 2.200319e-04
-6.860000e-01 8.241094e-02 1.388153e-04
-6.850000e-01 3.589689e-02 6.017686e-05
-6.840000e-01 9.448674e-03 1.575429e-05
-6.830000e-01 5.361294e-02 8.889921e-05
-6.820000e-01 9.658453e-02 1.592878e-04
-6.810000e-01 1.383535e-01 2.269640e-04
-6.800000e-01 1.789112e-01 2.919717e-04
-6.790000e-01 2.182505e-01 3.543541e-04
-6.780000e-01 2.563653e-01 4.141548e-04
-6.770000e-01 2.932512e-01 4.714165e-04
-6.760000e-01 3.289046e-01 5.261824e-04
-6.750000e-01 3.633235e-01 5.784948e-04
-6.740000e-01 3.965068e-01 6.283962e-04
-6.730000e-01 4.284548e-01 6.759288e-04
-6.720000e-01 4.591687e-01 7.211345e-04
-6.710000e-01 4.886510e-01 7.640552e-04
-6.700000e-01 5.169050e-01 8.047323e-04
-6.690000e-01 5.439354e-01 8.432072e-04
-6.680000e-01 5.697476e-01 8.795211e-04
-6.670000e-01 5.943480e-01 9.137149e-04
-6.660000e-01 6.177440e-01 9.458294e-04
-6.650000e-01 6.399439e-01 9.759052e-04
-6.640000e-01 6.609569e-01 1.003983e-03
-6.630000e-01 6.807930e-01 1.030102e-03
-6.620000e-01 6.994629e-01 1.054303e-03
-6.610000e-01 7.169782e-01 1.076626e-03
-6.600000e-01 7.333513e-01 1.097110e-03
-6.590000e-01 7.485952e-01 1.115795e-03
-6.580000e-01 7.627236e-01 1.132719e-03
-6.570000e-01 7.757510e-01 1.147923e-03
-6.560000e-01 7.876922e-01 1.161445e-03
-6.550000e-01 7.985629e-01 1.173324e-03
-6.540000e-01 8.083792e-01 1.183599e-03
-6.530000e-01 8.171580e-01 1.192307e-03
-6.520000e-01 8.249163e-01 1.199488e-03
-6.510000e-01 8.316718e-01 1.205178e-03
-6.500000e-01 8.374429e-01 1.209417e-03
-6.490000e-01 8.422479e-01 1.212242e-03
-6.480000e-01 8.461059e-01 1.213691e-03
-6.470000e-01 8.490362e-01 1.213801e-03
-6.460000e-01 8.510585e-01 1.212609e-03
-6.450000e-01 8.521929e-01 1.210152e-03
-6.440000e-01 8.524596e-01 1.206469e-03
-6.430000e-01 8.518793e-01 1.201594e-03
-6.420000e-01 8.504728e-01 1.195566e-03
-6.410000e-01 8.482612e-01 1.188421e-03
-6.400000e-01 8.452656e-01 1.180195e-03
-6.390000e-01 8.415076e-01 1.170924e-03
-6.380000e-01 8.370087e-01 1.160645e-03
-6.370000e-01 8.317907e-01 1.149394e-03
-6.360000e-01 8.258753e-01 1.137206e-03
-6.350000e-01 8.192846e-01 1.124117e-03
-6.340000e-01 8.120405e-01 1.110163e-03
-6.330000e-01 8.041651e-01 1.095379e-03
-6.320000e-01 7.956804e-01 1.079801e-03
-6.310000e-01 7.866085e-01 1.063464e-03
-6.300000e-01 7.769715e-01 1.046402e-03
-6.290000e-01 7.667914e-01 1.028651e-03
-6.280000e-01 7.560902e-01 1.010246e-03
-6.270000e-01 7.448900e-01 9.912215e-04
-6.260000e-01 7.332124e-01 9.716115e-04
-6.250000e-01 7.210794e-01 9.514509e-04
-6.240000e-01 7.085125e-01 9.307738e-04
-6.230000e-01 6.955333e-01 9.096146e-04
-6.220000e-01 6.821631e-01 8.880072e-04
-6.210000e-01 6.684232e-01 8.659857e-04
-6.200000e-01 6.543347e-01 8.435839e-04
-6.190000e-01 6.399185e-01 8.208354e-04
-6.180000e-01 6.251951e-01 7.977739e-04
-6.170000e-01 6.101852e-01 7.744330e-04
-6.160000e-01 5.949088e-01 7.508459e-04
-6.150000e-01 5.793862e-01 7.270459e-04
-6.140000e-01 5.636370e-01 7.030662e-04
-6.130000e-01 5.476807e-01 6.789399e-04
-6.120000e-01 5.315367e-01 6.546999e-04
-6.110000e-01 5.152239e-01 6.303789e-04
-6.100000e-01 4.987610e-01 6.060098e-04
-6.090000e-01 4.821665e-01 5.816251e-04
-6.080000e-01 4.654584e-01 5.572574e-04
-6.070000e-01 4.486545e-01 5.329390e-04
-6.060000e-01 4.317724e-01 5.087022e-04
-6.050000e-01 4.148291e-01 4.845794e-04
-6.040000e-01 3.978416e-01 4.606024e-04
-6.030000e-01 3.808264e-01 4.368034e-04
-6.020000e-01 3.637995e-01 4.132143e-04
-6.010000e-01 3.467768e-01 3.898668e-04
-6.000000e-01 3.297738e-01 3.667926e-04
-5.990000e-01 3.128056e-01 3.440234e-04
-5.980000e-01 2.958869e-01 3.215906e-04
-5.970000e-01 2.790321e-01 2.995257e-04
-5.960000e-01 2.622552e-01 2.778599e-04
-5.950000e-01 2.455699e-01 2.566245e-04
-5.940000e-01 2.289893e-01 2.358507e-04
-5.930000e-01 2.125265e-01 2.155693e-04
-5.920000e-01 1.961938e-01 1.958115e-04
-5.910000e-01 1.800035e-01 1.766079e-04
-5.900000e-01 1.639673e-01 1.579895e-04
-5.890000e-01 1.480964e-01 1.399868e-04
-5.880000e-01 1.324021e-01 1.226304e-04
-5.870000e-01 1.168947e-01 1.059509e-04
-5.860000e-01 1.015845e-01 8.997855e-05
-5.850000e-01 8.648141e-02 7.474374e-05
-5.840000e-01 7.159477e-02 6.027670e-05
-5.830000e-01 5.693368e-02 4.660755e-05
-5.820000e-01 4.250681e-02 3.376634e-05
-5.810000e-01 2.832244e-02 2.178306e-05
-5.800000e-01 1.438850e-02 1.068758e-05
-5.790000e-01 7.125060e-04 5.096960e-07
-5.780000e-01 1.269837e-02 8.727885e-06
-5.770000e-01 2.583734e-02 1.703544e-05
-5.760000e-01 3.869800e-02 2.443293e-05
-5.750000e-01 5.127430e-02 3.094043e-05
-5.740000e-01 6.356056e-02 3.657807e-05
-5.730000e-01 7.555147e-02 4.136608e-05
-5.720000e-01 8.724206e-02 4.532474e-05
-5.710000e-01 9.862773e-02 4.847444e-05
-5.700000e-01 1.097042e-01 5.083565e-05
-5.690000e-01 1.204677e-01 5.242889e-05
-5.680000e-01 1.309145e-01 5.327479e-05
-5.670000e-01 1.410415e-01 5.339404e-05
-5.660000e-01 1.508457e-01 5.280740e-05
-5.650000e-01 1.603246e-01 5.153573e-05
-5.640000e-01 1.694761e-01 4.959996e-05
-5.630000e-01 1.782981e-01 4.702107e-05
-5.620000e-01 1.867892e-01 4.382016e-05
-5.610000e-01 1.949479e-01 4.001836e-05
-5.600000e-01 2.027734e-01 3.563691e-05
-5.590000e-01 2.102649e-01 3.069711e-05
-5.580000e-01 2.174222e-01 2.522033e-05
-5.570000e-01 2.242450e-01 1.922802e-05
-5.560000e-01 2.307337e-01 1.274170e-05
-5.550000e-01 2.368886e-01 5.782965e-06
-5.540000e-01 2.427105e-01 1.626517e-06
-5.530000e-01 2.482005e-01 9.465006e-06
-5.520000e-01 2.533597e-01 1.771069e-05
-5.510000e-01 2.581898e-01 2.634169e-05
-5.500000e-01 2.626924e-01 3.533605e-05
-5.490000e-01 2.668696e-01 4.467175e-05
-5.480000e-01 2.707237e-01 5.432668e-05
-5.470000e-01 2.742570e-01 6.427869e-05
-5.460000e-01 2.774724e-01 7.450554e-05
-5.450000e-01 2.803726e-01 8.498493e-05
-5.440000e-01 2.829610e-01 9.569447e-05
-5.430000e-01 2.852406e-01 1.066117e-04
-5.420000e-01 2.872152e-01 1.177142e-04
-5.410000e-01 2.888883e-01 1.289793e-04
-5.400000e-01 2.902639e-01 1.403843e-04
-5.390000e-01 2.913460e-01 1.519067e-04
-5.380000e-01 2.921389e-01 1.635234e-04
-5.370000e-01 2.926471e-01 1.752118e-04
-5.360000e-01 2.928749e-01 1.869489e-04
-5.350000e-01 2.928272e-01 1.987118e-04
-5.340000e-01 2.925088e-01 2.104772e-04
-5.330000e-01 2.919248e-01 2.222222e-04
-5.320000e-01 2.910801e-01 2.339236e-04
-5.310000e-01 2.899801e-01 2.455580e-04
-5.300000e-01 2.886302e-01 2.571022e-04
-5.290000e-01 2.870357e-01 2.685329e-04
-5.280000e-01 2.852024e-01 2.798264e-04
-5.270000e-01 2.831358e-01 2.909594e-04
-5.260000e-01 2.808417e-01 3.019082e-04
-5.250000e-01 2.783261e-01 3.126491e-04
-5.240000e-01 2.755949e-01 3.231586e-04
-5.230000e-01 2.726540e-01 3.334128e-04
-5.220000e-01 2.695095e-01 3.433878e-04
-5.210000e-01 2.661677e-01 3.530598e-04
-5.200000e-01 2.626347e-01 3.624047e-04
-5.190000e-01 2.589168e-01 3.713986e-04
-5.180000e-01 2.550202e-01 3.800174e-04
-5.170000e-01 2.509513e-01 3.882368e-04
-5.160000e-01 2.467165e-01 3.960326e-04
-5.150000e-01 2.423222e-01 4.033806e-04
-5.140000e-01 2.377748e-01 4.102565e-04
-5.130000e-01 2.330808e-01 4.166356e-04
-5.120000e-01 2.282466e-01 4.224937e-04
-5.110000e-01 2.232787e-01 4.278062e-04
-5.100000e-01 2.181835e-01 4.325483e-04
-5.090000e-01 2.129675e-01 4.366956e-04
-5.080000e-01 2.076372e-01 4.402231e-04
-5.070000e-01 2.021990e-01 4.431062e-04
-5.060000e-01 1.966593e-01 4.453199e-04
-5.050000e-01 1.910245e-01 4.468394e-04
-5.040000e-01 1.853011e-01 4.476396e-04
-5.030000e-01 1.794953e-01 4.476955e-04
-5.020000e-01 1.736134e-01 4.469819e-04
-5.010000e-01 1.676618e-01 4.454738e-04
-5.000000e-01 1.616466e-01 4.431458e-04
-4.990000e-01 1.555741e-01 4.399726e-04
-4.980000e-01 1.494503e-01 4.359289e-04
-4.970000e-01 1.432814e-01 4.309892e-04
-4.960000e-01 1.370732e-01 4.251280e-04
-4.950000e-01 1.308319e-01 4.183198e-04
-4.940000e-01 1.245632e-01 4.105390e-04
-4.930000e-01 1.182730e-01 4.017598e-04
-4.920000e-01 1.119670e-01 3.919566e-04
-4.910000e-01 1.056509e-01 3.811034e-04
-4.900000e-01 9.933029e-02 3.691745e-04
-4.890000e-01 9.301060e-02 3.561439e-04
-4.880000e-01 8.669729e-02 3.419856e-04
-4.870000e-01 8.039567e-02 3.266735e-04
-4.860000e-01 7.411099e-02 3.101814e-04
-4.850000e-01 6.784838e-02 2.924833e-04
-4.840000e-01 6.161290e-02 2.735528e-04
-4.830000e-01 5.540949e-02 2.533636e-04
-4.820000e-01 4.924300e-02 2.318894e-04
-4.810000e-01 4.311817e-02 2.091036e-04
-4.800000e-01 3.703966e-02 1.849799e-04
-4.790000e-01 3.101198e-02 1.594915e-04
-4.780000e-01 2.503958e-02 1.326119e-04
-4.770000e-01 1.912677e-02 1.043143e-04
-4.760000e-01 1.327776e-02 7.457199e-05
-4.750000e-01 7.496629e-03 4.335814e-05
-4.740000e-01 1.787370e-03 1.064584e-05
-4.730000e-01 3.846156e-03 2.358703e-05
-4.720000e-01 9.400203e-03 5.930961e-05
-4.710000e-01 1.487114e-02 9.645850e-05
-4.700000e-01 2.025546e-02 1.349699e-04
-4.690000e-01 2.554976e-02 1.747799e-04
-4.680000e-01 3.075078e-02 2.158251e-04
-4.670000e-01 3.585537e-02 2.580415e-04
-4.660000e-01 4.086049e-02 3.013659e-04
-4.650000e-01 4.576324e-02 3.457345e-04
-4.640000e-01 5.056085e-02 3.910841e-04
-4.630000e-01 5.525063e-02 4.373512e-04
-4.620000e-01 5.983007e-02 4.844726e-04
-4.610000e-01 6.429673e-02 5.323850e-04
-4.600000e-01 6.864834e-02 5.810252e-04
-4.590000e-01 7.288271e-02 6.303302e-04
-4.580000e-01 7.699781e-02 6.802369e-04
-4.570000e-01 8.099171e-02 7.306824e-04
-4.560000e-01 8.486262e-02 7.816038e-04
-4.550000e-01 8.860884e-02 8.329383e-04
-4.540000e-01 9.222882e-02 8.846230e-04
-4.530000e-01 9.572114e-02 9.365954e-04
-4.520000e-01 9.908446e-02 9.887928e-04
-4.510000e-01 1.023176e-01 1.041153e-03
-4.500000e-01 1.054195e-01 1.093613e-03
-4.490000e-01 1.083891e-01 1.146110e-03
-4.480000e-01 1.112257e-01 1.198583e-03
-4.470000e-01 1.139286e-01 1.250969e-03
-4.460000e-01 1.164970e-01 1.303205e-03
-4.450000e-01 1.189305e-01 1.355230e-03
-4.440000e-01 1.212287e-01 1.406982e-03
-4.430000e-01 1.233914e-01 1.458399e-03
-4.420000e-01 1.254184e-01 1.509418e-03
-4.410000e-01 1.273097e-01 1.559978e-03
-4.400000e-01 1.290652e-01 1.610017e-03
-4.390000e-01 1.306852e-01 1.659474e-03
-4.380000e-01 1.321699e-01 1.708287e-03
-4.370000e-01 1.335198e-01 1.756394e-03
-4.360000e-01 1.347351e-01 1.803734e-03
-4.350000e-01 1.358167e-01 1.850246e-03
-4.340000e-01 1.367650e-01 1.895867e-03
-4.330000e-01 1.375810e-01 1.940538e-03
-4.320000e-01 1.382653e-01 1.984196e-03
-4.310000e-01 1.388191e-01 2.026781e-03
-4.300000e-01 1.392433e-01 2.068232e-03
-4.290000e-01 1.395391e-01 2.108488e-03
-4.280000e-01 1.397076e-01 2.147487e-03
-4.270000e-01 1.397503e-01 2.185170e-03
-4.260000e-01 1.396685e-01 2.221475e-03
-4.250000e-01 1.394636e-01 2.256342e-03
-4.240000e-01 1.391372e-01 2.289711e-03
-4.230000e-01 1.386910e-01 2.321520e-03
-4.220000e-01 1.381266e-01 2.351710e-03
-4.210000e-01 1.374459e-01 2.380220e-03
-4.200000e-01 1.366506e-01 2.406990e-03
-4.190000e-01 1.357426e-01 2.431960e-03
-4.180000e-01 1.347241e-01 2.455070e-03
-4.170000e-01 1.335969e-01 2.476260e-03
-4.160000e-01 1.323632e-01 2.495470e-03
-4.150000e-01 1.310252e-01 2.512640e-03
-4.140000e-01 1.295850e-01 2.527711e-03
-4.130000e-01 1.280450e-01 2.540623e-03
-4.120000e-01 1.264075e-01 2.551316e-03
-4.110000e-01 1.246749e-01 2.559732e-03
-4.100000e-01 1.228496e-01 2.565810e-03
-4.090000e-01 1.209340e-01 2.569491e-03
-4.080000e-01 1.189307e-01 2.570717e-03
-4.070000e-01 1.168423e-01 2.569427e-03
-4.060000e-01 1.146713e-01 2.565564e-03
-4.050000e-01 1.124203e-01 2.559069e-03
-4.040000e-01 1.100921e-01 2.549881e-03
-4.030000e-01 1.076893e-01 2.537944e-03
-4.020000e-01 1.052146e-01 2.523197e-03
-4.010000e-01 1.026709e-01 2.505584e-03
-4.000000e-01 1.000609e-01 2.485044e-03
-3.990000e-01 9.738732e-02 2.461520e-03
-3.980000e-01 9.465309e-02 2.434954e-03
-3.970000e-01 9.186101e-02 2.405288e-03
-3.960000e-01 8.901395e-02 2.372463e-03
-3.950000e-01 8.611476e-02 2.336421e-03
-3.940000e-01 8.316635e-02 2.297105e-03
-3.930000e-01 8.017158e-02 2.254457e-03
-3.920000e-01 7.713338e-02 2.208419e-03
-3.910000e-01 7.405463e-02 2.158934e-03
-3.900000e-01 7.093824e-02 2.105944e-03
-3.890000e-01 6.778713e-02 2.049393e-03
-3.880000e-01 6.460420e-02 1.989222e-03
-3.870000e-01 6.139235e-02 1.925375e-03
-3.860000e-01 5.815448e-02 1.857794e-03
-3.850000e-01 5.489348e-02 1.786423e-03
-3.840000e-01 5.161223e-02 1.711205e-03
-3.830000e-01 4.831360e-02 1.632083e-03
-3.820000e-01 4.500044e-02 1.549002e-03
-3.810000e-01 4.167560e-02 1.461903e-03
-3.800000e-01 3.834191e-02 1.370731e-03
-3.790000e-01 3.500216e-02 1.275430e-03
-3.780000e-01 3.165915e-02 1.175943e-03
-3.770000e-01 2.831562e-02 1.072215e-03
-3.760000e-01 2.497433e-02 9.641901e-04
-3.750000e-01 2.163799e-02 8.518118e-04
-3.740000e-01 1.830927e-02 7.350247e-04
-3.730000e-01 1.499085e-02 6.137733e-04
-3.720000e-01 1.168533e-02 4.880023e-04
-3.710000e-01 8.395310e-03 3.576564e-04
-3.700000e-01 5.123355e-03 2.226804e-04
-3.690000e-01 1.871985e-03 8.301937e-05
-3.680000e-01 1.356314e-03 6.137840e-05
-3.670000e-01 4.559092e-03 2.104509e-04
-3.660000e-01 7.733943e-03 3.639966e-04
-3.650000e-01 1.087850e-02 5.218052e-04
-3.640000e-01 1.399043e-02 6.836664e-04
-3.630000e-01 1.706746e-02 8.493698e-04
-3.620000e-01 2.010734e-02 1.018705e-03
-3.610000e-01 2.310790e-02 1.191460e-03
-3.600000e-01 2.606698e-02 1.367425e-03
-3.590000e-01 2.898248e-02 1.546389e-03
-3.580000e-01 3.185236e-02 1.728141e-03
-3.570000e-01 3.467463e-02 1.912469e-03
-3.560000e-01 3.744733e-02 2.099161e-03
-3.550000e-01 4.016858e-02 2.288007e-03
-3.540000e-01 4.283653e-02 2.478794e-03
-3.530000e-01 4.544939e-02 2.671310e-03
-3.520000e-01 4.800544e-02 2.865344e-03
-3.510000e-01 5.050300e-02 3.060683e-03
-3.500000e-01 5.294044e-02 3.257114e-03
-3.490000e-01 5.531621e-02 3.454426e-03
-3.480000e-01 5.762879e-02 3.652406e-03
-3.470000e-01 5.987675e-02 3.850840e-03
-3.460000e-01 6.205868e-02 4.049516e-03
-3.450000e-01 6.417325e-02 4.248220e-03
-3.440000e-01 6.621921e-02 4.446740e-03
-3.430000e-01 6.819533e-02 4.644861e-03
-3.420000e-01 7.010047e-02 4.842370e-03
-3.410000e-01 7.193353e-02 5.039054e-03
-3.400000e-01 7.369348e-02 5.234697e-03
-3.390000e-01 7.537937e-02 5.429087e-03
-3.380000e-01 7.699028e-02 5.622008e-03
-3.370000e-01 7.852537e-02 5.813246e-03
-3.360000e-01 7.998385e-02 6.002587e-03
-3.350000e-01 8.136501e-02 6.189815e-03
-3.340000e-01 8.266818e-02 6.374715e-03
-3.330000e-01 8.389278e-02 6.557073e-03
-3.320000e-01 8.503825e-02 6.736671e-03
-3.310000e-01 8.610414e-02 6.913296e-03
-3.300000e-01 8.709003e-02 7.086731e-03
-3.290000e-01 8.799557e-02 7.256760e-03
-3.280000e-01 8.882047e-02 7.423167e-03
-3.270000e-01 8.956451e-02 7.585735e-03
-3.260000e-01 9.022752e-02 7.744247e-03
-3.250000e-01 9.080940e-02 7.898487e-03
-3.240000e-01 9.131009e-02 8.048238e-03
-3.230000e-01 9.172963e-02 8.193282e-03
-3.220000e-01 9.206807e-02 8.333403e-03
-3.210000e-01 9.232557e-02 8.468381e-03
-3.200000e-01 9.250230e-02 8.597999e-03
-3.190000e-01 9.259853e-02 8.722040e-03
-3.180000e-01 9.261455e-02 8.840284e-03
-3.170000e-01 9.255075e-02 8.952513e-03
-3.160000e-01 9.240754e-02 9.058508e-03
-3.150000e-01 9.218540e-02 9.158050e-03
-3.140000e-01 9.188486e-02 9.250920e-03
-3.130000e-01 9.150653e-02 9.336898e-03
-3.120000e-01 9.105103e-02 9.415764e-03
-3.110000e-01 9.051907e-02 9.487298e-03
-3.100000e-01 8.991139e-02 9.551280e-03
-3.090000e-01 8.922880e-02 9.607490e-03
-3.080000e-01 8.847216e-02 9.655706e-03
-3.070000e-01 8.764235e-02 9.695707e-03
-3.060000e-01 8.674033e-02 9.727273e-03
-3.050000e-01 8.576711e-02 9.750180e-03
-3.040000e-01 8.472372e-02 9.764208e-03
-3.030000e-01 8.361127e-02 9.769134e-03
-3.020000e-01 8.243089e-02 9.764736e-03
-3.010000e-01 8.118376e-02 9.750791e-03
-3.000000e-01 7.987112e-02 9.727076e-03
-2.990000e-01 7.849422e-02 9.693367e-03
-2.980000e-01 7.705439e-02 9.649442e-03
-2.970000e-01 7.555297e-02 9.595075e-03
-2.960000e-01 7.399135e-02 9.530043e-03
-2.950000e-01 7.237096e-02 9.454121e-03
-2.940000e-01 7.069327e-02 9.367084e-03
-2.930000e-01 6.895978e-02 9.268708e-03
-2.920000e-01 6.717203e-02 9.158765e-03
-2.910000e-01 6.533157e-02 9.037032e-03
-2.900000e-01 6.344003e-02 8.903281e-03
-2.890000e-01 6.149903e-02 8.757286e-03
-2.880000e-01 5.951024e-02 8.598820e-03
-2.870000e-01 5.747534e-02 8.427656e-03
-2.860000e-01 5.539606e-02 8.243565e-03
-2.850000e-01 5.327415e-02 8.046322e-03
-2.840000e-01 5.111137e-02 7.835696e-03
-2.830000e-01 4.890953e-02 7.611459e-03
-2.820000e-01 4.667044e-02 7.373383e-03
-2.810000e-01 4.439594e-02 7.121237e-03
-2.800000e-01 4.208790e-02 6.854792e-03
-2.790000e-01 3.974819e-02 6.573817e-03
-2.780000e-01 3.737870e-02 6.278083e-03
-2.770000e-01 3.498136e-02 5.967357e-03
-2.760000e-01 3.255809e-02 5.641409e-03
-2.750000e-01 3.011083e-02 5.300007e-03
-2.740000e-01 2.764153e-02 4.942917e-03
-2.730000e-01 2.515217e-02 4.569908e-03
-2.720000e-01 2.264472e-02 4.180746e-03
-2.710000e-01 2.012115e-02 3.775198e-03
-2.700000e-01 1.758347e-02 3.353029e-03
-2.690000e-01 1.503367e-02 2.914005e-03
-2.680000e-01 1.247375e-02 2.457891e-03
-2.670000e-01 9.905725e-03 1.984451e-03
-2.660000e-01 7.331590e-03 1.493449e-03
-2.650000e-01 4.753360e-03 9.846494e-04
-2.640000e-01 2.173043e-03 4.578140e-04
-2.630000e-01 4.073547e-04 8.729354e-05
-2.620000e-01 2.985829e-03 6.506326e-04
-2.610000e-01 5.560381e-03 1.231464e-03
-2.600000e-01 8.129015e-03 1.828943e-03
-2.590000e-01 1.068974e-02 2.442222e-03
-2.580000e-01 1.324059e-02 3.070456e-03
-2.570000e-01 1.577958e-02 3.712801e-03
-2.560000e-01 1.830475e-02 4.368413e-03
-2.550000e-01 2.081415e-02 5.036448e-03
-2.540000e-01 2.330586e-02 5.716063e-03
-2.530000e-01 2.577794e-02 6.406417e-03
-2.520000e-01 2.822848e-02 7.106667e-03
-2.510000e-01 3.065560e-02 7.815973e-03
-2.500000e-01 3.305743e-02 8.533494e-03
-2.490000e-01 3.543210e-02 9.258391e-03
-2.480000e-01 3.777777e-02 9.989824e-03
-2.470000e-01 4.009264e-02 1.072696e-02
-2.460000e-01 4.237491e-02 1.146895e-02
-2.450000e-01 4.462280e-02 1.221496e-02
-2.440000e-01 4.683457e-02 1.296417e-02
-2.430000e-01 4.900850e-02 1.371572e-02
-2.420000e-01 5.114288e-02 1.446879e-02
-2.410000e-01 5.323605e-02 1.522255e-02
-2.400000e-01 5.528636e-02 1.597615e-02
-2.390000e-01 5.729221e-02 1.672877e-02
-2.380000e-01 5.925199e-02 1.747958e-02
-2.370000e-01 6.116417e-02 1.822775e-02
-2.360000e-01 6.302722e-02 1.897244e-02
-2.350000e-01 6.483964e-02 1.971282e-02
-2.340000e-01 6.659998e-02 2.044807e-02
-2.330000e-01 6.830682e-02 2.117737e-02
-2.320000e-01 6.995877e-02 2.189988e-02
-2.310000e-01 7.155448e-02 2.261477e-02
-2.300000e-01 7.309262e-02 2.332123e-02
-2.290000e-01 7.457192e-02 2.401844e-02
-2.280000e-01 7.599115e-02 2.470555e-02
-2.270000e-01 7.734909e-02 2.538177e-02
-2.260000e-01 7.864458e-02 2.604626e-02
-2.250000e-01 7.987650e-02 2.669821e-02
-2.240000e-01 8.104377e-02 2.733679e-02
-2.230000e-01 8.214535e-02 2.796120e-02
-2.220000e-01 8.318023e-02 2.857061e-02
-2.210000e-01 8.414746e-02 2.916420e-02
-2.200000e-01 8.504612e-02 2.974118e-02
-2.190000e-01 8.587534e-02 3.030071e-02
-2.180000e-01 8.663430e-02 3.084200e-02
-2.170000e-01 8.732221e-02 3.136422e-02
-2.160000e-01 8.793833e-02 3.186657e-02
-2.150000e-01 8.848198e-02 3.234825e-02
-2.140000e-01 8.895250e-02 3.280845e-02
-2.130000e-01 8.934930e-02 3.324635e-02
-2.120000e-01 8.967182e-02 3.366116e-02
-2.110000e-01 8.991954e-02 3.405208e-02
-2.100000e-01 9.009202e-02 3.441830e-02
-2.090000e-01 9.018884e-02 3.475902e-02
-2.080000e-01 9.020964e-02 3.507345e-02
-2.070000e-01 9.015409e-02 3.536079e-02
-2.060000e-01 9.002193e-02 3.562025e-02
-2.050000e-01 8.981293e-02 3.585102e-02
-2.040000e-01 8.952692e-02 3.605233e-02
-2.030000e-01 8.916379e-02 3.622337e-02
-2.020000e-01 8.872345e-02 3.636337e-02
-2.010000e-01 8.820587e-02 3.647153e-02
-2.000000e-01 8.761108e-02 3.654707e-02
-1.990000e-01 8.693916e-02 3.658920e-02
-1.980000e-01 8.619021e-02 3.659715e-02
-1.970000e-01 8.536441e-02 3.657014e-02
-1.960000e-01 8.446198e-02 3.650739e-02
-1.950000e-01 8.348318e-02 3.640812e-02
-1.940000e-01 8.242833e-02 3.627156e-02
-1.930000e-01 8.129780e-02 3.609694e-02
-1.920000e-01 8.009199e-02 3.588350e-02
-1.910000e-01 7.881137e-02 3.563046e-02
-1.900000e-01 7.745644e-02 3.533706e-02
-1.890000e-01 7.602777e-02 3.500254e-02
-1.880000e-01 7.452595e-02 3.462613e-02
-1.870000e-01 7.295165e-02 3.420709e-02
-1.860000e-01 7.130557e-02 3.374466e-02
-1.850000e-01 6.958844e-02 3.323808e-02
-1.840000e-01 6.780107e-02 3.268661e-02
-1.830000e-01 6.594430e-02 3.208950e-02
-1.820000e-01 6.401901e-02 3.144601e-02
-1.810000e-01 6.202614e-02 3.075539e-02
-1.800000e-01 5.996667e-02 3.001691e-02
-1.790000e-01 5.784161e-02 2.922983e-02
-1.780000e-01 5.565205e-02 2.839343e-02
-1.770000e-01 5.339909e-02 2.750696e-02
-1.760000e-01 5.108390e-02 2.656972e-02
-1.750000e-01 4.870767e-02 2.558097e-02
-1.740000e-01 4.627164e-02 2.453999e-02
-1.730000e-01 4.377711e-02 2.344608e-02
-1.720000e-01 4.122540e-02 2.229852e-02
-1.710000e-01 3.861788e-02 2.109661e-02
-1.700000e-01 3.595597e-02 1.983964e-02
-1.690000e-01 3.324112e-02 1.852690e-02
-1.680000e-01 3.047481e-02 1.715772e-02
-1.670000e-01 2.765859e-02 1.573139e-02
-1.660000e-01 2.479401e-02 1.424723e-02
-1.650000e-01 2.188270e-02 1.270455e-02
-1.640000e-01 1.892630e-02 1.110269e-02
-1.630000e-01 1.592648e-02 9.440957e-03
-1.620000e-01 1.288498e-02 7.718696e-03
-1.610000e-01 9.803549e-03 5.935242e-03
-1.600000e-01 6.683977e-03 4.089937e-03
-1.590000e-01 3.528091e-03 2.182128e-03
-1.580000e-01 3.377523e-04 2.111691e-04
-1.570000e-01 2.885145e-03 1.823222e-03
-1.560000e-01 6.138674e-03 3.919356e-03
-1.550000e-01 9.420877e-03 6.074863e-03
-1.540000e-01 1.272976e-02 8.287367e-03
-1.530000e-01 1.606331e-02 1.055449e-02
-1.520000e-01 1.941947e-02 1.287383e-02
-1.510000e-01 2.279615e-02 1.524301e-02
-1.500000e-01 2.619126e-02 1.765961e-02
-1.490000e-01 2.960264e-02 2.012123e-02
-1.480000e-01 3.302815e-02 2.262545e-02
-1.470000e-01 3.646557e-02 2.516984e-02
-1.460000e-01 3.991270e-02 2.775197e-02
-1.450000e-01 4.336729e-02 3.036939e-02
-1.440000e-01 4.682707e-02 3.301965e-02
-1.430000e-01 5.028975e-02 3.570029e-02
-1.420000e-01 5.375301e-02 3.840885e-02
-1.410000e-01 5.721450e-02 4.114283e-02
-1.400000e-01 6.067187e-02 4.389975e-02
-1.390000e-01 6.412273e-02 4.667711e-02
-1.380000e-01 6.756468e-02 4.947239e-02
-1.370000e-01 7.099527e-02 5.228308e-02
-1.360000e-01 7.441208e-02 5.510663e-02
-1.350000e-01 7.781262e-02 5.794050e-02
-1.340000e-01 8.119442e-02 6.078212e-02
-1.330000e-01 8.455496e-02 6.362893e-02
-1.320000e-01 8.789172e-02 6.647833e-02
-1.310000e-01 9.120216e-02 6.932773e-02
-1.300000e-01 9.448372e-02 7.217450e-02
-1.290000e-01 9.773382e-02 7.501602e-02
-1.280000e-01 1.009499e-01 7.784964e-02
-1.270000e-01 1.041292e-01 8.067268e-02
-1.260000e-01 1.072693e-01 8.348247e-02
-1.250000e-01 1.103675e-01 8.627630e-02
-1.240000e-01 1.134210e-01 8.905146e-02
-1.230000e-01 1.164273e-01 9.180520e-02
-1.220000e-01 1.193836e-01 9.453476e-02
-1.210000e-01 1.222873e-01 9.723737e-02
-1.200000e-01 1.251355e-01 9.991020e-02
-1.190000e-01 1.279256e-01 1.025504e-01
-1.180000e-01 1.306548e-01 1.051552e-01
-1.170000e-01 1.333204e-01 1.077217e-01
-1.160000e-01 1.359195e-01 1.102469e-01
-1.150000e-01 1.384493e-01 1.127279e-01
-1.140000e-01 1.409071e-01 1.151618e-01
-1.130000e-01 1.432900e-01 1.175456e-01
-1.120000e-01 1.455950e-01 1.198761e-01
-1.110000e-01 1.478194e-01 1.221505e-01
-1.100000e-01 1.499603e-01 1.243655e-01
-1.090000e-01 1.520146e-01 1.265180e-01
-1.080000e-01 1.539796e-01 1.286048e-01
-1.070000e-01 1.558521e-01 1.306228e-01
-1.060000e-01 1.576292e-01 1.325686e-01
-1.050000e-01 1.593080e-01 1.344389e-01
-1.040000e-01 1.608852e-01 1.362305e-01
-1.030000e-01 1.623580e-01 1.379397e-01
-1.020000e-01 1.637230e-01 1.395632e-01
-1.010000e-01 1.649773e-01 1.410975e-01
-1.000000e-01 1.661176e-01 1.425389e-01
-9.900000e-02 1.671406e-01 1.438839e-01
-9.800000e-02 1.680432e-01 1.451285e-01
-9.700000e-02 1.688219e-01 1.462692e-01
-9.600000e-02 1.694735e-01 1.473019e-01
-9.500000e-02 1.699945e-01 1.482227e-01
-9.400000e-02 1.703813e-01 1.490276e-01
-9.300000e-02 1.706305e-01 1.497124e-01
-9.200000e-02 1.707384e-01 1.502728e-01
-9.100000e-02 1.707014e-01 1.507046e-01
-9.000000e-02 1.705156e-01 1.510032e-01
-8.900000e-02 1.701771e-01 1.511640e-01
-8.800000e-02 1.696820e-01 1.511823e-01
-8.700000e-02 1.690262e-01 1.510533e-01
-8.600000e-02 1.682055e-01 1.507719e-01
-8.500000e-02 1.672156e-01 1.503329e-01
-8.400000e-02 1.660519e-01 1.497310e-01
-8.300000e-02 1.647099e-01 1.489606e-01
-8.200000e-02 1.631847e-01 1.480161e-01
-8.100000e-02 1.614714e-01 1.468913e-01
-8.000000e-02 1.595649e-01 1.455802e-01
-7.900000e-02 1.574595e-01 1.440762e-01
-7.800000e-02 1.551499e-01 1.423726e-01
-7.700000e-02 1.526299e-01 1.404623e-01
-7.600000e-02 1.498935e-01 1.383380e-01
-7.500000e-02 1.469341e-01 1.359920e-01
-7.400000e-02 1.437447e-01 1.334160e-01
-7.300000e-02 1.403181e-01 1.306015e-01
-7.200000e-02 1.366466e-01 1.275394e-01
-7.100000e-02 1.327220e-01 1.242203e-01
-7.000000e-02 1.285355e-01 1.206338e-01
-6.900000e-02 1.240777e-01 1.167692e-01
-6.800000e-02 1.193386e-01 1.126150e-01
-6.700000e-02 1.143074e-01 1.081589e-01
-6.600000e-02 1.089726e-01 1.033877e-01
-6.500000e-02 1.033215e-01 9.828712e-02
-6.400000e-02 9.734046e-02 9.284200e-02
-6.300000e-02 9.101467e-02 8.703576e-02
-6.200000e-02 8.432788e-02 8.085042e-02
-6.100000e-02 7.726230e-02 7.426643e-02
-6.000000e-02 6.979835e-02 6.726240e-02
-5.900000e-02 6.191440e-02 5.981484e-02
-5.800000e-02 5.358644e-02 5.189785e-02
-5.700000e-02 4.478771e-02 4.348274e-02
-5.600000e-02 3.548827e-02 3.453758e-02
-5.500000e-02 2.565442e-02 2.502666e-02
-5.400000e-02 1.524803e-02 1.490980e-02
-5.300000e-02 4.225751e-03 4.141539e-03
-5.200000e-02 7.462067e-03 7.329735e-03
-5.100000e-02 1.987262e-02 1.956101e-02
-5.000000e-02 3.307229e-02 3.261692e-02
-4.900000e-02 4.713879e-02 4.657343e-02
-4.800000e-02 6.216383e-02 6.152055e-02
-4.700000e-02 7.825676e-02 7.756599e-02
-4.600000e-02 9.554944e-02 9.483996e-02
-4.500000e-02 1.142028e-01 1.135019e-01
-4.400000e-02 1.344163e-01 1.337495e-01
-4.300000e-02 1.564408e-01 1.558323e-01
-4.200000e-02 1.805986e-01 1.800712e-01
-4.100000e-02 2.073127e-01 2.068876e-01
-4.000000e-02 2.371544e-01 2.368515e-01
-3.900000e-02 2.709211e-01 2.707589e-01
-3.800000e-02 3.097741e-01 3.097700e-01
-3.700000e-02 3.555013e-01 3.556711e-01
-3.600000e-02 4.110668e-01 4.114253e-01
-3.500000e-02 4.819422e-01 4.825029e-01
-3.400000e-02 5.800924e-01 5.808677e-01
-3.300000e-02 7.415463e-01 7.425475e-01
-3.200000e-02 1.309643e+00 1.310880e+00
-3.100000e-02 8.029117e-01 8.043939e-01
-3.000000e-02 6.155434e-01 6.172788e-01
-2.900000e-02 5.109673e-01 5.129629e-01
-2.800000e-02 4.384997e-01 4.407616e-01
-2.700000e-02 3.832675e-01 3.858010e-01
-2.600000e-02 3.388304e-01 3.416398e-01
-2.500000e-02 3.018088e-01 3.048975e-01
-2.400000e-02 2.702063e-01 2.735770e-01
-2.300000e-02 2.427448e-01 2.463994e-01
-2.200000e-02 2.185564e-01 2.224959e-01
-2.100000e-02 1.970244e-01 2.012492e-01
-2.000000e-02 1.776948e-01 1.822045e-01
-1.900000e-02 1.602235e-01 1.650170e-01
-1.800000e-02 1.443433e-01 1.494191e-01
-1.700000e-02 1.298428e-01 1.351984e-01
-1.600000e-02 1.165515e-01 1.221840e-01
-1.500000e-02 1.043297e-01 1.102357e-01
-1.400000e-02 9.306181e-02 9.923737e-02
-1.300000e-02 8.265087e-02 8.909137e-02
-1.200000e-02 7.301461e-02 7.971502e-02
-1.100000e-02 6.408269e-02 7.103751e-02
-1.000000e-02 5.579443e-02 6.299769e-02
-9.000000e-03 4.809706e-02 5.554238e-02
-8.000000e-03 4.094439e-02 4.862498e-02
-7.000000e-03 3.429571e-02 4.220437e-02
-6.000000e-03 2.811491e-02 3.624410e-02
-5.000000e-03 2.236981e-02 3.071163e-02
-4.000000e-03 1.703158e-02 2.557778e-02
-3.000000e-03 1.207424e-02 2.081628e-02
-2.000000e-03 7.474284e-03 1.640331e-02
-1.000000e-03 3.210368e-03 1.231725e-02
8.812395e-16 7.369865e-04 8.538357e-03
1.000000e-03 4.385618e-03 5.048530e-03
2.000000e-03 7.751919e-03 1.831137e-03
3.000000e-03 1.085101e-02 1.129171e-03
4.000000e-03 1.369689e-02 3.846601e-03
5.000000e-03 1.630253e-02 6.334345e-03
6.000000e-03 1.868002e-02 8.604687e-03
7.000000e-03 2.084066e-02 1.066910e-02
8.000000e-03 2.279500e-02 1.253833e-02
9.000000e-03 2.455296e-02 1.422245e-02
1.000000e-02 2.612386e-02 1.573097e-02
1.100000e-02 2.751650e-02 1.707283e-02
1.200000e-02 2.873919e-02 1.825649e-02
1.300000e-02 2.979980e-02 1.928998e-02
1.400000e-02 3.070580e-02 2.018091e-02
1.500000e-02 3.146430e-02 2.093653e-02
1.600000e-02 3.208205e-02 2.156375e-02
1.700000e-02 3.256551e-02 2.206915e-02
1.800000e-02 3.292085e-02 2.245905e-02
1.900000e-02 3.315398e-02 2.273949e-02
2.000000e-02 3.327055e-02 2.291628e-02
2.100000e-02 3.327601e-02 2.299500e-02
2.200000e-02 3.317557e-02 2.298101e-02
2.300000e-02 3.297427e-02 2.287951e-02
2.400000e-02 3.267695e-02 2.269549e-02
2.500000e-02 3.228829e-02 2.243379e-02
2.600000e-02 3.181280e-02 2.209909e-02
2.700000e-02 3.125484e-02 2.169593e-02
2.800000e-02 3.061864e-02 2.122872e-02
2.900000e-02 2.990829e-02 2.070173e-02
3.000000e-02 2.912774e-02 2.011914e-02
3.100000e-02 2.828085e-02 1.948500e-02
3.200000e-02 2.737134e-02 1.880325e-02
3.300000e-02 2.640284e-02 1.807776e-02
3.400000e-02 2.537887e-02 1.731229e-02
3.500000e-02 2.430284e-02 1.651053e-02
3.600000e-02 2.317809e-02 1.567607e-02
3.700000e-02 2.200785e-02 1.481244e-02
3.800000e-02 2.079528e-02 1.392310e-02
3.900000e-02 1.954345e-02 1.301144e-02
4.000000e-02 1.825535e-02 1.208078e-02
4.100000e-02 1.693389e-02 1.113439e-02
4.200000e-02 1.558191e-02 1.017549e-02
4.300000e-02 1.420218e-02 9.207225e-03
4.400000e-02 1.279740e-02 8.232709e-03
4.500000e-02 1.137019e-02 7.255000e-03
4.600000e-02 9.923125e-03 6.277113e-03
4.700000e-02 8.458702e-03 5.302018e-03
4.800000e-02 6.979357e-03 4.332647e-03
4.900000e-02 5.487466e-03 3.371892e-03
5.000000e-02 3.985346e-03 2.422606e-03
5.100000e-02 2.475254e-03 1.487611e-03
5.200000e-02 9.593902e-04 5.696930e-04
5.300000e-02 5.601016e-04 3.284143e-04
5.400000e-02 2.081134e-03 1.204974e-03
5.500000e-02 3.601672e-03 2.059646e-03
5.600000e-02 5.119738e-03 2.892219e-03
5.700000e-02 6.633404e-03 3.702509e-03
5.800000e-02 8.140797e-03 4.490358e-03
5.900000e-02 9.640093e-03 5.255631e-03
6.000000e-02 1.112952e-02 5.998216e-03
6.100000e-02 1.260736e-02 6.718023e-03
6.200000e-02 1.407194e-02 7.414983e-03
6.300000e-02 1.552164e-02 8.089049e-03
6.400000e-02 1.695488e-02 8.740191e-03
6.500000e-02 1.837015e-02 9.368398e-03
6.600000e-02 1.976596e-02 9.973677e-03
6.700000e-02 2.114089e-02 1.055605e-02
6.800000e-02 2.249356e-02 1.111556e-02
6.900000e-02 2.382263e-02 1.165227e-02
7.000000e-02 2.512681e-02 1.216624e-02
7.100000e-02 2.640487e-02 1.265756e-02
7.200000e-02 2.765562e-02 1.312632e-02
7.300000e-02 2.887789e-02 1.357266e-02
7.400000e-02 3.007059e-02 1.399667e-02
7.500000e-02 3.123266e-02 1.439852e-02
7.600000e-02 3.236309e-02 1.477834e-02
7.700000e-02 3.346090e-02 1.513630e-02
7.800000e-02 3.452518e-02 1.547257e-02
7.900000e-02 3.555504e-02 1.578734e-02
8.000000e-02 3.654965e-02 1.608080e-02
8.100000e-02 3.750821e-02 1.635315e-02
8.200000e-02 3.842997e-02 1.660460e-02
8.300000e-02 3.931423e-02 1.683538e-02
8.400000e-02 4.016033e-02 1.704573e-02
8.500000e-02 4.096763e-02 1.723587e-02
8.600000e-02 4.173556e-02 1.740606e-02
8.700000e-02 4.246358e-02 1.755655e-02
8.800000e-02 4.315120e-02 1.768762e-02
8.900000e-02 4.379797e-02 1.779952e-02
9.000000e-02 4.440345e-02 1.789255e-02
9.100000e-02 4.496730e-02 1.796698e-02
9.200000e-02 4.548916e-02 1.802311e-02
9.300000e-02 4.596874e-02 1.806123e-02
9.400000e-02 4.640580e-02 1.808166e-02
9.500000e-02 4.680012e-02 1.808471e-02
9.600000e-02 4.715152e-02 1.807069e-02
9.700000e-02 4.745986e-02 1.803993e-02
9.800000e-02 4.772505e-02 1.799275e-02
9.900000e-02 4.794702e-02 1.792950e-02
1.000000e-01 4.812575e-02 1.785051e-02
1.010000e-01 4.826125e-02 1.775612e-02
1.020000e-01 4.835358e-02 1.764669e-02
1.030000e-01 4.840281e-02 1.752258e-02
1.040000e-01 4.840907e-02 1.738413e-02
1.050000e-01 4.837251e-02 1.723172e-02
1.060000e-01 4.829333e-02 1.706572e-02
1.070000e-01 4.817175e-02 1.688649e-02
1.080000e-01 4.800802e-02 1.669442e-02
1.090000e-01 4.780245e-02 1.648988e-02
1.100000e-01 4.755535e-02 1.627326e-02
1.110000e-01 4.726708e-02 1.604495e-02
1.120000e-01 4.693803e-02 1.580535e-02
1.130000e-01 4.656862e-02 1.555484e-02
1.140000e-01 4.615931e-02 1.529382e-02
1.150000e-01 4.571056e-02 1.502271e-02
1.160000e-01 4.522289e-02 1.474190e-02
1.170000e-01 4.469685e-02 1.445181e-02
1.180000e-01 4.413298e-02 1.415285e-02
1.190000e-01 4.353191e-02 1.384543e-02
1.200000e-01 4.289423e-02 1.352998e-02
1.210000e-01 4.222060e-02 1.320691e-02
1.220000e-01 4.151170e-02 1.287665e-02
1.230000e-01 4.076822e-02 1.253962e-02
1.240000e-01 3.999090e-02 1.219626e-02
1.250000e-01 3.918046e-02 1.184700e-02
1.260000e-01 3.833770e-02 1.149227e-02
1.270000e-01 3.746339e-02 1.113252e-02
1.280000e-01 3.655836e-02 1.076817e-02
1.290000e-01 3.562343e-02 1.039968e-02
1.300000e-01 3.465948e-02 1.002749e-02
1.310000e-01 3.366737e-02 9.652037e-03
1.320000e-01 3.264800e-02 9.273780e-03
1.330000e-01 3.160229e-02 8.893169e-03
1.340000e-01 3.053116e-02 8.510655e-03
1.350000e-01 2.943556e-02 8.126695e-03
1.360000e-01 2.831647e-02 7.741744e-03
1.370000e-01 2.717485e-02 7.356264e-03
1.380000e-01 2.601170e-02 6.970713e-03
1.390000e-01 2.482803e-02 6.585557e-03
1.400000e-01 2.362487e-02 6.201258e-03
1.410000e-01 2.240324e-02 5.818285e-03
1.420000e-01 2.116419e-02 5.437104e-03
1.430000e-01 1.990877e-02 5.058186e-03
1.440000e-01 1.863806e-02 4.682002e-03
1.450000e-01 1.735313e-02 4.309025e-03
1.460000e-01 1.605506e-02 3.939731e-03
1.470000e-01 1.474494e-02 3.574595e-03
1.480000e-01 1.342387e-02 3.214095e-03
1.490000e-01 1.209296e-02 2.858710e-03
1.500000e-01 1.075331e-02 2.508921e-03
1.510000e-01 9.406045e-03 2.165210e-03
1.520000e-01 8.052272e-03 1.828061e-03
1.530000e-01 6.693116e-03 1.497958e-03
1.540000e-01 5.329699e-03 1.175387e-03
1.550000e-01 3.963147e-03 8.608358e-04
1.560000e-01 2.594583e-03 5.547929e-04
1.570000e-01 1.225132e-03 2.577481e-04
1.580000e-01 1.440834e-04 2.980764e-05
1.590000e-01 1.511940e-03 3.075264e-04
1.600000e-01 2.877321e-03 5.754814e-04
1.610000e-01 4.239109e-03 8.338213e-04
1.620000e-01 5.596193e-03 1.082694e-03
1.630000e-01 6.947466e-03 1.322246e-03
1.640000e-01 8.291829e-03 1.552623e-03
1.650000e-01 9.628185e-03 1.773969e-03
1.660000e-01 1.095545e-02 1.986428e-03
1.670000e-01 1.227254e-02 2.190143e-03
1.680000e-01 1.357839e-02 2.385254e-03
1.690000e-01 1.487193e-02 2.571903e-03
1.700000e-01 1.615212e-02 2.750228e-03
1.710000e-01 1.741792e-02 2.920370e-03
1.720000e-01 1.866829e-02 3.082465e-03
1.730000e-01 1.990222e-02 3.236650e-03
1.740000e-01 2.111871e-02 3.383061e-03
1.750000e-01 2.231677e-02 3.521834e-03
1.760000e-01 2.349542e-02 3.653102e-03
1.770000e-01 2.465370e-02 3.777000e-03
1.780000e-01 2.579067e-02 3.893660e-03
1.790000e-01 2.690540e-02 4.003213e-03
1.800000e-01 2.799698e-02 4.105792e-03
1.810000e-01 2.906452e-02 4.201525e-03
1.820000e-01 3.010714e-02 4.290544e-03
1.830000e-01 3.112398e-02 4.372976e-03
1.840000e-01 3.211422e-02 4.448950e-03
1.850000e-01 3.307703e-02 4.518593e-03
1.860000e-01 3.401162e-02 4.582032e-03
1.870000e-01 3.491721e-02 4.639393e-03
1.880000e-01 3.579305e-02 4.690802e-03
1.890000e-01 3.663841e-02 4.736383e-03
1.900000e-01 3.745258e-02 4.776260e-03
1.910000e-01 3.823488e-02 4.810557e-03
1.920000e-01 3.898466e-02 4.839397e-03
1.930000e-01 3.970126e-02 4.862901e-03
1.940000e-01 4.038409e-02 4.881192e-03
1.950000e-01 4.103255e-02 4.894390e-03
1.960000e-01 4.164609e-02 4.902616e-03
1.970000e-01 4.222416e-02 4.905990e-03
1.980000e-01 4.276628e-02 4.904630e-03
1.990000e-01 4.327194e-02 4.898657e-03
2.000000e-01 4.374071e-02 4.888187e-03
2.010000e-01 4.417214e-02 4.873340e-03
2.020000e-01 4.456586e-02 4.854231e-03
2.030000e-01 4.492147e-02 4.830977e-03
2.040000e-01 4.523866e-02 4.803696e-03
2.050000e-01 4.551709e-02 4.772501e-03
2.060000e-01 4.575649e-02 4.737509e-03
2.070000e-01 4.595661e-02 4.698835e-03
2.080000e-01 4.611721e-02 4.656591e-03
2.090000e-01 4.623812e-02 4.610893e-03
2.100000e-01 4.631915e-02 4.561853e-03
2.110000e-01 4.636017e-02 4.509585e-03
2.120000e-01 4.636109e-02 4.454199e-03
2.130000e-01 4.632182e-02 4.395810e-03
2.140000e-01 4.624233e-02 4.334528e-03
2.150000e-01 4.612260e-02 4.270463e-03
2.160000e-01 4.596265e-02 4.203728e-03
2.170000e-01 4.576252e-02 4.134432e-03
2.180000e-01 4.552230e-02 4.062685e-03
2.190000e-01 4.524209e-02 3.988597e-03
2.200000e-01 4.492205e-02 3.912276e-03
2.210000e-01 4.456233e-02 3.833831e-03
2.220000e-01 4.416314e-02 3.753371e-03
2.230000e-01 4.372472e-02 3.671004e-03
2.240000e-01 4.324732e-02 3.586838e-03
2.250000e-01 4.273125e-02 3.500978e-03
2.260000e-01 4.217682e-02 3.413533e-03
2.270000e-01 4.158439e-02 3.324609e-03
2.280000e-01 4.095434e-02 3.234312e-03
2.290000e-01 4.028710e-02 3.142748e-03
2.300000e-01 3.958310e-02 3.050023e-03
2.310000e-01 3.884281e-02 2.956241e-03
2.320000e-01 3.806674e-02 2.861508e-03
2.330000e-01 3.725542e-02 2.765928e-03
2.340000e-01 3.640942e-02 2.669605e-03
2.350000e-01 3.552931e-02 2.572643e-03
2.360000e-01 3.461571e-02 2.475147e-03
2.370000e-01 3.366927e-02 2.377218e-03
2.380000e-01 3.269066e-02 2.278961e-03
2.390000e-01 3.168058e-02 2.180478e-03
2.400000e-01 3.063975e-02 2.081871e-03
2.410000e-01 2.956893e-02 1.983243e-03
2.420000e-01 2.846888e-02 1.884695e-03
2.430000e-01 2.734041e-02 1.786330e-03
2.440000e-01 2.618434e-02 1.688247e-03
2.450000e-01 2.500153e-02 1.590549e-03
2.460000e-01 2.379285e-02 1.493337e-03
2.470000e-01 2.255920e-02 1.396710e-03
2.480000e-01 2.130149e-02 1.300770e-03
2.490000e-01 2.002067e-02 1.205615e-03
2.500000e-01 1.871770e-02 1.111347e-03
2.510000e-01 1.739356e-02 1.018064e-03
2.520000e-01 1.604926e-02 9.258652e-04
2.530000e-01 1.468582e-02 8.348508e-04
2.540000e-01 1.330428e-02 7.451190e-04
2.550000e-01 1.190571e-02 6.567684e-04
2.560000e-01 1.049118e-02 5.698975e-04
2.570000e-01 9.061796e-03 4.846043e-04
2.580000e-01 7.618657e-03 4.009867e-04
2.590000e-01 6.162895e-03 3.191425e-04
2.600000e-01 4.695651e-03 2.391691e-04
2.610000e-01 3.218082e-03 1.611637e-04
2.620000e-01 1.731357e-03 8.522351e-05
2.630000e-01 2.366561e-04 1.144522e-05
2.640000e-01 1.264827e-03 6.008623e-05
2.650000e-01 2.771888e-03 1.293621e-04
2.660000e-01 4.283313e-03 1.964039e-04
2.670000e-01 5.797879e-03 2.612337e-04
2.680000e-01 7.314355e-03 3.238735e-04
2.690000e-01 8.831501e-03 3.843456e-04
2.700000e-01 1.034807e-02 4.426725e-04
2.710000e-01 1.186281e-02 4.988769e-04
2.720000e-01 1.337447e-02 5.529816e-04
2.730000e-01 1.488179e-02 6.050097e-04
2.740000e-01 1.638349e-02 6.549845e-04
2.750000e-01 1.787832e-02 7.029292e-04
2.760000e-01 1.936501e-02 7.488675e-04
2.770000e-01 2.084229e-02 7.928232e-04
2.780000e-01 2.230889e-02 8.348201e-04
2.790000e-01 2.376354e-02 8.748824e-04
2.800000e-01 2.520499e-02 9.130344e-04
2.810000e-01 2.663197e-02 9.493004e-04
2.820000e-01 2.804322e-02 9.837051e-04
2.830000e-01 2.943749e-02 1.016273e-03
2.840000e-01 3.081353e-02 1.047030e-03
2.850000e-01 3.217012e-02 1.076000e-03
2.860000e-01 3.350601e-02 1.103208e-03
2.870000e-01 3.481998e-02 1.128681e-03
2.880000e-01 3.611083e-02 1.152443e-03
2.890000e-01 3.737734e-02 1.174521e-03
2.900000e-01 3.861834e-02 1.194939e-03
2.910000e-01 3.983263e-02 1.213725e-03
2.920000e-01 4.101907e-02 1.230904e-03
2.930000e-01 4.217649e-02 1.246502e-03
2.940000e-01 4.330377e-02 1.260547e-03
2.950000e-01 4.439979e-02 1.273064e-03
2.960000e-01 4.546344e-02 1.284080e-03
2.970000e-01 4.649364e-02 1.293622e-03
2.980000e-01 4.748934e-02 1.301717e-03
2.990000e-01 4.844948e-02 1.308393e-03
3.000000e-01 4.937304e-02 1.313675e-03
3.010000e-01 5.025903e-02 1.317593e-03
3.020000e-01 5.110646e-02 1.320172e-03
3.030000e-01 5.191438e-02 1.321442e-03
3.040000e-01 5.268186e-02 1.321429e-03
3.050000e-01 5.340800e-02 1.320162e-03
3.060000e-01 5.409190e-02 1.317668e-03
3.070000e-01 5.473273e-02 1.313976e-03
3.080000e-01 5.532966e-02 1.309113e-03
3.090000e-01 5.588189e-02 1.303109e-03
3.100000e-01 5.638865e-02 1.295992e-03
3.110000e-01 5.684921e-02 1.287790e-03
3.120000e-01 5.726286e-02 1.278532e-03
3.130000e-01 5.762892e-02 1.268247e-03
3.140000e-01 5.794677e-02 1.256964e-03
3.150000e-01 5.821577e-02 1.244711e-03
3.160000e-01 5.843537e-02 1.231519e-03
3.170000e-01 5.860502e-02 1.217416e-03
3.180000e-01 5.872421e-02 1.202432e-03
3.190000e-01 5.879248e-02 1.186597e-03
3.200000e-01 5.880938e-02 1.169939e-03
3.210000e-01 5.877453e-02 1.152488e-03
3.220000e-01 5.868756e-02 1.134276e-03
3.230000e-01 5.854816e-02 1.115330e-03
3.240000e-01 5.835604e-02 1.095682e-03
3.250000e-01 5.811095e-02 1.075361e-03
3.260000e-01 5.781270e-02 1.054398e-03
3.270000e-01 5.746112e-02 1.032823e-03
3.280000e-01 5.705609e-02 1.010667e-03
3.290000e-01 5.659753e-02 9.879593e-04
3.300000e-01 5.608539e-02 9.647314e-04
3.310000e-01 5.551968e-02 9.410138e-04
3.320000e-01 5.490045e-02 9.168374e-04
3.330000e-01 5.422777e-02 8.922329e-04
3.340000e-01 5.350179e-02 8.672315e-04
3.350000e-01 5.272266e-02 8.418641e-04
3.360000e-01 5.189061e-02 8.161621e-04
3.370000e-01 5.100590e-02 7.901566e-04
3.380000e-01 5.006883e-02 7.638789e-04
3.390000e-01 4.907975e-02 7.373606e-04
3.400000e-01 4.803904e-02 7.106332e-04
3.410000e-01 4.694715e-02 6.837283e-04
3.420000e-01 4.580455e-02 6.566775e-04
3.430000e-01 4.461178e-02 6.295128e-04
3.440000e-01 4.336939e-02 6.022659e-04
3.450000e-01 4.207800e-02 5.749688e-04
3.460000e-01 4.073826e-02 5.476535e-04
3.470000e-01 3.935089e-02 5.203522e-04
3.480000e-01 3.791662e-02 4.930971e-04
3.490000e-01 3.643624e-02 4.659204e-04
3.500000e-01 3.491060e-02 4.388546e-04
3.510000e-01 3.334055e-02 4.119320e-04
3.520000e-01 3.172703e-02 3.851852e-04
3.530000e-01 3.007100e-02 3.586467e-04
3.540000e-01 2.837346e-02 3.323493e-04
3.550000e-01 2.663547e-02 3.063257e-04
3.560000e-01 2.485811e-02 2.806087e-04
3.570000e-01 2.304251e-02 2.552313e-04
3.580000e-01 2.118986e-02 2.302263e-04
3.590000e-01 1.930136e-02 2.056269e-04
3.600000e-01 1.737828e-02 1.814661e-04
3.610000e-01 1.542189e-02 1.577772e-04
3.620000e-01 1.343355e-02 1.345935e-04
3.630000e-01 1.141462e-02 1.119482e-04
3.640000e-01 9.366508e-03 8.987471e-05
3.650000e-01 7.290669e-03 6.840663e-05
3.660000e-01 5.188586e-03 4.757743e-05
3.670000e-01 3.061778e-03 2.742075e-05
3.680000e-01 9.118017e-04 7.970261e-06
3.690000e-01 1.259753e-03 1.074179e-05
3.700000e-01 3.451263e-03 2.870768e-05
3.710000e-01 5.661071e-03 4.593960e-05
3.720000e-01 7.887490e-03 6.245027e-05
3.730000e-01 1.012880e-02 7.825236e-05
3.740000e-01 1.238325e-02 9.335843e-05
3.750000e-01 1.464907e-02 1.077810e-04
3.760000e-01 1.692445e-02 1.215326e-04
3.770000e-01 1.920756e-02 1.346255e-04
3.780000e-01 2.149654e-02 1.470721e-04
3.790000e-01 2.378951e-02 1.588847e-04
3.800000e-01 2.608456e-02 1.700755e-04
3.810000e-01 2.837976e-02 1.806566e-04
3.820000e-01 3.067316e-02 1.906401e-04
3.830000e-01 3.296280e-02 2.000380e-04
3.840000e-01 3.524669e-02 2.088623e-04
3.850000e-01 3.752282e-02 2.171248e-04
3.860000e-01 3.978917e-02 2.248376e-04
3.870000e-01 4.204371e-02 2.320122e-04
3.880000e-01 4.428438e-02 2.386605e-04
3.890000e-01 4.650913e-02 2.447940e-04
3.900000e-01 4.871589e-02 2.504245e-04
3.910000e-01 5.090257e-02 2.555635e-04
3.920000e-01 5.306709e-02 2.602224e-04
3.930000e-01 5.520735e-02 2.644128e-04
3.940000e-01 5.732126e-02 2.681459e-04
3.950000e-01 5.940671e-02 2.714331e-04
3.960000e-01 6.146160e-02 2.742857e-04
3.970000e-01 6.348383e-02 2.767150e-04
3.980000e-01 6.547131e-02 2.787319e-04
3.990000e-01 6.742192e-02 2.803478e-04
4.000000e-01 6.933359e-02 2.815736e-04
4.010000e-01 7.120422e-02 2.824203e-04
4.020000e-01 7.303173e-02 2.828988e-04
4.030000e-01 7.481407e-02 2.830201e-04
4.040000e-01 7.654917e-02 2.827950e-04
4.050000e-01 7.823500e-02 2.822343e-04
4.060000e-01 7.986952e-02 2.813488e-04
4.070000e-01 8.145073e-02 2.801490e-04
4.080000e-01 8.297663e-02 2.786457e-04
4.090000e-01 8.444526e-02 2.768494e-04
4.100000e-01 8.585467e-02 2.747706e-04
4.110000e-01 8.720293e-02 2.724199e-04
4.120000e-01 8.848814e-02 2.698076e-04
4.130000e-01 8.970844e-02 2.669442e-04
4.140000e-01 9.086198e-02 2.638400e-04
4.150000e-01 9.194694e-02 2.605052e-04
4.160000e-01 9.296156e-02 2.569502e-04
4.170000e-01 9.390408e-02 2.531850e-04
4.180000e-01 9.477281e-02 2.492198e-04
4.190000e-01 9.556607e-02 2.450647e-04
4.200000e-01 9.628223e-02 2.407297e-04
4.210000e-01 9.691972e-02 2.362249e-04
4.220000e-01 9.747698e-02 2.315602e-04
4.230000e-01 9.795251e-02 2.267454e-04
4.240000e-01 9.834487e-02 2.217904e-04
4.250000e-01 9.865266e-02 2.167051e-04
4.260000e-01 9.887452e-02 2.114991e-04
4.270000e-01 9.900916e-02 2.061823e-04
4.280000e-01 9.905533e-02 2.007642e-04
4.290000e-01 9.901185e-02 1.952545e-04
4.300000e-01 9.887758e-02 1.896627e-04
4.310000e-01 9.865144e-02 1.839984e-04
4.320000e-01 9.833244e-02 1.782711e-04
4.330000e-01 9.791961e-02 1.724901e-04
4.340000e-01 9.741208e-02 1.666650e-04
4.350000e-01 9.680903e-02 1.608050e-04
4.360000e-01 9.610970e-02 1.549194e-04
4.370000e-01 9.531342e-02 1.490176e-04
4.380000e-01 9.441956e-02 1.431086e-04
4.390000e-01 9.342759e-02 1.372018e-04
4.400000e-01 9.233704e-02 1.313062e-04
4.410000e-01 9.114751e-02 1.254309e-04
4.420000e-01 8.985870e-02 1.195849e-04
4.430000e-01 8.847035e-02 1.137773e-04
4.440000e-01 8.698230e-02 1.080169e-04
4.450000e-01 8.539448e-02 1.023128e-04
4.460000e-01 8.370689e-02 9.667382e-05
4.470000e-01 8.191960e-02 9.110872e-05
4.480000e-01 8.003278e-02 8.562632e-05
4.490000e-01 7.804668e-02 8.023536e-05
4.500000e-01 7.596163e-02 7.494455e-05
4.510000e-01 7.377806e-02 6.976255e-05
4.520000e-01 7.149648e-02 6.469798e-05
4.530000e-01 6.911748e-02 5.975941e-05
4.540000e-01 6.664175e-02 5.495537e-05
4.550000e-01 6.407007e-02 5.029437e-05
4.560000e-01 6.140331e-02 4.578486e-05
4.570000e-01 5.864242e-02 4.143524e-05
4.580000e-01 5.578847e-02 3.725390e-05
4.590000e-01 5.284259e-02 3.324915e-05
4.600000e-01 4.980603e-02 2.942930e-05
4.610000e-01 4.668011e-02 2.580258e-05
4.620000e-01 4.346627e-02 2.237722e-05
4.630000e-01 4.016602e-02 1.916137e-05
4.640000e-01 3.678099e-02 1.616317e-05
4.650000e-01 3.331289e-02 1.339070e-05
4.660000e-01 2.976351e-02 1.085202e-05
4.670000e-01 2.613478e-02 8.555124e-06
4.680000e-01 2.242868e-02 6.507993e-06
4.690000e-01 1.864731e-02 4.718551e-06
4.700000e-01 1.479285e-02 3.194689e-06
4.710000e-01 1.086760e-02 1.944255e-06
4.720000e-01 6.873926e-03 9.750619e-07
4.730000e-01 2.814309e-03 2.948792e-07
4.740000e-01 1.308686e-03 8.864017e-08
4.750000e-01 5.492397e-03 1.732978e-07
4.760000e-01 9.734070e-03 3.426848e-08
4.770000e-01 1.403086e-02 5.265756e-07
4.780000e-01 1.837983e-02 1.296102e-06
4.790000e-01 2.277794e-02 2.335286e-06
4.800000e-01 2.722209e-02 3.636529e-06
4.810000e-01 3.170905e-02 5.192191e-06
4.820000e-01 3.623555e-02 6.994595e-06
4.830000e-01 4.079819e-02 9.036026e-06
4.840000e-01 4.539350e-02 1.130873e-05
4.850000e-01 5.001794e-02 1.380491e-05
4.860000e-01 5.466787e-02 1.651674e-05
4.870000e-01 5.933957e-02 1.943634e-05
4.880000e-01 6.402926e-02 2.255581e-05
4.890000e-01 6.873304e-02 2.586719e-05
4.900000e-01 7.344698e-02 2.936252e-05
4.910000e-01 7.816706e-02 3.303375e-05
4.920000e-01 8.288916e-02 3.687282e-05
4.930000e-01 8.760913e-02 4.087164e-05
4.940000e-01 9.232274e-02 4.502207e-05
4.950000e-01 9.702567e-02 4.931593e-05
4.960000e-01 1.017136e-01 5.374499e-05
4.970000e-01 1.063820e-01 5.830102e-05
4.980000e-01 1.110265e-01 6.297571e-05
4.990000e-01 1.156424e-01 6.776074e-05
5.000000e-01 1.202253e-01 7.264773e-05
5.010000e-01 1.247705e-01 7.762828e-05
5.020000e-01 1.292732e-01 8.269394e-05
5.030000e-01 1.337287e-01 8.783624e-05
5.040000e-01 1.381323e-01 9.304664e-05
5.050000e-01 1.424790e-01 9.831659e-05
5.060000e-01 1.467641e-01 1.036375e-04
5.070000e-01 1.509827e-01 1.090007e-04
5.080000e-01 1.551298e-01 1.143975e-04
5.090000e-01 1.592005e-01 1.198193e-04
5.100000e-01 1.631898e-01 1.252573e-04
5.110000e-01 1.670927e-01 1.307026e-04
5.120000e-01 1.709043e-01 1.361465e-04
5.130000e-01 1.746194e-01 1.415800e-04
5.140000e-01 1.782331e-01 1.469944e-04
5.150000e-01 1.817403e-01 1.523806e-04
5.160000e-01 1.851361e-01 1.577296e-04
5.170000e-01 1.884153e-01 1.630325e-04
5.180000e-01 1.915730e-01 1.682801e-04
5.190000e-01 1.946041e-01 1.734635e-04
5.200000e-01 1.975037e-01 1.785733e-04
5.210000e-01 2.002668e-01 1.836006e-04
5.220000e-01 2.028885e-01 1.885360e-04
5.230000e-01 2.053637e-01 1.933703e-04
5.240000e-01 2.076878e-01 1.980942e-04
5.250000e-01 2.098558e-01 2.026983e-04
5.260000e-01 2.118629e-01 2.071734e-04
5.270000e-01 2.137044e-01 2.115100e-04
5.280000e-01 2.153755e-01 2.156986e-04
5.290000e-01 2.168717e-01 2.197298e-04
5.300000e-01 2.181884e-01 2.235940e-04
5.310000e-01 2.193211e-01 2.272817e-04
5.320000e-01 2.202653e-01 2.307833e-04
5.330000e-01 2.210167e-01 2.340891e-04
5.340000e-01 2.215710e-01 2.371894e-04
5.350000e-01 2.219241e-01 2.400746e-04
5.360000e-01 2.220718e-01 2.427348e-04
5.370000e-01 2.220101e-01 2.451602e-04
5.380000e-01 2.217352e-01 2.473410e-04
5.390000e-01 2.212434e-01 2.492674e-04
5.400000e-01 2.205308e-01 2.509293e-04
5.410000e-01 2.195940e-01 2.523169e-04
5.420000e-01 2.184297e-01 2.534201e-04
5.430000e-01 2.170343e-01 2.542288e-04
5.440000e-01 2.154050e-01 2.547331e-04
5.450000e-01 2.135385e-01 2.549227e-04
5.460000e-01 2.114321e-01 2.547875e-04
5.470000e-01 2.090830e-01 2.543174e-04
5.480000e-01 2.064887e-01 2.535019e-04
5.490000e-01 2.036468e-01 2.523309e-04
5.500000e-01 2.005551e-01 2.507940e-04
5.510000e-01 1.972115e-01 2.488809e-04
5.520000e-01 1.936141e-01 2.465811e-04
5.530000e-01 1.897612e-01 2.438841e-04
5.540000e-01 1.856514e-01 2.407796e-04
5.550000e-01 1.812833e-01 2.372568e-04
5.560000e-01 1.766559e-01 2.333053e-04
5.570000e-01 1.717681e-01 2.289144e-04
5.580000e-01 1.666194e-01 2.240735e-04
5.590000e-01 1.612092e-01 2.187718e-04
5.600000e-01 1.555373e-01 2.129986e-04
5.610000e-01 1.496036e-01 2.067431e-04
5.620000e-01 1.434083e-01 1.999944e-04
5.630000e-01 1.369519e-01 1.927417e-04
5.640000e-01 1.302349e-01 1.849740e-04
5.650000e-01 1.232584e-01 1.766804e-04
5.660000e-01 1.160234e-01 1.678499e-04
5.670000e-01 1.085314e-01 1.584713e-04
5.680000e-01 1.007840e-01 1.485336e-04
5.690000e-01 9.278308e-02 1.380256e-04
5.700000e-01 8.453090e-02 1.269362e-04
5.710000e-01 7.602989e-02 1.152541e-04
5.720000e-01 6.728275e-02 1.029681e-04
5.730000e-01 5.829250e-02 9.006668e-05
5.740000e-01 4.906240e-02 7.653861e-05
5.750000e-01 3.959601e-02 6.237245e-05
5.760000e-01 2.989718e-02 4.755672e-05
5.770000e-01 1.997003e-02 3.207991e-05
5.780000e-01 9.819008e-03 1.593046e-05
5.790000e-01 5.511836e-04 9.032297e-07
5.800000e-01 1.113552e-02 1.842461e-05
5.810000e-01 2.192869e-02 3.660918e-05
5.820000e-01 3.292508e-02 5.542647e-05
5.830000e-01 4.411875e-02 7.484608e-05
5.840000e-01 5.550348e-02 9.483767e-05
5.850000e-01 6.707273e-02 1.153709e-04
5.860000e-01 7.881966e-02 1.364156e-04
5.870000e-01 9.073711e-02 1.579415e-04
5.880000e-01 1.028176e-01 1.799184e-04
5.890000e-01 1.150534e-01 2.023162e-04
5.900000e-01 1.274363e-01 2.251049e-04
5.910000e-01 1.399580e-01 2.482545e-04
5.920000e-01 1.526098e-01 2.717350e-04
5.930000e-01 1.653825e-01 2.955165e-04
5.940000e-01 1.782670e-01 3.195691e-04
5.950000e-01 1.912534e-01 3.438630e-04
5.960000e-01 2.043319e-01 3.683685e-04
5.970000e-01 2.174921e-01 3.930559e-04
5.980000e-01 2.307234e-01 4.178955e-04
5.990000e-01 2.440151e-01 4.428577e-04
6.000000e-01 2.573557e-01 4.679129e-04
6.010000e-01 2.707340e-01 4.930317e-04
6.020000e-01 2.841379e-01 5.181846e-04
6.030000e-01 2.975555e-01 5.433423e-04
6.040000e-01 3.109743e-01 5.684754e-04
6.050000e-01 3.243817e-01 5.935546e-04
6.060000e-01 3.377646e-01 6.185507e-04
6.070000e-01 3.511099e-01 6.434345e-04
6.080000e-01 3.644039e-01 6.681769e-04
6.090000e-01 3.776329e-01 6.927489e-04
6.100000e-01 3.907827e-01 7.171214e-04
6.110000e-01 4.038391e-01 7.412656e-04
6.120000e-01 4.167874e-01 7.651524e-04
6.130000e-01 4.296128e-01 7.887532e-04
6.140000e-01 4.423002e-01 8.120390e-04
6.150000e-01 4.548343e-01 8.349812e-04
6.160000e-01 4.671994e-01 8.575512e-04
6.170000e-01 4.793800e-01 8.797203e-04
6.180000e-01 4.913598e-01 9.014601e-04
6.190000e-01 5.031228e-01 9.227419e-04
6.200000e-01 5.146525e-01 9.435375e-04
6.210000e-01 5.259324e-01 9.638183e-04
6.220000e-01 5.369457e-01 9.835563e-04
6.230000e-01 5.476755e-01 1.002723e-03
6.240000e-01 5.581046e-01 1.021290e-03
6.250000e-01 5.682160e-01 1.039230e-03
6.260000e-01 5.779921e-01 1.056515e-03
6.270000e-01 5.874156e-01 1.073116e-03
6.280000e-01 5.964688e-01 1.089005e-03
6.290000e-01 6.051340e-01 1.104155e-03
6.300000e-01 6.133934e-01 1.118539e-03
6.310000e-01 6.212293e-01 1.132127e-03
6.320000e-01 6.286237e-01 1.144893e-03
6.330000e-01 6.355586e-01 1.156809e-03
6.340000e-01 6.420160e-01 1.167847e-03
6.350000e-01 6.479781e-01 1.177981e-03
6.360000e-01 6.534266e-01 1.187182e-03
6.370000e-01 6.583438e-01 1.195423e-03
6.380000e-01 6.627116e-01 1.202677e-03
6.390000e-01 6.665121e-01 1.208917e-03
6.400000e-01 6.697275e-01 1.214116e-03
6.410000e-01 6.723401e-01 1.218247e-03
6.420000e-01 6.743322e-01 1.221282e-03
6.430000e-01 6.756862e-01 1.223195e-03
6.440000e-01 6.763849e-01 1.223959e-03
6.450000e-01 6.764109e-01 1.223548e-03
6.460000e-01 6.757473e-01 1.221934e-03
6.470000e-01 6.743770e-01 1.219091e-03
6.480000e-01 6.722836e-01 1.214992e-03
6.490000e-01 6.694506e-01 1.209612e-03
6.500000e-01 6.658619e-01 1.202923e-03
6.510000e-01 6.615016e-01 1.194900e-03
6.520000e-01 6.563542e-01 1.185515e-03
6.530000e-01 6.504043e-01 1.174744e-03
6.540000e-01 6.436372e-01 1.162560e-03
6.550000e-01 6.360382e-01 1.148937e-03
6.560000e-01 6.275933e-01 1.133849e-03
6.570000e-01 6.182888e-01 1.117270e-03
6.580000e-01 6.081113e-01 1.099175e-03
6.590000e-01 5.970481e-01 1.079537e-03
6.600000e-01 5.850869e-01 1.058333e-03
6.610000e-01 5.722157e-01 1.035534e-03
6.620000e-01 5.584234e-01 1.011118e-03
6.630000e-01 5.436991e-01 9.850576e-04
6.640000e-01 5.280329e-01 9.573282e-04
6.650000e-01 5.114152e-01 9.279047e-04
6.660000e-01 4.938370e-01 8.967620e-04
6.670000e-01 4.752903e-01 8.638752e-04
6.680000e-01 4.557673e-01 8.292194e-04
6.690000e-01 4.352615e-01 7.927698e-04
6.700000e-01 4.137666e-01 7.545018e-04
6.710000e-01 3.912774e-01 7.143908e-04
6.720000e-01 3.677894e-01 6.724123e-04
6.730000e-01 3.432990e-01 6.285419e-04
6.740000e-01 3.178032e-01 5.827554e-04
6.750000e-01 2.913002e-01 5.350284e-04
6.760000e-01 2.637890e-01 4.853370e-04
6.770000e-01 2.352694e-01 4.336572e-04
6.780000e-01 2.057422e-01 3.799650e-04
6.790000e-01 1.752094e-01 3.242366e-04
6.800000e-01 1.436738e-01 2.664483e-04
6.810000e-01 1.111392e-01 2.065767e-04
6.820000e-01 7.761075e-02 1.445980e-04
6.830000e-01 4.309437e-02 8.048911e-05
6.840000e-01 7.597277e-03 1.422660e-05
6.850000e-01 2.887219e-02 5.420297e-05
6.860000e-01 6.630452e-02 1.247388e-04
6.870000e-01 1.046890e-01 1.972858e-04
6.880000e-01 1.440137e-01 2.717485e-04
6.890000e-01 1.842655e-01 3.480315e-04
6.900000e-01 2.254298e-01 4.260391e-04
6.910000e-01 2.674909e-01 5.056755e-04
6.920000e-01 3.104317e-01 5.868449e-04
6.930000e-01 3.542338e-01 6.694513e-04
6.940000e-01 3.988773e-01 7.533985e-04
6.950000e-01 4.443409e-01 8.385905e-04
6.960000e-01 4.906021e-01 9.249307e-04
6.970000e-01 5.376368e-01 1.012323e-03
6.980000e-01 5.854193e-01 1.100670e-03
6.990000e-01 6.339226e-01 1.189876e-03
7.000000e-01 6.831182e-01 1.279844e-03
7.010000e-01 7.329760e-01 1.370476e-03
7.020000e-01 7.834643e-01 1.461676e-03
7.030000e-01 8.345498e-01 1.553347e-03
7.040000e-01 8.861980e-01 1.645390e-03
7.050000e-01 9.383722e-01 1.737709e-03
7.060000e-01 9.910345e-01 1.830206e-03
7.070000e-01 1.044145e+00 1.922783e-03
7.080000e-01 1.097663e+00 2.015342e-03
7.090000e-01 1.151545e+00 2.107786e-03
7.100000e-01 1.205747e+00 2.200015e-03
7.110000e-01 1.260222e+00 2.291932e-03
7.120000e-01 1.314922e+00 2.383438e-03
7.130000e-01 1.369798e+00 2.474435e-03
7.140000e-01 1.424798e+00 2.564823e-03
7.150000e-01 1.479869e+00 2.654505e-03
7.160000e-01 1.534956e+00 2.743380e-03
7.170000e-01 1.590002e+00 2.831349e-03
7.180000e-01 1.644950e+00 2.918314e-03
7.190000e-01 1.699738e+00 3.004174e-03
7.200000e-01 1.754306e+00 3.088830e-03
7.210000e-01 1.808590e+00 3.172181e-03
7.220000e-01 1.862525e+00 3.254129e-03
7.230000e-01 1.916044e+00 3.334573e-03
7.240000e-01 1.969077e+00 3.413411e-03
7.250000e-01 2.021555e+00 3.490545e-03
7.260000e-01 2.073406e+00 3.565873e-03
7.270000e-01 2.124556e+00 3.639294e-03
7.280000e-01 2.174930e+00 3.710707e-03
7.290000e-01 2.224451e+00 3.780010e-03
7.300000e-01 2.273039e+00 3.847104e-03
7.310000e-01 2.320615e+00 3.911885e-03
7.320000e-01 2.367098e+00 3.974252e-03
7.330000e-01 2.412403e+00 4.034103e-03
7.340000e-01 2.456445e+00 4.091336e-03
7.350000e-01 2.499139e+00 4.145849e-03
7.360000e-01 2.540397e+00 4.197538e-03
7.370000e-01 2.580129e+00 4.246302e-03
7.380000e-01 2.618245e+00 4.292037e-03
7.390000e-01 2.654652e+00 4.334640e-03
7.400000e-01 2.689258e+00 4.374007e-03
7.410000e-01 2.721968e+00 4.410036e-03
7.420000e-01 2.752685e+00 4.442622e-03
7.430000e-01 2.781314e+00 4.471661e-03
7.440000e-01 2.807755e+00 4.497049e-03
7.450000e-01 2.831911e+00 4.518682e-03
7.460000e-01 2.853680e+00 4.536454e-03
7.470000e-01 2.872963e+00 4.550262e-03
7.480000e-01 2.889656e+00 4.559999e-03
7.490000e-01 2.903658e+00 4.565561e-03
7.500000e-01 2.914864e+00 4.566842e-03
7.510000e-01 2.923172e+00 4.563737e-03
7.520000e-01 2.928475e+00 4.556138e-03
7.530000e-01 2.930670e+00 4.543939e-03
7.540000e-01 2.929651e+00 4.527035e-03
7.550000e-01 2.925313e+00 4.505318e-03
7.560000e-01 2.917548e+00 4.478682e-03
7.570000e-01 2.906251e+00 4.447018e-03
7.580000e-01 2.891316e+00 4.410219e-03
7.590000e-01 2.872638e+00 4.368178e-03
7.600000e-01 2.850109e+00 4.320786e-03
7.610000e-01 2.823625e+00 4.267935e-03
7.620000e-01 2.793081e+00 4.209516e-03
7.630000e-01 2.758372e+00 4.145420e-03
7.640000e-01 2.719395e+00 4.075538e-03
7.650000e-01 2.676046e+00 3.999760e-03
7.660000e-01 2.628223e+00 3.917977e-03
7.670000e-01 2.575825e+00 3.830078e-03
7.680000e-01 2.518752e+00 3.735952e-03
7.690000e-01 2.456906e+00 3.635490e-03
7.700000e-01 2.390190e+00 3.528579e-03
7.710000e-01 2.318509e+00 3.415110e-03
7.720000e-01 2.241769e+00 3.294968e-03
7.730000e-01 2.159878e+00 3.168044e-03
7.740000e-01 2.072747e+00 3.034224e-03
7.750000e-01 1.980290e+00 2.893395e-03
7.760000e-01 1.882420e+00 2.745445e-03
7.770000e-01 1.779057e+00 2.590261e-03
7.780000e-01 1.670121e+00 2.427727e-03
7.790000e-01 1.555536e+00 2.257731e-03
7.800000e-01 1.435229e+00 2.080157e-03
7.810000e-01 1.309131e+00 1.894891e-03
7.820000e-01 1.177176e+00 1.701818e-03
7.830000e-01 1.039301e+00 1.500821e-03
7.840000e-01 8.954493e-01 1.291786e-03
7.850000e-01 7.455663e-01 1.074595e-03
7.860000e-01 5.896029e-01 8.491313e-04
7.870000e-01 4.275143e-01 6.152783e-04
7.880000e-01 2.592609e-01 3.729180e-04
7.890000e-01 8.480802e-02 1.219325e-04
7.900000e-01 9.587361e-02 1.377840e-04
7.910000e-01 2.828076e-01 4.060760e-04
7.920000e-01 4.760118e-01 6.825441e-04
7.930000e-01 6.754979e-01 9.667801e-04
7.940000e-01 8.812712e-01 1.258376e-03
7.950000e-01 1.093331e+00 1.556925e-03
7.960000e-01 1.311668e+00 1.862020e-03
7.970000e-01 1.536267e+00 2.173255e-03
7.980000e-01 1.767107e+00 2.490223e-03
7.990000e-01 2.004157e+00 2.812520e-03
8.000000e-01 2.247378e+00 3.139740e-03
8.010000e-01 2.496724e+00 3.471480e-03
8.020000e-01 2.752140e+00 3.807335e-03
8.030000e-01 3.013563e+00 4.146902e-03
8.040000e-01 3.280919e+00 4.489778e-03
8.050000e-01 3.554128e+00 4.835562e-03
8.060000e-01 3.833096e+00 5.183851e-03
8.070000e-01 4.117722e+00 5.534245e-03
8.080000e-01 4.407895e+00 5.886342e-03
8.090000e-01 4.703491e+00 6.239744e-03
8.100000e-01 5.004378e+00 6.594050e-03
8.110000e-01 5.310412e+00 6.948863e-03
8.120000e-01 5.621436e+00 7.303783e-03
8.130000e-01 5.937283e+00 7.658414e-03
8.140000e-01 6.257773e+00 8.012359e-03
8.150000e-01 6.582715e+00 8.365222e-03
8.160000e-01 6.911903e+00 8.716607e-03
8.170000e-01 7.245121e+00 9.066119e-03
8.180000e-01 7.582136e+00 9.413365e-03
8.190000e-01 7.922706e+00 9.757951e-03
8.200000e-01 8.266571e+00 1.009948e-02
8.210000e-01 8.613458e+00 1.043757e-02
8.220000e-01 8.963082e+00 1.077183e-02
8.230000e-01 9.315139e+00 1.110185e-02
8.240000e-01 9.669313e+00 1.142726e-02
8.250000e-01 1.002527e+01 1.174767e-02
8.260000e-01 1.038267e+01 1.206268e-02
8.270000e-01 1.074113e+01 1.237192e-02
8.280000e-01 1.110029e+01 1.267499e-02
8.290000e-01 1.145974e+01 1.297150e-02
8.300000e-01 1.181907e+01 1.326108e-02
8.310000e-01 1.217785e+01 1.354334e-02
8.320000e-01 1.253564e+01 1.381790e-02
8.330000e-01 1.289195e+01 1.408437e-02
8.340000e-01 1.324632e+01 1.434238e-02
8.350000e-01 1.359823e+01 1.459154e-02
8.360000e-01 1.394717e+01 1.483148e-02
8.370000e-01 1.429260e+01 1.506181e-02
8.380000e-01 1.463396e+01 1.528216e-02
8.390000e-01 1.497066e+01 1.549216e-02
8.400000e-01 1.530212e+01 1.569143e-02
8.410000e-01 1.562772e+01 1.587959e-02
8.420000e-01 1.594682e+01 1.605627e-02
8.430000e-01 1.625876e+01 1.622111e-02
8.440000e-01 1.656288e+01 1.637373e-02
8.450000e-01 1.685846e+01 1.651376e-02
8.460000e-01 1.714480e+01 1.664083e-02
8.470000e-01 1.742115e+01 1.675458e-02
8.480000e-01 1.768677e+01 1.685464e-02
8.490000e-01 1.794086e+01 1.694065e-02
8.500000e-01 1.818264e+01 1.701224e-02
8.510000e-01 1.841127e+01 1.706905e-02
8.520000e-01 1.862593e+01 1.711073e-02
8.530000e-01 1.882575e+01 1.713691e-02
8.540000e-01 1.900984e+01 1.714724e-02
8.550000e-01 1.917730e+01 1.714135e-02
8.560000e-01 1.932721e+01 1.711891e-02
8.570000e-01 1.945863e+01 1.707954e-02
8.580000e-01 1.957058e+01 1.702291e-02
8.590000e-01 1.966209e+01 1.694866e-02
8.600000e-01 1.973215e+01 1.685644e-02
8.610000e-01 1.977972e+01 1.674591e-02
8.620000e-01 1.980378e+01 1.661673e-02
8.630000e-01 1.980324e+01 1.646854e-02
8.640000e-01 1.977704e+01 1.630102e-02
8.650000e-01 1.972406e+01 1.611381e-02
8.660000e-01 1.964318e+01 1.590659e-02
8.670000e-01 1.953327e+01 1.567901e-02
8.680000e-01 1.939317e+01 1.543075e-02
8.690000e-01 1.922171e+01 1.516147e-02
8.700000e-01 1.901769e+01 1.487085e-02
8.710000e-01 1.877991e+01 1.455855e-02
8.720000e-01 1.850715e+01 1.422425e-02
8.730000e-01 1.819817e+01 1.386763e-02
8.740000e-01 1.785173e+01 1.348837e-02
8.750000e-01 1.746656e+01 1.308615e-02
8.760000e-01 1.704138e+01 1.266065e-02
8.770000e-01 1.657492e+01 1.221156e-02
8.780000e-01 1.606587e+01 1.173858e-02
8.790000e-01 1.551293e+01 1.124139e-02
8.800000e-01 1.491479e+01 1.071968e-02
8.810000e-01 1.427012e+01 1.017316e-02
8.820000e-01 1.357761e+01 9.601526e-03
8.830000e-01 1.283591e+01 9.004478e-03
8.840000e-01 1.204370e+01 8.381725e-03
8.850000e-01 1.119965e+01 7.732975e-03
8.860000e-01 1.030241e+01 7.057942e-03
8.870000e-01 9.350653e+00 6.356339e-03
8.880000e-01 8.343051e+00 5.627887e-03
8.890000e-01 7.278278e+00 4.872307e-03
8.900000e-01 6.155016e+00 4.089325e-03
8.910000e-01 4.971956e+00 3.278671e-03
8.920000e-01 3.727799e+00 2.440078e-03
8.930000e-01 2.421261e+00 1.573282e-03
8.940000e-01 1.051073e+00 6.780247e-04
8.950000e-01 3.840172e-01 2.459456e-04
8.960000e-01 1.885240e+00 1.198468e-03
8.970000e-01 3.453805e+00 2.178611e-03
8.980000e-01 5.090894e+00 3.185357e-03
8.990000e-01 6.797660e+00 4.217683e-03
9.000000e-01 8.575228e+00 5.274560e-03
9.010000e-01 1.042468e+01 6.354956e-03
9.020000e-01 1.234708e+01 7.457833e-03
9.030000e-01 1.434343e+01 8.582148e-03
9.040000e-01 1.641468e+01 9.726853e-03
9.050000e-01 1.856177e+01 1.089089e-02
9.060000e-01 2.078556e+01 1.207321e-02
9.070000e-01 2.308684e+01 1.327274e-02
9.080000e-01 2.546638e+01 1.448842e-02
9.090000e-01 2.792486e+01 1.571915e-02
9.100000e-01 3.046288e+01 1.696387e-02
9.110000e-01 3.308100e+01 1.822147e-02
9.120000e-01 3.577968e+01 1.949088e-02
9.130000e-01 3.855930e+01 2.077097e-02
9.140000e-01 4.142015e+01 2.206063e-02
9.150000e-01 4.436243e+01 2.335876e-02
9.160000e-01 4.738625e+01 2.466422e-02
9.170000e-01 5.049159e+01 2.597589e-02
9.180000e-01 5.367835e+01 2.729260e-02
9.190000e-01 5.694630e+01 2.861322e-02
9.200000e-01 6.029507e+01 2.993659e-02
9.210000e-01 6.372418e+01 3.126153e-02
9.220000e-01 6.723302e+01 3.258686e-02
9.230000e-01 7.082082e+01 3.391140e-02
9.240000e-01 7.448666e+01 3.523395e-02
9.250000e-01 7.822948e+01 3.655330e-02
9.260000e-01 8.204802e+01 3.786822e-02
9.270000e-01 8.594089e+01 3.917748e-02
9.280000e-01 8.990647e+01 4.047984e-02
9.290000e-01 9.394299e+01 4.177404e-02
9.300000e-01 9.804846e+01 4.305882e-02
9.310000e-01 1.022207e+02 4.433288e-02
9.320000e-01 1.064572e+02 4.559493e-02
9.330000e-01 1.107555e+02 4.684366e-02
9.340000e-01 1.151125e+02 4.807775e-02
9.350000e-01 1.195252e+02 4.929584e-02
9.360000e-01 1.239902e+02 5.049658e-02
9.370000e-01 1.285038e+02 5.167860e-02
9.380000e-01 1.330621e+02 5.284050e-02
9.390000e-01 1.376609e+02 5.398087e-02
9.400000e-01 1.422955e+02 5.509828e-02
9.410000e-01 1.469611e+02 5.619127e-02
9.420000e-01 1.516526e+02 5.725838e-02
9.430000e-01 1.563644e+02 5.829811e-02
9.440000e-01 1.610905e+02 5.930893e-02
9.450000e-01 1.658247e+02 6.028932e-02
9.460000e-01 1.705604e+02 6.123770e-02
9.470000e-01 1.752905e+02 6.215247e-02
9.480000e-01 1.800075e+02 6.303203e-02
9.490000e-01 1.847034e+02 6.387471e-02
9.500000e-01 1.893700e+02 6.467885e-02
9.510000e-01 1.939983e+02 6.544272e-02
9.520000e-01 1.985791e+02 6.616458e-02
9.530000e-01 2.031026e+02 6.684265e-02
9.540000e-01 2.075583e+02 6.747512e-02
9.550000e-01 2.119354e+02 6.806012e-02
9.560000e-01 2.162225e+02 6.859577e-02
9.570000e-01 2.204075e+02 6.908012e-02
9.580000e-01 2.244779e+02 6.951119e-02
9.590000e-01 2.284203e+02 6.988694e-02
9.600000e-01 2.322209e+02 7.020529e-02
9.610000e-01 2.358651e+02 7.046411e-02
9.620000e-01 2.393378e+02 7.066120e-02
9.630000e-01 2.426228e+02 7.079431e-02
9.640000e-01 2.457037e+02 7.086113e-02
9.650000e-01 2.485628e+02 7.085927e-02
9.660000e-01 2.511821e+02 7.078628e-02
9.670000e-01 2.535423e+02 7.063964e-02
9.680000e-01 2.556237e+02 7.041674e-02
9.690000e-01 2.574055e+02 7.011488e-02
9.700000e-01 2.588660e+02 6.973129e-02
9.710000e-01 2.599827e+02 6.926309e-02
9.720000e-01 2.607320e+02 6.870730e-02
9.730000e-01 2.610895e+02 6.806082e-02
9.740000e-01 2.610295e+02 6.732045e-02
9.750000e-01 2.605255e+02 6.648287e-02
9.760000e-01 2.595499e+02 6.554460e-02
9.770000e-01 2.580739e+02 6.450204e-02
9.780000e-01 2.560674e+02 6.335143e-02
9.790000e-01 2.534995e+02 6.208883e-02
9.800000e-01 2.503378e+02 6.071015e-02
9.810000e-01 2.465486e+02 5.921108e-02
9.820000e-01 2.420970e+02 5.758712e-02
9.830000e-01 2.369468e+02 5.583354e-02
9.840000e-01 2.310604e+02 5.394538e-02
9.850000e-01 2.243988e+02 5.191738e-02
9.860000e-01 2.169213e+02 4.974404e-02
9.870000e-01 2.085859e+02 4.741953e-02
9.880000e-01 1.993492e+02 4.493767e-02
9.890000e-01 1.891658e+02 4.229192e-02
9.900000e-01 1.779890e+02 3.947533e-02
9.910000e-01 1.657703e+02 3.648053e-02
9.920000e-01 1.524593e+02 3.329962e-02
9.930000e-01 1.380039e+02 2.992420e-02
9.940000e-01 1.223504e+02 2.634525e-02
9.950000e-01 1.054427e+02 2.255310e-02
9.960000e-01 8.722329e+01 1.853736e-02
9.970000e-01 6.763222e+01 1.428682e-02
9.980000e-01 4.660767e+01 9.789357e-03
9.990000e-01 2.408565e+01 5.031842e-03
