-1.000000e+00 0.000000e+00 0.000000e+00
-9.990000e-01 2.342108e-07 1.012052e-03
-9.980000e-01 4.426249e-07 1.973852e-03
-9.970000e-01 6.271117e-07 2.886278e-03
-9.960000e-01 7.895129e-07 3.750210e-03
-9.950000e-01 9.314725e-07 4.566532e-03
-9.940000e-01 1.054631e-06 5.336129e-03
-9.930000e-01 1.160412e-06 6.059887e-03
-9.920000e-01 1.250286e-06 6.738696e-03
-9.910000e-01 1.325541e-06 7.373449e-03
-9.900000e-01 1.387394e-06 7.965039e-03
-9.890000e-01 1.436979e-06 8.514363e-03
-9.880000e-01 1.475416e-06 9.022320e-03
-9.870000e-01 1.503659e-06 9.489811e-03
-9.860000e-01 1.522605e-06 9.917740e-03
-9.850000e-01 1.533268e-06 1.030701e-02
-9.840000e-01 1.536305e-06 1.065854e-02
-9.830000e-01 1.532676e-06 1.097322e-02
-9.820000e-01 1.522909e-06 1.125199e-02
-9.810000e-01 1.507666e-06 1.149574e-02
-9.800000e-01 1.487664e-06 1.170541e-02
-9.790000e-01 1.463475e-06 1.188190e-02
-9.780000e-01 1.435467e-06 1.202615e-02
-9.770000e-01 1.404314e-06 1.213907e-02
-9.760000e-01 1.370311e-06 1.222160e-02
-9.750000e-01 1.333938e-06 1.227466e-02
-9.740000e-01 1.295526e-06 1.229919e-02
-9.730000e-01 1.255492e-06 1.229613e-02
-9.720000e-01 1.214076e-06 1.226640e-02
-9.710000e-01 1.171710e-06 1.221095e-02
-9.700000e-01 1.128553e-06 1.213073e-02
-9.690000e-01 1.084868e-06 1.202666e-02
-9.680000e-01 1.040814e-06 1.189972e-02
-9.670000e-01 9.967441e-07 1.175083e-02
-9.660000e-01 9.526875e-07 1.158096e-02
-9.650000e-01 9.089373e-07 1.139106e-02
-9.640000e-01 8.655284e-07 1.118208e-02
-9.630000e-01 8.226459e-07 1.095499e-02
-9.620000e-01 7.804054e-07 1.071074e-02
-9.610000e-01 7.389198e-07 1.045031e-02
-9.600000e-01 6.982232e-07 1.017465e-02
-9.590000e-01 6.584675e-07 9.884733e-03
-9.580000e-01 6.196879e-07 9.581538e-03
-9.570000e-01 5.819025e-07 9.266033e-03
-9.560000e-01 5.452227e-07 8.939196e-03
-9.550000e-01 5.096641e-07 8.602006e-03
-9.540000e-01 4.752453e-07 8.255443e-03
-9.530000e-01 4.420125e-07 7.900492e-03
-9.520000e-01 4.099727e-07 7.538137e-03
-9.510000e-01 3.791384e-07 7.169368e-03
-9.500000e-01 3.495024e-07 6.795176e-03
-9.490000e-01 3.210925e-07 6.416553e-03
-9.480000e-01 2.938953e-07 6.034496e-03
-9.470000e-01 2.679019e-07 5.650002e-03
-9.460000e-01 2.430976e-07 5.264072e-03
-9.450000e-01 2.194829e-07 4.877709e-03
-9.440000e-01 1.970168e-07 4.491918e-03
-9.430000e-01 1.757106e-07 4.107707e-03
-9.420000e-01 1.555171e-07 3.726085e-03
-9.410000e-01 1.364208e-07 3.348066e-03
-9.400000e-01 1.183966e-07 2.974664e-03
-9.390000e-01 1.014228e-07 2.606895e-03
-9.380000e-01 8.546409e-08 2.245780e-03
-9.370000e-01 7.049326e-08 1.892340e-03
-9.360000e-01 5.648024e-08 1.547599e-03
-9.350000e-01 4.339288e-08 1.212583e-03
-9.340000e-01 3.120047e-08 8.883221e-04
-9.330000e-01 1.987239e-08 5.758464e-04
-9.320000e-01 9.375790e-09 2.761894e-04
-9.310000e-01 3.214338e-10 9.613333e-06
-9.300000e-01 9.251761e-09 2.807766e-04
-9.290000e-01 1.744618e-08 5.374241e-04
-9.280000e-01 2.493736e-08 7.798829e-04
-9.270000e-01 3.175704e-08 1.008478e-03
-9.260000e-01 3.793499e-08 1.223531e-03
-9.250000e-01 4.350383e-08 1.425364e-03
-9.240000e-01 4.849239e-08 1.614293e-03
-9.230000e-01 5.292963e-08 1.790635e-03
-9.220000e-01 5.684400e-08 1.954704e-03
-9.210000e-01 6.026617e-08 2.106811e-03
-9.200000e-01 6.322299e-08 2.247265e-03
-9.190000e-01 6.574093e-08 2.376374e-03
-9.180000e-01 6.784423e-08 2.494442e-03
-9.170000e-01 6.956325e-08 2.601773e-03
-9.160000e-01 7.091442e-08 2.698666e-03
-9.150000e-01 7.193172e-08 2.785422e-03
-9.140000e-01 7.263152e-08 2.862336e-03
-9.130000e-01 7.303487e-08 2.929703e-03
-9.120000e-01 7.316513e-08 2.987816e-03
-9.110000e-01 7.304716e-08 3.036964e-03
-9.100000e-01 7.269279e-08 3.077435e-03
-9.090000e-01 7.212727e-08 3.109518e-03
-9.080000e-01 7.136716e-08 3.133494e-03
-9.070000e-01 7.042403e-08 3.149647e-03
-9.060000e-01 6.932102e-08 3.158258e-03
-9.050000e-01 6.807351e-08 3.159603e-03
-9.040000e-01 6.669274e-08 3.153960e-03
-9.030000e-01 6.519665e-08 3.141603e-03
-9.020000e-01 6.359732e-08 3.122805e-03
-9.010000e-01 6.190615e-08 3.097835e-03
-9.000000e-01 6.013818e-08 3.066963e-03
-8.990000e-01 5.830287e-08 3.030455e-03
-8.980000e-01 5.641284e-08 2.988576e-03
-8.970000e-01 5.447671e-08 2.941590e-03
-8.960000e-01 5.249837e-08 2.889757e-03
-8.950000e-01 5.049705e-08 2.833337e-03
-8.940000e-01 4.847408e-08 2.772586e-03
-8.930000e-01 4.644083e-08 2.707762e-03
-8.920000e-01 4.440048e-08 2.639118e-03
-8.910000e-01 4.236464e-08 2.566906e-03
-8.900000e-01 4.033687e-08 2.491377e-03
-8.890000e-01 3.832281e-08 2.412779e-03
-8.880000e-01 3.632721e-08 2.331359e-03
-8.870000e-01 3.435611e-08 2.247363e-03
-8.860000e-01 3.241374e-08 2.161034e-03
-8.850000e-01 3.050423e-08 2.072615e-03
-8.840000e-01 2.862915e-08 1.982346e-03
-8.830000e-01 2.679551e-08 1.890465e-03
-8.820000e-01 2.500245e-08 1.797209e-03
-8.810000e-01 2.325314e-08 1.702814e-03
-8.800000e-01 2.155148e-08 1.607515e-03
-8.790000e-01 1.989721e-08 1.511542e-03
-8.780000e-01 1.829414e-08 1.415128e-03
-8.770000e-01 1.674294e-08 1.318501e-03
-8.760000e-01 1.524406e-08 1.221889e-03
-8.750000e-01 1.379910e-08 1.125519e-03
-8.740000e-01 1.240757e-08 1.029616e-03
-8.730000e-01 1.107202e-08 9.344014e-04
-8.720000e-01 9.790425e-09 8.400990e-04
-8.710000e-01 8.564960e-09 7.469287e-04
-8.700000e-01 7.393600e-09 6.551097e-04
-8.690000e-01 6.277709e-09 5.648597e-04
-8.680000e-01 5.215874e-09 4.763951e-04
-8.670000e-01 4.207871e-09 3.899308e-04
-8.660000e-01 3.252908e-09 3.056806e-04
-8.650000e-01 2.350800e-09 2.238568e-04
-8.640000e-01 1.500089e-09 1.446705e-04
-8.630000e-01 7.001350e-10 6.833154e-05
-8.620000e-01 5.017164e-11 4.951627e-06
-8.610000e-01 7.518729e-10 7.502062e-05
-8.600000e-01 1.406176e-09 1.418776e-04
-8.590000e-01 2.014204e-09 2.055583e-04
-8.580000e-01 2.577327e-09 2.660997e-04
-8.570000e-01 3.096776e-09 3.235398e-04
-8.560000e-01 3.573848e-09 3.779179e-04
-8.550000e-01 4.010180e-09 4.292743e-04
-8.540000e-01 4.406895e-09 4.776506e-04
-8.530000e-01 4.765408e-09 5.230893e-04
-8.520000e-01 5.087466e-09 5.656341e-04
-8.510000e-01 5.374083e-09 6.053296e-04
-8.500000e-01 5.627019e-09 6.422217e-04
-8.490000e-01 5.847486e-09 6.763571e-04
-8.480000e-01 6.037146e-09 7.077836e-04
-8.470000e-01 6.197401e-09 7.365499e-04
-8.460000e-01 6.329500e-09 7.627058e-04
-8.450000e-01 6.434708e-09 7.863020e-04
-8.440000e-01 6.514906e-09 8.073900e-04
-8.430000e-01 6.571170e-09 8.260224e-04
-8.420000e-01 6.604927e-09 8.422526e-04
-8.410000e-01 6.617194e-09 8.561348e-04
-8.400000e-01 6.610060e-09 8.677243e-04
-8.390000e-01 6.584072e-09 8.770770e-04
-8.380000e-01 6.540260e-09 8.842497e-04
-8.370000e-01 6.480525e-09 8.893000e-04
-8.360000e-01 6.406130e-09 8.922863e-04
-8.350000e-01 6.317335e-09 8.932678e-04
-8.340000e-01 6.215871e-09 8.923044e-04
-8.330000e-01 6.102624e-09 8.894567e-04
-8.320000e-01 5.978896e-09 8.847861e-04
-8.310000e-01 5.845345e-09 8.783546e-04
-8.300000e-01 5.702862e-09 8.702250e-04
-8.290000e-01 5.553006e-09 8.604606e-04
-8.280000e-01 5.396328e-09 8.491255e-04
-8.270000e-01 5.233439e-09 8.362843e-04
-8.260000e-01 5.065039e-09 8.220023e-04
-8.250000e-01 4.892508e-09 8.063453e-04
-8.240000e-01 4.716191e-09 7.893798e-04
-8.230000e-01 4.536846e-09 7.711727e-04
-8.220000e-01 4.355114e-09 7.517915e-04
-8.210000e-01 4.171997e-09 7.313044e-04
-8.200000e-01 3.987666e-09 7.097797e-04
-8.190000e-01 3.802739e-09 6.872865e-04
-8.180000e-01 3.617952e-09 6.638944e-04
-8.170000e-01 3.433728e-09 6.396732e-04
-8.160000e-01 3.250323e-09 6.146933e-04
-8.150000e-01 3.068651e-09 5.890255e-04
-8.140000e-01 2.888732e-09 5.627410e-04
-8.130000e-01 2.711041e-09 5.359114e-04
-8.120000e-01 2.536026e-09 5.086086e-04
-8.110000e-01 2.363881e-09 4.809048e-04
-8.100000e-01 2.194867e-09 4.528727e-04
-8.090000e-01 2.029479e-09 4.245853e-04
-8.080000e-01 1.867708e-09 3.961157e-04
-8.070000e-01 1.709994e-09 3.675375e-04
-8.060000e-01 1.556415e-09 3.389244e-04
-8.050000e-01 1.407163e-09 3.103506e-04
-8.040000e-01 1.262420e-09 2.818902e-04
-8.030000e-01 1.122283e-09 2.536178e-04
-8.020000e-01 9.868316e-10 2.256080e-04
-8.010000e-01 8.562682e-10 1.979357e-04
-8.000000e-01 7.305541e-10 1.706760e-04
-7.990000e-01 6.098308e-10 1.439041e-04
-7.980000e-01 4.940827e-10 1.176953e-04
-7.970000e-01 3.833815e-10 9.212515e-05
-7.960000e-01 2.777122e-10 6.726913e-05
-7.950000e-01 1.770775e-10 4.320296e-05
-7.940000e-01 8.146814e-11 2.000238e-05
-7.930000e-01 9.142881e-12 2.256809e-06
-7.920000e-01 9.479792e-11 2.351874e-05
-7.910000e-01 1.755401e-10 4.378634e-05
-7.900000e-01 2.514301e-10 6.307323e-05
-7.890000e-01 3.225462e-10 8.139306e-05
-7.880000e-01 3.889381e-10 9.875949e-05
-7.870000e-01 4.507068e-10 1.151862e-04
-7.860000e-01 5.079551e-10 1.306869e-04
-7.850000e-01 5.607675e-10 1.452753e-04
-7.840000e-01 6.092562e-10 1.589653e-04
-7.830000e-01 6.535202e-10 1.717709e-04
-7.820000e-01 6.936990e-10 1.837060e-04
-7.810000e-01 7.298640e-10 1.947847e-04
-7.800000e-01 7.621354e-10 2.050214e-04
-7.790000e-01 7.907130e-10 2.144303e-04
-7.780000e-01 8.156223e-10 2.230261e-04
-7.770000e-01 8.370753e-10 2.308235e-04
-7.760000e-01 8.551739e-10 2.378372e-04
-7.750000e-01 8.700288e-10 2.440825e-04
-7.740000e-01 8.818468e-10 2.495746e-04
-7.730000e-01 8.906591e-10 2.543289e-04
-7.720000e-01 8.966583e-10 2.583612e-04
-7.710000e-01 9.000234e-10 2.616875e-04
-7.700000e-01 9.007283e-10 2.643240e-04
-7.690000e-01 8.990716e-10 2.662872e-04
-7.680000e-01 8.951362e-10 2.675938e-04
-7.670000e-01 8.890442e-10 2.682610e-04
-7.660000e-01 8.809053e-10 2.683061e-04
-7.650000e-01 8.708820e-10 2.677467e-04
-7.640000e-01 8.590691e-10 2.666009e-04
-7.630000e-01 8.455819e-10 2.648871e-04
-7.620000e-01 8.306069e-10 2.626240e-04
-7.610000e-01 8.141486e-10 2.598306e-04
-7.600000e-01 7.964082e-10 2.565264e-04
-7.590000e-01 7.775356e-10 2.527313e-04
-7.580000e-01 7.575574e-10 2.484654e-04
-7.570000e-01 7.365666e-10 2.437494e-04
-7.560000e-01 7.147562e-10 2.386044e-04
-7.550000e-01 6.921101e-10 2.330519e-04
-7.540000e-01 6.688570e-10 2.271138e-04
-7.530000e-01 6.450074e-10 2.208125e-04
-7.520000e-01 6.206058e-10 2.141708e-04
-7.510000e-01 5.958891e-10 2.072122e-04
-7.500000e-01 5.708310e-10 1.999603e-04
-7.490000e-01 5.454994e-10 1.924396e-04
-7.480000e-01 5.200275e-10 1.846748e-04
-7.470000e-01 4.944577e-10 1.766913e-04
-7.460000e-01 4.688633e-10 1.685149e-04
-7.450000e-01 4.433002e-10 1.601719e-04
-7.440000e-01 4.178499e-10 1.516894e-04
-7.430000e-01 3.925532e-10 1.430947e-04
-7.420000e-01 3.674927e-10 1.344160e-04
-7.410000e-01 3.426900e-10 1.256818e-04
-7.400000e-01 3.182134e-10 1.169214e-04
-7.390000e-01 2.940903e-10 1.081645e-04
-7.380000e-01 2.703871e-10 9.944142e-05
-7.370000e-01 2.471224e-10 9.078325e-05
-7.360000e-01 2.243463e-10 8.222156e-05
-7.350000e-01 2.020728e-10 7.378857e-05
-7.340000e-01 1.803568e-10 6.551713e-05
-7.330000e-01 1.592119e-10 5.744074e-05
-7.320000e-01 1.386623e-10 4.959354e-05
-7.310000e-01 1.187352e-10 4.201033e-05
-7.300000e-01 9.944601e-11 3.472657e-05
-7.290000e-01 8.081871e-11 2.777839e-05
-7.280000e-01 6.285902e-11 2.120261e-05
-7.270000e-01 4.558447e-11 1.503673e-05
-7.260000e-01 2.900223e-11 9.318946e-06
-7.250000e-01 1.312209e-11 4.088144e-06
-7.240000e-01 2.050568e-12 6.161014e-07
-7.230000e-01 1.651264e-11 4.771315e-06
-7.220000e-01 3.026021e-11 8.401702e-06
-7.210000e-01 4.329770e-11 1.153854e-05
-7.200000e-01 5.562288e-11 1.421237e-05
-7.190000e-01 6.723763e-11 1.645299e-05
-7.180000e-01 7.815258e-11 1.828945e-05
-7.170000e-01 8.836208e-11 1.975006e-05
-7.160000e-01 9.788806e-11 2.086234e-05
-7.150000e-01 1.067341e-10 2.165306e-05
-7.140000e-01 1.149043e-10 2.214822e-05
-7.130000e-01 1.224210e-10 2.237304e-05
-7.120000e-01 1.292845e-10 2.235195e-05
-7.110000e-01 1.355194e-10 2.210860e-05
-7.100000e-01 1.411299e-10 2.166583e-05
-7.090000e-01 1.461371e-10 2.104569e-05
-7.080000e-01 1.505543e-10 2.026943e-05
-7.070000e-01 1.544000e-10 1.935747e-05
-7.060000e-01 1.576841e-10 1.832944e-05
-7.050000e-01 1.604348e-10 1.720412e-05
-7.040000e-01 1.626630e-10 1.599949e-05
-7.030000e-01 1.643801e-10 1.473269e-05
-7.020000e-01 1.656217e-10 1.342002e-05
-7.010000e-01 1.663978e-10 1.207694e-05
-7.000000e-01 1.667201e-10 1.071809e-05
-6.990000e-01 1.666206e-10 9.357239e-06
-6.980000e-01 1.661089e-10 8.007305e-06
-6.970000e-01 1.652065e-10 6.680359e-06
-6.960000e-01 1.639513e-10 5.387611e-06
-6.950000e-01 1.623325e-10 4.139405e-06
-6.940000e-01 1.603938e-10 2.945221e-06
-6.930000e-01 1.581366e-10 1.813668e-06
-6.920000e-01 1.555892e-10 7.524792e-07
-6.910000e-01 1.527668e-10 2.314870e-07
-6.900000e-01 1.497006e-10 1.132253e-06
-6.890000e-01 1.463899e-10 1.944726e-06
-6.880000e-01 1.428723e-10 2.664698e-06
-6.870000e-01 1.391440e-10 3.288850e-06
-6.860000e-01 1.352436e-10 3.814757e-06
-6.850000e-01 1.311728e-10 4.240888e-06
-6.840000e-01 1.269555e-10 4.566609e-06
-6.830000e-01 1.226073e-10 4.792185e-06
-6.820000e-01 1.181414e-10 4.918785e-06
-6.810000e-01 1.135794e-10 4.948483e-06
-6.800000e-01 1.089375e-10 4.884257e-06
-6.790000e-01 1.042243e-10 4.729996e-06
-6.780000e-01 9.944945e-11 4.490500e-06
-6.770000e-01 9.463802e-11 4.171479e-06
-6.760000e-01 8.980217e-11 3.779561e-06
-6.750000e-01 8.494230e-11 3.322288e-06
-6.740000e-01 8.008225e-11 2.808120e-06
-6.730000e-01 7.522968e-11 2.246437e-06
-6.720000e-01 7.039697e-11 1.647538e-06
-6.710000e-01 6.559397e-11 1.022646e-06
-6.700000e-01 6.083417e-11 3.839052e-07
-6.690000e-01 5.611686e-11 2.556139e-07
-6.680000e-01 5.146267e-11 8.819170e-07
-6.670000e-01 4.687148e-11 1.480083e-06
-6.660000e-01 4.235831e-11 2.034264e-06
-6.650000e-01 3.792616e-11 2.527684e-06
-6.640000e-01 3.358580e-11 2.942638e-06
-6.630000e-01 2.933936e-11 3.260494e-06
-6.620000e-01 2.519418e-11 3.461688e-06
-6.610000e-01 2.115721e-11 3.525726e-06
-6.600000e-01 1.723272e-11 3.431187e-06
-6.590000e-01 1.342546e-11 3.155715e-06
-6.580000e-01 9.738432e-12 2.676027e-06
-6.570000e-01 6.176920e-12 1.967908e-06
-6.560000e-01 2.743056e-12 1.006211e-06
-6.550000e-01 5.599132e-13 2.350899e-07
-6.540000e-01 3.729766e-12 1.767600e-06
-6.530000e-01 6.764617e-12 3.566832e-06
-6.520000e-01 9.662493e-12 5.603756e-06
-6.510000e-01 1.242292e-11 7.850276e-06
-6.500000e-01 1.504452e-11 1.027922e-05
-6.490000e-01 1.752529e-11 1.286435e-05
-6.480000e-01 1.986808e-11 1.558035e-05
-6.470000e-01 2.207129e-11 1.840283e-05
-6.460000e-01 2.413544e-11 2.130833e-05
-6.450000e-01 2.606129e-11 2.427432e-05
-6.440000e-01 2.785075e-11 2.727918e-05
-6.430000e-01 2.950382e-11 3.030223e-05
-6.420000e-01 3.102074e-11 3.332369e-05
-6.410000e-01 3.240955e-11 3.632473e-05
-6.400000e-01 3.366385e-11 3.928740e-05
-6.390000e-01 3.479061e-11 4.219472e-05
-6.380000e-01 3.579526e-11 4.503057e-05
-6.370000e-01 3.667219e-11 4.777979e-05
-6.360000e-01 3.743042e-11 5.042811e-05
-6.350000e-01 3.806994e-11 5.296218e-05
-6.340000e-01 3.859624e-11 5.536956e-05
-6.330000e-01 3.901285e-11 5.763872e-05
-6.320000e-01 3.931905e-11 5.975903e-05
-6.310000e-01 3.952116e-11 6.172077e-05
-6.300000e-01 3.962347e-11 6.351513e-05
-6.290000e-01 3.962902e-11 6.513418e-05
-6.280000e-01 3.954009e-11 6.657091e-05
-6.270000e-01 3.936107e-11 6.781920e-05
-6.260000e-01 3.909828e-11 6.887382e-05
-6.250000e-01 3.875150e-11 6.973043e-05
-6.240000e-01 3.832762e-11 7.038560e-05
-6.230000e-01 3.782935e-11 7.083677e-05
-6.220000e-01 3.726058e-11 7.108226e-05
-6.210000e-01 3.662709e-11 7.112129e-05
-6.200000e-01 3.592898e-11 7.095395e-05
-6.190000e-01 3.517309e-11 7.058120e-05
-6.180000e-01 3.436407e-11 7.000490e-05
-6.170000e-01 3.350237e-11 6.922775e-05
-6.160000e-01 3.259493e-11 6.825335e-05
-6.150000e-01 3.164635e-11 6.708614e-05
-6.140000e-01 3.065670e-11 6.573145e-05
-6.130000e-01 2.963119e-11 6.419545e-05
-6.120000e-01 2.857409e-11 6.248517e-05
-6.110000e-01 2.749001e-11 6.060850e-05
-6.100000e-01 2.638045e-11 5.857419e-05
-6.090000e-01 2.524914e-11 5.639183e-05
-6.080000e-01 2.410194e-11 5.407185e-05
-6.070000e-01 2.293676e-11 5.162552e-05
-6.060000e-01 2.176082e-11 4.906498e-05
-6.050000e-01 2.057743e-11 4.640316e-05
-6.040000e-01 1.938899e-11 4.365386e-05
-6.030000e-01 1.819683e-11 4.083169e-05
-6.020000e-01 1.700456e-11 3.795208e-05
-6.010000e-01 1.581535e-11 3.503131e-05
-6.000000e-01 1.463213e-11 3.208644e-05
-5.990000e-01 1.345574e-11 2.913538e-05
-5.980000e-01 1.229067e-11 2.619684e-05
-5.970000e-01 1.113787e-11 2.329032e-05
-5.960000e-01 9.999224e-12 2.043615e-05
-5.950000e-01 8.877454e-12 1.765545e-05
-5.940000e-01 7.774781e-12 1.497012e-05
-5.930000e-01 6.692091e-12 1.240289e-05
-5.920000e-01 5.631717e-12 9.977240e-06
-5.910000e-01 4.595269e-12 7.717461e-06
-5.900000e-01 3.584133e-12 5.648616e-06
-5.890000e-01 2.599032e-12 3.796546e-06
-5.880000e-01 1.642075e-12 2.187864e-06
-5.870000e-01 7.143730e-13 8.499554e-07
-5.860000e-01 1.831313e-13 1.891108e-07
-5.850000e-01 1.049549e-12 9.159958e-07
-5.840000e-01 1.884548e-12 1.350508e-06
-5.830000e-01 2.686185e-12 1.516188e-06
-5.820000e-01 3.454903e-12 1.435830e-06
-5.810000e-01 4.189815e-12 1.131481e-06
-5.800000e-01 4.889977e-12 6.244488e-07
-5.790000e-01 5.555556e-12 6.469502e-08
-5.780000e-01 6.185996e-12 9.161113e-07
-5.770000e-01 6.781686e-12 1.910689e-06
-5.760000e-01 7.340628e-12 3.030038e-06
-5.750000e-01 7.865264e-12 4.256492e-06
-5.740000e-01 8.354040e-12 5.573095e-06
-5.730000e-01 8.807788e-12 6.963602e-06
-5.720000e-01 9.225565e-12 8.412477e-06
-5.710000e-01 9.609369e-12 9.904881e-06
-5.700000e-01 9.958756e-12 1.142668e-05
-5.690000e-01 1.027300e-11 1.296441e-05
-5.680000e-01 1.055445e-11 1.450534e-05
-5.670000e-01 1.080197e-11 1.603737e-05
-5.660000e-01 1.101735e-11 1.754911e-05
-5.650000e-01 1.120054e-11 1.902985e-05
-5.640000e-01 1.135259e-11 2.046952e-05
-5.630000e-01 1.147338e-11 2.185874e-05
-5.620000e-01 1.156414e-11 2.318879e-05
-5.610000e-01 1.162598e-11 2.445159e-05
-5.600000e-01 1.165990e-11 2.563972e-05
-5.590000e-01 1.166583e-11 2.674643e-05
-5.580000e-01 1.164574e-11 2.776556e-05
-5.570000e-01 1.159961e-11 2.869164e-05
-5.560000e-01 1.152783e-11 2.951980e-05
-5.550000e-01 1.143419e-11 3.024581e-05
-5.540000e-01 1.131628e-11 3.086606e-05
-5.530000e-01 1.117600e-11 3.137757e-05
-5.520000e-01 1.101597e-11 3.177796e-05
-5.510000e-01 1.083594e-11 3.206545e-05
-5.500000e-01 1.063755e-11 3.223890e-05
-5.490000e-01 1.042089e-11 3.229773e-05
-5.480000e-01 1.018768e-11 3.224198e-05
-5.470000e-01 9.937995e-12 3.207227e-05
-5.460000e-01 9.675150e-12 3.178981e-05
-5.450000e-01 9.397927e-12 3.139638e-05
-5.440000e-01 9.108214e-12 3.089435e-05
-5.430000e-01 8.806567e-12 3.028666e-05
-5.420000e-01 8.495538e-12 2.957680e-05
-5.410000e-01 8.174295e-12 2.876884e-05
-5.400000e-01 7.844780e-12 2.786739e-05
-5.390000e-01 7.507439e-12 2.687761e-05
-5.380000e-01 7.163492e-12 2.580524e-05
-5.370000e-01 6.814549e-12 2.465652e-05
-5.360000e-01 6.459888e-12 2.343826e-05
-5.350000e-01 6.103062e-12 2.215776e-05
-5.340000e-01 5.742462e-12 2.082290e-05
-5.330000e-01 5.380252e-12 1.944204e-05
-5.320000e-01 5.016709e-12 1.802408e-05
-5.310000e-01 4.653000e-12 1.657843e-05
-5.300000e-01 4.289569e-12 1.511500e-05
-5.290000e-01 3.927414e-12 1.364420e-05
-5.280000e-01 3.567702e-12 1.217696e-05
-5.270000e-01 3.210432e-12 1.072467e-05
-5.260000e-01 2.856715e-12 9.299248e-06
-5.250000e-01 2.507383e-12 7.913058e-06
-5.240000e-01 2.162437e-12 6.578965e-06
-5.230000e-01 1.823097e-12 5.310302e-06
-5.220000e-01 1.489364e-12 4.120869e-06
-5.210000e-01 1.162903e-12 3.024933e-06
-5.200000e-01 8.427148e-13 2.037219e-06
-5.190000e-01 5.298539e-13 1.172907e-06
-5.180000e-01 2.253753e-13 4.476266e-07
-5.170000e-01 7.061018e-14 1.226178e-07
-5.160000e-01 3.580469e-13 5.305586e-07
-5.150000e-01 6.367129e-13 7.867449e-07
-5.140000e-01 9.051648e-13 9.034529e-07
-5.130000e-01 1.164402e-12 8.925336e-07
-5.120000e-01 1.413536e-12 7.654169e-07
-5.110000e-01 1.652567e-12 5.331167e-07
-5.100000e-01 1.880940e-12 2.062359e-07
-5.090000e-01 2.098488e-12 2.050294e-07
-5.080000e-01 2.305212e-12 6.908847e-07
-5.070000e-01 2.501166e-12 1.241932e-06
-5.060000e-01 2.685852e-12 1.849167e-06
-5.050000e-01 2.859379e-12 2.503972e-06
-5.040000e-01 3.021583e-12 3.198111e-06
-5.030000e-01 3.172740e-12 3.923727e-06
-5.020000e-01 3.312628e-12 4.673338e-06
-5.010000e-01 3.441636e-12 5.439828e-06
-5.000000e-01 3.558653e-12 6.216446e-06
-4.990000e-01 3.665013e-12 6.996801e-06
-4.980000e-01 3.760603e-12 7.774856e-06
-4.970000e-01 3.844758e-12 8.544925e-06
-4.960000e-01 3.918366e-12 9.301665e-06
-4.950000e-01 3.981093e-12 1.004008e-05
-4.940000e-01 4.033329e-12 1.075549e-05
-4.930000e-01 4.074963e-12 1.144359e-05
-4.920000e-01 4.107381e-12 1.210035e-05
-4.910000e-01 4.129252e-12 1.272209e-05
-4.900000e-01 4.141576e-12 1.330546e-05
-4.890000e-01 4.144463e-12 1.384739e-05
-4.880000e-01 4.138356e-12 1.434514e-05
-4.870000e-01 4.123035e-12 1.479628e-05
-4.860000e-01 4.099276e-12 1.519866e-05
-4.850000e-01 4.066858e-12 1.555045e-05
-4.840000e-01 4.027112e-12 1.585008e-05
-4.830000e-01 3.978262e-12 1.609629e-05
-4.820000e-01 3.923639e-12 1.628810e-05
-4.810000e-01 3.861078e-12 1.642480e-05
-4.800000e-01 3.791079e-12 1.650595e-05
-4.790000e-01 3.715361e-12 1.653140e-05
-4.780000e-01 3.633149e-12 1.650123e-05
-4.770000e-01 3.545664e-12 1.641581e-05
-4.760000e-01 3.452683e-12 1.627576e-05
-4.750000e-01 3.354150e-12 1.608194e-05
-4.740000e-01 3.251066e-12 1.583546e-05
-4.730000e-01 3.143430e-12 1.553767e-05
-4.720000e-01 3.031742e-12 1.519019e-05
-4.710000e-01 2.916278e-12 1.479483e-05
-4.700000e-01 2.797484e-12 1.435365e-05
-4.690000e-01 2.675693e-12 1.386894e-05
-4.680000e-01 2.551348e-12 1.334321e-05
-4.670000e-01 2.424783e-12 1.277918e-05
-4.660000e-01 2.295997e-12 1.217979e-05
-4.650000e-01 2.164824e-12 1.154818e-05
-4.640000e-01 2.032874e-12 1.088772e-05
-4.630000e-01 1.900202e-12 1.020194e-05
-4.620000e-01 1.766254e-12 9.494611e-06
-4.610000e-01 1.632139e-12 8.769666e-06
-4.600000e-01 1.497469e-12 8.031239e-06
-4.590000e-01 1.363520e-12 7.283649e-06
-4.580000e-01 1.229128e-12 6.531394e-06
-4.570000e-01 1.095957e-12 5.779148e-06
-4.560000e-01 9.639511e-13 5.031761e-06
-4.550000e-01 8.327228e-13 4.294249e-06
-4.540000e-01 7.029932e-13 3.571796e-06
-4.530000e-01 5.749290e-13 2.869744e-06
-4.520000e-01 4.493073e-13 2.193596e-06
-4.510000e-01 3.250733e-13 1.549005e-06
-4.500000e-01 2.035594e-13 9.417781e-07
-4.490000e-01 8.448797e-14 3.778643e-07
-4.480000e-01 3.175238e-14 1.366763e-07
-4.470000e-01 1.451061e-13 5.987973e-07
-4.460000e-01 2.555733e-13 1.011020e-06
-4.450000e-01 3.625988e-13 1.376337e-06
-4.440000e-01 4.662937e-13 1.697610e-06
-4.430000e-01 5.667133e-13 1.977581e-06
-4.420000e-01 6.629142e-13 2.218870e-06
-4.410000e-01 7.560064e-13 2.423981e-06
-4.400000e-01 8.450463e-13 2.595304e-06
-4.390000e-01 9.299783e-13 2.735122e-06
-4.380000e-01 1.011025e-12 2.845611e-06
-4.370000e-01 1.087963e-12 2.928846e-06
-4.360000e-01 1.160683e-12 2.986801e-06
-4.350000e-01 1.228961e-12 3.021357e-06
-4.340000e-01 1.293465e-12 3.034304e-06
-4.330000e-01 1.353417e-12 3.027341e-06
-4.320000e-01 1.408873e-12 3.002084e-06
-4.310000e-01 1.460221e-12 2.960068e-06
-4.300000e-01 1.507239e-12 2.902749e-06
-4.290000e-01 1.549871e-12 2.831508e-06
-4.280000e-01 1.588119e-12 2.747657e-06
-4.270000e-01 1.622091e-12 2.652436e-06
-4.260000e-01 1.651901e-12 2.547024e-06
-4.250000e-01 1.677380e-12 2.432535e-06
-4.240000e-01 1.698475e-12 2.310029e-06
-4.230000e-01 1.715350e-12 2.180507e-06
-4.220000e-01 1.728673e-12 2.044919e-06
-4.210000e-01 1.737888e-12 1.904167e-06
-4.200000e-01 1.742662e-12 1.759108e-06
-4.190000e-01 1.743661e-12 1.610555e-06
-4.180000e-01 1.741329e-12 1.459282e-06
-4.170000e-01 1.735279e-12 1.306027e-06
-4.160000e-01 1.725564e-12 1.151494e-06
-4.150000e-01 1.712019e-12 9.963568e-07
-4.140000e-01 1.695422e-12 8.412632e-07
-4.130000e-01 1.675882e-12 6.868351e-07
-4.120000e-01 1.652678e-12 5.336736e-07
-4.110000e-01 1.626310e-12 3.823612e-07
-4.100000e-01 1.597333e-12 2.334648e-07
-4.090000e-01 1.565581e-12 8.753874e-08
-4.080000e-01 1.531275e-12 5.487275e-08
-4.070000e-01 1.494305e-12 1.932323e-07
-4.060000e-01 1.454725e-12 3.270070e-07
-4.050000e-01 1.412870e-12 4.556650e-07
-4.040000e-01 1.369349e-12 5.786736e-07
-4.030000e-01 1.323830e-12 6.954959e-07
-4.020000e-01 1.275868e-12 8.055882e-07
-4.010000e-01 1.226963e-12 9.083974e-07
-4.000000e-01 1.175782e-12 1.003359e-06
-3.990000e-01 1.123768e-12 1.089892e-06
-3.980000e-01 1.070144e-12 1.167400e-06
-3.970000e-01 1.015354e-12 1.235266e-06
-3.960000e-01 9.593992e-13 1.292851e-06
-3.950000e-01 9.029999e-13 1.339490e-06
-3.940000e-01 8.457679e-13 1.374490e-06
-3.930000e-01 7.875367e-13 1.397131e-06
-3.920000e-01 7.294165e-13 1.406657e-06
-3.910000e-01 6.705192e-13 1.402280e-06
-3.900000e-01 6.115664e-13 1.383172e-06
-3.890000e-01 5.523360e-13 1.348466e-06
-3.880000e-01 4.936052e-13 1.297255e-06
-3.870000e-01 4.347078e-13 1.228585e-06
-3.860000e-01 3.758660e-13 1.141456e-06
-3.850000e-01 3.178013e-13 1.034819e-06
-3.840000e-01 2.602918e-13 9.075739e-07
-3.830000e-01 2.033373e-13 7.585666e-07
-3.820000e-01 1.471601e-13 5.865870e-07
-3.810000e-01 9.137135e-14 3.903672e-07
-3.800000e-01 3.691492e-14 1.685787e-07
-3.790000e-01 1.659783e-14 8.014625e-08
-3.780000e-01 6.883383e-14 3.556122e-07
-3.770000e-01 1.200706e-13 6.550066e-07
-3.760000e-01 1.701417e-13 9.753348e-07
-3.750000e-01 2.185474e-13 1.313673e-06
-3.740000e-01 2.656764e-13 1.667171e-06
-3.730000e-01 3.115841e-13 2.033053e-06
-3.720000e-01 3.557155e-13 2.408621e-06
-3.710000e-01 3.979039e-13 2.791253e-06
-3.700000e-01 4.387046e-13 3.178412e-06
-3.690000e-01 4.777845e-13 3.567642e-06
-3.680000e-01 5.150325e-13 3.956571e-06
-3.670000e-01 5.503931e-13 4.342915e-06
-3.660000e-01 5.841438e-13 4.724477e-06
-3.650000e-01 6.160072e-13 5.099153e-06
-3.640000e-01 6.457612e-13 5.464929e-06
-3.630000e-01 6.736278e-13 5.819885e-06
-3.620000e-01 6.996626e-13 6.162198e-06
-3.610000e-01 7.235323e-13 6.490142e-06
-3.600000e-01 7.454037e-13 6.802090e-06
-3.590000e-01 7.653878e-13 7.096518e-06
-3.580000e-01 7.834289e-13 7.372000e-06
-3.570000e-01 7.994161e-13 7.627221e-06
-3.560000e-01 8.133494e-13 7.860966e-06
-3.550000e-01 8.253398e-13 8.072131e-06
-3.540000e-01 8.353318e-13 8.259722e-06
-3.530000e-01 8.434919e-13 8.422852e-06
-3.520000e-01 8.495982e-13 8.560751e-06
-3.510000e-01 8.539280e-13 8.672760e-06
-3.500000e-01 8.563150e-13 8.758338e-06
-3.490000e-01 8.569256e-13 8.817057e-06
-3.480000e-01 8.553713e-13 8.848612e-06
-3.470000e-01 8.523737e-13 8.852816e-06
-3.460000e-01 8.475998e-13 8.829603e-06
-3.450000e-01 8.414935e-13 8.779031e-06
-3.440000e-01 8.328893e-13 8.701281e-06
-3.430000e-01 8.231749e-13 8.596662e-06
-3.420000e-01 8.118506e-13 8.465606e-06
-3.410000e-01 7.989998e-13 8.308678e-06
-3.400000e-01 7.845946e-13 8.126570e-06
-3.390000e-01 7.689682e-13 7.920105e-06
-3.380000e-01 7.518430e-13 7.690239e-06
-3.370000e-01 7.335244e-13 7.438062e-06
-3.360000e-01 7.139012e-13 7.164797e-06
-3.350000e-01 6.933343e-13 6.871805e-06
-3.340000e-01 6.714351e-13 6.560583e-06
-3.330000e-01 6.483702e-13 6.232768e-06
-3.320000e-01 6.248613e-13 5.890134e-06
-3.310000e-01 6.000200e-13 5.534597e-06
-3.300000e-01 5.745404e-13 5.168217e-06
-3.290000e-01 5.480894e-13 4.793193e-06
-3.280000e-01 5.211109e-13 4.411871e-06
-3.270000e-01 4.934109e-13 4.026742e-06
-3.260000e-01 4.653222e-13 3.640440e-06
-3.250000e-01 4.365119e-13 3.255751e-06
-3.240000e-01 4.072576e-13 2.875607e-06
-3.230000e-01 3.778922e-13 2.503088e-06
-3.220000e-01 3.480827e-13 2.141425e-06
-3.210000e-01 3.180789e-13 1.794002e-06
-3.200000e-01 2.878531e-13 1.464354e-06
-3.190000e-01 2.573497e-13 1.156167e-06
-3.180000e-01 2.270684e-13 8.732853e-07
-3.170000e-01 1.968981e-13 6.197040e-07
-3.160000e-01 1.665057e-13 3.995763e-07
-3.150000e-01 1.364187e-13 2.172112e-07
-3.140000e-01 1.066092e-13 7.707538e-08
-3.130000e-01 7.688294e-14 1.620613e-08
-3.120000e-01 4.762857e-14 5.784932e-08
-3.110000e-01 1.870726e-14 4.291023e-08
-3.100000e-01 9.769963e-15 3.363951e-08
-3.090000e-01 3.783085e-14 1.727716e-07
-3.080000e-01 6.536438e-14 3.692792e-07
-3.070000e-01 9.214851e-14 6.175954e-07
-3.060000e-01 1.185163e-13 9.123169e-07
-3.050000e-01 1.442457e-13 1.248205e-06
-3.040000e-01 1.690315e-13 1.620185e-06
-3.030000e-01 1.932621e-13 2.023348e-06
-3.020000e-01 2.167155e-13 2.452954e-06
-3.010000e-01 2.391976e-13 2.904425e-06
-3.000000e-01 2.609302e-13 3.373356e-06
-2.990000e-01 2.818856e-13 3.855505e-06
-2.980000e-01 3.018696e-13 4.346804e-06
-2.970000e-01 3.207157e-13 4.843348e-06
-2.960000e-01 3.389233e-13 5.341408e-06
-2.950000e-01 3.559653e-13 5.837422e-06
-2.940000e-01 3.718137e-13 6.327998e-06
-2.930000e-01 3.869405e-13 6.809919e-06
-2.920000e-01 4.010403e-13 7.280136e-06
-2.910000e-01 4.139189e-13 7.735776e-06
-2.900000e-01 4.258816e-13 8.174136e-06
-2.890000e-01 4.367340e-13 8.592687e-06
-2.880000e-01 4.464207e-13 8.989075e-06
-2.870000e-01 4.550804e-13 9.361118e-06
-2.860000e-01 4.626022e-13 9.706811e-06
-2.850000e-01 4.691803e-13 1.002432e-05
-2.840000e-01 4.744816e-13 1.031199e-05
-2.830000e-01 4.788947e-13 1.056835e-05
-2.820000e-01 4.823641e-13 1.079208e-05
-2.810000e-01 4.846679e-13 1.098207e-05
-2.800000e-01 4.856948e-13 1.113735e-05
-2.790000e-01 4.860001e-13 1.125715e-05
-2.780000e-01 4.851397e-13 1.134089e-05
-2.770000e-01 4.833911e-13 1.138813e-05
-2.760000e-01 4.805045e-13 1.139864e-05
-2.750000e-01 4.768963e-13 1.137236e-05
-2.740000e-01 4.720668e-13 1.130940e-05
-2.730000e-01 4.664602e-13 1.121005e-05
-2.720000e-01 4.599654e-13 1.107479e-05
-2.710000e-01 4.524991e-13 1.090426e-05
-2.700000e-01 4.443945e-13 1.069931e-05
-2.690000e-01 4.351242e-13 1.046094e-05
-2.680000e-01 4.254652e-13 1.019035e-05
-2.670000e-01 4.148903e-13 9.888894e-06
-2.660000e-01 4.035938e-13 9.558133e-06
-2.650000e-01 3.916312e-13 9.199796e-06
-2.640000e-01 3.790024e-13 8.815794e-06
-2.630000e-01 3.657352e-13 8.408217e-06
-2.620000e-01 3.519685e-13 7.979338e-06
-2.610000e-01 3.375633e-13 7.531608e-06
-2.600000e-01 3.227418e-13 7.067661e-06
-2.590000e-01 3.074485e-13 6.590311e-06
-2.580000e-01 2.916833e-13 6.102551e-06
-2.570000e-01 2.754741e-13 5.607559e-06
-2.560000e-01 2.588207e-13 5.108689e-06
-2.550000e-01 2.421396e-13 4.609479e-06
-2.540000e-01 2.250145e-13 4.113649e-06
-2.530000e-01 2.073897e-13 3.625096e-06
-2.520000e-01 1.899869e-13 3.147903e-06
-2.510000e-01 1.720013e-13 2.686329e-06
-2.500000e-01 1.541545e-13 2.244818e-06
-2.490000e-01 1.361689e-13 1.827993e-06
-2.480000e-01 1.182388e-13 1.440658e-06
-2.470000e-01 1.000589e-13 1.087799e-06
-2.460000e-01 8.198997e-14 7.745815e-07
-2.450000e-01 6.408762e-14 5.063530e-07
-2.440000e-01 4.626854e-14 2.886409e-07
-2.430000e-01 2.842171e-14 1.271535e-07
-2.420000e-01 1.074141e-14 2.777966e-08
-2.410000e-01 6.522560e-15 3.524386e-09
-2.400000e-01 2.375877e-14 3.439104e-08
-2.390000e-01 4.071743e-14 1.360146e-07
-2.380000e-01 5.739853e-14 2.955195e-07
-2.370000e-01 7.371881e-14 5.072588e-07
-2.360000e-01 8.967826e-14 7.657655e-07
-2.350000e-01 1.051659e-13 1.065752e-06
-2.340000e-01 1.203482e-13 1.402112e-06
-2.330000e-01 1.351697e-13 1.769915e-06
-2.320000e-01 1.493805e-13 2.164413e-06
-2.310000e-01 1.633416e-13 2.581036e-06
-2.300000e-01 1.765255e-13 3.015392e-06
-2.290000e-01 1.893763e-13 3.463269e-06
-2.280000e-01 2.016720e-13 3.920634e-06
-2.270000e-01 2.133571e-13 4.383629e-06
-2.260000e-01 2.244871e-13 4.848577e-06
-2.250000e-01 2.350065e-13 5.311979e-06
-2.240000e-01 2.449985e-13 5.770511e-06
-2.230000e-01 2.542550e-13 6.221030e-06
-2.220000e-01 2.629286e-13 6.660566e-06
-2.210000e-01 2.710471e-13 7.086330e-06
-2.200000e-01 2.783329e-13 7.495706e-06
-2.190000e-01 2.851192e-13 7.886256e-06
-2.180000e-01 2.911282e-13 8.255720e-06
-2.170000e-01 2.965267e-13 8.602010e-06
-2.160000e-01 3.012590e-13 8.923215e-06
-2.150000e-01 3.052419e-13 9.217602e-06
-2.140000e-01 3.086420e-13 9.483609e-06
-2.130000e-01 3.113065e-13 9.719851e-06
-2.120000e-01 3.133466e-13 9.925116e-06
-2.110000e-01 3.147482e-13 1.009837e-05
-2.100000e-01 3.154005e-13 1.023874e-05
-2.090000e-01 3.155393e-13 1.034555e-05
-2.080000e-01 3.147899e-13 1.041827e-05
-2.070000e-01 3.135686e-13 1.045656e-05
-2.060000e-01 3.117645e-13 1.046026e-05
-2.050000e-01 3.092249e-13 1.042935e-05
-2.040000e-01 3.060330e-13 1.036402e-05
-2.030000e-01 3.022999e-13 1.026460e-05
-2.020000e-01 2.979561e-13 1.013162e-05
-2.010000e-01 2.931405e-13 9.965745e-06
-2.000000e-01 2.877143e-13 9.767845e-06
-1.990000e-01 2.816358e-13 9.538943e-06
-1.980000e-01 2.751549e-13 9.280233e-06
-1.970000e-01 2.682021e-13 8.993081e-06
-1.960000e-01 2.607636e-13 8.679018e-06
-1.950000e-01 2.527423e-13 8.339747e-06
-1.940000e-01 2.443323e-13 7.977139e-06
-1.930000e-01 2.355199e-13 7.593230e-06
-1.920000e-01 2.262773e-13 7.190225e-06
-1.910000e-01 2.167155e-13 6.770496e-06
-1.900000e-01 2.066958e-13 6.336581e-06
-1.890000e-01 1.964956e-13 5.891185e-06
-1.880000e-01 1.859207e-13 5.437177e-06
-1.870000e-01 1.749989e-13 4.977594e-06
-1.860000e-01 1.639383e-13 4.515634e-06
-1.850000e-01 1.524753e-13 4.054662e-06
-1.840000e-01 1.410122e-13 3.598208e-06
-1.830000e-01 1.291883e-13 3.149963e-06
-1.820000e-01 1.172118e-13 2.713782e-06
-1.810000e-01 1.052491e-13 2.293683e-06
-1.800000e-01 9.313383e-14 1.893848e-06
-1.790000e-01 8.078260e-14 1.518617e-06
-1.780000e-01 6.851464e-14 1.172495e-06
-1.770000e-01 5.619116e-14 8.601460e-07
-1.760000e-01 4.388157e-14 5.863953e-07
-1.750000e-01 3.155809e-14 3.562281e-07
-1.740000e-01 1.926237e-14 1.747892e-07
-1.730000e-01 7.077672e-15 4.738275e-08
-1.720000e-01 4.996004e-15 2.065719e-08
-1.710000e-01 1.704192e-14 2.845664e-08
-1.700000e-01 2.881029e-14 1.923028e-08
-1.690000e-01 4.049538e-14 1.174409e-07
-1.680000e-01 5.204170e-14 2.613695e-07
-1.670000e-01 6.336598e-14 4.463668e-07
-1.660000e-01 7.444045e-14 6.679395e-07
-1.650000e-01 8.519574e-14 9.217498e-07
-1.640000e-01 9.582612e-14 1.203615e-06
-1.630000e-01 1.061373e-13 1.509508e-06
-1.620000e-01 1.161432e-13 1.835553e-06
-1.610000e-01 1.258021e-13 2.178031e-06
-1.600000e-01 1.350586e-13 2.533375e-06
-1.590000e-01 1.440931e-13 2.898170e-06
-1.580000e-01 1.527112e-13 3.269155e-06
-1.570000e-01 1.609129e-13 3.643219e-06
-1.560000e-01 1.688094e-13 4.017403e-06
-1.550000e-01 1.761785e-13 4.388899e-06
-1.540000e-01 1.831313e-13 4.755050e-06
-1.530000e-01 1.897371e-13 5.113347e-06
-1.520000e-01 1.959266e-13 5.461432e-06
-1.510000e-01 2.015679e-13 5.797095e-06
-1.500000e-01 2.068207e-13 6.118276e-06
-1.490000e-01 2.115183e-13 6.423062e-06
-1.480000e-01 2.158135e-13 6.709686e-06
-1.470000e-01 2.196507e-13 6.976531e-06
-1.460000e-01 2.230022e-13 7.222125e-06
-1.450000e-01 2.258124e-13 7.445141e-06
-1.440000e-01 2.282202e-13 7.644400e-06
-1.430000e-01 2.301007e-13 7.818865e-06
-1.420000e-01 2.315231e-13 7.967648e-06
-1.410000e-01 2.324252e-13 8.090001e-06
-1.400000e-01 2.328207e-13 8.185321e-06
-1.390000e-01 2.327860e-13 8.253150e-06
-1.380000e-01 2.322725e-13 8.293171e-06
-1.370000e-01 2.312456e-13 8.305209e-06
-1.360000e-01 2.297953e-13 8.289232e-06
-1.350000e-01 2.278039e-13 8.245348e-06
-1.340000e-01 2.254724e-13 8.173807e-06
-1.330000e-01 2.225928e-13 8.074999e-06
-1.320000e-01 2.193246e-13 7.949454e-06
-1.310000e-01 2.156192e-13 7.797841e-06
-1.300000e-01 2.115183e-13 7.620968e-06
-1.290000e-01 2.069386e-13 7.419782e-06
-1.280000e-01 2.020467e-13 7.195368e-06
-1.270000e-01 1.967523e-13 6.948947e-06
-1.260000e-01 1.910902e-13 6.681881e-06
-1.250000e-01 1.850117e-13 6.395663e-06
-1.240000e-01 1.786418e-13 6.091928e-06
-1.230000e-01 1.719180e-13 5.772442e-06
-1.220000e-01 1.649167e-13 5.439108e-06
-1.210000e-01 1.575892e-13 5.093966e-06
-1.200000e-01 1.499911e-13 4.739186e-06
-1.190000e-01 1.421432e-13 4.377075e-06
-1.180000e-01 1.340594e-13 4.010073e-06
-1.170000e-01 1.257258e-13 3.640752e-06
-1.160000e-01 1.171632e-13 3.271818e-06
-1.150000e-01 1.084619e-13 2.906106e-06
-1.140000e-01 9.955231e-14 2.546587e-06
-1.130000e-01 9.049705e-14 2.196360e-06
-1.120000e-01 8.131690e-14 1.858655e-06
-1.110000e-01 7.200490e-14 1.536833e-06
-1.100000e-01 6.263046e-14 1.234386e-06
-1.090000e-01 5.313805e-14 9.549332e-07
-1.080000e-01 4.357625e-14 7.022241e-07
-1.070000e-01 3.400752e-14 4.801363e-07
-1.060000e-01 2.444225e-14 2.926757e-07
-1.050000e-01 1.483536e-14 1.439757e-07
-1.040000e-01 5.280498e-15 3.829718e-08
-1.030000e-01 4.257011e-15 2.010293e-08
-1.020000e-01 1.372513e-14 3.072518e-08
-1.010000e-01 2.314815e-14 2.610466e-09
-1.000000e-01 3.243933e-14 7.596602e-08
-9.900000e-02 4.163683e-14 1.855286e-07
-9.800000e-02 5.070597e-14 3.276102e-07
-9.700000e-02 5.960510e-14 4.986471e-07
-9.600000e-02 6.835157e-14 6.951994e-07
-9.500000e-02 7.693152e-14 9.139510e-07
-9.400000e-02 8.529635e-14 1.151709e-06
-9.300000e-02 9.345302e-14 1.405402e-06
-9.200000e-02 1.013495e-13 1.672083e-06
-9.100000e-02 1.090343e-13 1.948926e-06
-9.000000e-02 1.164693e-13 2.233226e-06
-8.900000e-02 1.236060e-13 2.522400e-06
-8.800000e-02 1.304651e-13 2.813986e-06
-8.700000e-02 1.370536e-13 3.105641e-06
-8.600000e-02 1.433020e-13 3.395143e-06
-8.500000e-02 1.492487e-13 3.680390e-06
-8.400000e-02 1.548449e-13 3.959398e-06
-8.300000e-02 1.601150e-13 4.230305e-06
-8.200000e-02 1.650242e-13 4.491364e-06
-8.100000e-02 1.695935e-13 4.740947e-06
-8.000000e-02 1.737811e-13 4.977546e-06
-7.900000e-02 1.776149e-13 5.199768e-06
-7.800000e-02 1.810323e-13 5.406338e-06
-7.700000e-02 1.841097e-13 5.596099e-06
-7.600000e-02 1.867603e-13 5.768008e-06
-7.500000e-02 1.890328e-13 5.921141e-06
-7.400000e-02 1.909133e-13 6.054688e-06
-7.300000e-02 1.923791e-13 6.167954e-06
-7.200000e-02 1.934789e-13 6.260360e-06
-7.100000e-02 1.941589e-13 6.331442e-06
-7.000000e-02 1.944226e-13 6.380850e-06
-6.900000e-02 1.943133e-13 6.408348e-06
-6.800000e-02 1.937929e-13 6.413815e-06
-6.700000e-02 1.928735e-13 6.397243e-06
-6.600000e-02 1.915725e-13 6.358735e-06
-6.500000e-02 1.898776e-13 6.298510e-06
-6.400000e-02 1.877942e-13 6.216899e-06
-6.300000e-02 1.853500e-13 6.114344e-06
-6.200000e-02 1.825241e-13 5.991400e-06
-6.100000e-02 1.793166e-13 5.848733e-06
-6.000000e-02 1.757813e-13 5.687122e-06
-5.900000e-02 1.718695e-13 5.507455e-06
-5.800000e-02 1.676263e-13 5.310733e-06
-5.700000e-02 1.630588e-13 5.098067e-06
-5.600000e-02 1.581599e-13 4.870678e-06
-5.500000e-02 1.529610e-13 4.629897e-06
-5.400000e-02 1.474619e-13 4.377164e-06
-5.300000e-02 1.416619e-13 4.114032e-06
-5.200000e-02 1.356033e-13 3.842159e-06
-5.100000e-02 1.292725e-13 3.563315e-06
-5.000000e-02 1.226953e-13 3.279377e-06
-4.900000e-02 1.158787e-13 2.992333e-06
-4.800000e-02 1.088548e-13 2.704278e-06
-4.700000e-02 1.016175e-13 2.417413e-06
-4.600000e-02 9.418334e-14 2.134052e-06
-4.500000e-02 8.657658e-14 1.856611e-06
-4.400000e-02 7.881022e-14 1.587618e-06
-4.300000e-02 7.089902e-14 1.329706e-06
-4.200000e-02 6.285684e-14 1.085616e-06
-4.100000e-02 5.470797e-14 8.581947e-07
-4.000000e-02 4.646544e-14 6.503965e-07
-3.900000e-02 3.813703e-14 4.652820e-07
-3.800000e-02 2.975137e-14 3.060182e-07
-3.700000e-02 2.131368e-14 1.758779e-07
-3.600000e-02 1.285473e-14 7.824015e-08
-3.500000e-02 4.381478e-15 1.658945e-08
-3.400000e-02 4.085274e-15 5.620181e-09
-3.300000e-02 1.252861e-14 1.176885e-08
-3.200000e-02 2.093378e-14 6.546107e-08
-3.100000e-02 2.927996e-14 1.520986e-07
-3.000000e-02 3.755633e-14 2.684283e-07
-2.900000e-02 4.574119e-14 4.113022e-07
-2.800000e-02 5.382413e-14 5.776765e-07
-2.700000e-02 6.178435e-14 7.646121e-07
-2.600000e-02 6.960708e-14 9.692744e-07
-2.500000e-02 7.727152e-14 1.188933e-06
-2.400000e-02 8.477572e-14 1.420961e-06
-2.300000e-02 9.209343e-14 1.662836e-06
-2.200000e-02 9.921491e-14 1.912140e-06
-2.100000e-02 1.061282e-13 2.166557e-06
-2.000000e-02 1.128182e-13 2.423877e-06
-1.900000e-02 1.192594e-13 2.681992e-06
-1.800000e-02 1.254557e-13 2.938897e-06
-1.700000e-02 1.313936e-13 3.192692e-06
-1.600000e-02 1.370507e-13 3.441579e-06
-1.500000e-02 1.424277e-13 3.683864e-06
-1.400000e-02 1.475108e-13 3.917955e-06
-1.300000e-02 1.522856e-13 4.142363e-06
-1.200000e-02 1.567431e-13 4.355704e-06
-1.100000e-02 1.608806e-13 4.556695e-06
-1.000000e-02 1.646796e-13 4.744156e-06
-9.000000e-03 1.681444e-13 4.917011e-06
-8.000000e-03 1.712466e-13 5.074284e-06
-7.000000e-03 1.740154e-13 5.215104e-06
-6.000000e-03 1.764292e-13 5.338703e-06
-5.000000e-03 1.784666e-13 5.444415e-06
-4.000000e-03 1.801534e-13 5.531675e-06
-3.000000e-03 1.814765e-13 5.600021e-06
-2.000000e-03 1.823920e-13 5.649097e-06
-1.000000e-03 1.829758e-13 5.678645e-06
8.812395e-16 1.831387e-13 5.688511e-06
1.000000e-03 1.829604e-13 5.678645e-06
2.000000e-03 1.824018e-13 5.649097e-06
3.000000e-03 1.814649e-13 5.600021e-06
4.000000e-03 1.801559e-13 5.531675e-06
5.000000e-03 1.784750e-13 5.444415e-06
6.000000e-03 1.764280e-13 5.338703e-06
7.000000e-03 1.740211e-13 5.215104e-06
8.000000e-03 1.712613e-13 5.074284e-06
9.000000e-03 1.681456e-13 4.917011e-06
1.000000e-02 1.646822e-13 4.744156e-06
1.100000e-02 1.608816e-13 4.556695e-06
1.200000e-02 1.567420e-13 4.355704e-06
1.300000e-02 1.522871e-13 4.142363e-06
1.400000e-02 1.475133e-13 3.917955e-06
1.500000e-02 1.424346e-13 3.683864e-06
1.600000e-02 1.370568e-13 3.441579e-06
1.700000e-02 1.313890e-13 3.192692e-06
1.800000e-02 1.254617e-13 2.938897e-06
1.900000e-02 1.192612e-13 2.681992e-06
2.000000e-02 1.128082e-13 2.423877e-06
2.100000e-02 1.061278e-13 2.166557e-06
2.200000e-02 9.921426e-14 1.912140e-06
2.300000e-02 9.209430e-14 1.662836e-06
2.400000e-02 8.477355e-14 1.420961e-06
2.500000e-02 7.727608e-14 1.188933e-06
2.600000e-02 6.960491e-14 9.692744e-07
2.700000e-02 6.178565e-14 7.646121e-07
2.800000e-02 5.382543e-14 5.776765e-07
2.900000e-02 4.574206e-14 4.113022e-07
3.000000e-02 3.756067e-14 2.684283e-07
3.100000e-02 2.928300e-14 1.520986e-07
3.200000e-02 2.093334e-14 6.546107e-08
3.300000e-02 1.253208e-14 1.176885e-08
3.400000e-02 4.087442e-15 5.620181e-09
3.500000e-02 4.380177e-15 1.658945e-08
3.600000e-02 1.285127e-14 7.824015e-08
3.700000e-02 2.131455e-14 1.758779e-07
3.800000e-02 2.974444e-14 3.060182e-07
3.900000e-02 3.813356e-14 4.652820e-07
4.000000e-02 4.646197e-14 6.503965e-07
4.100000e-02 5.470884e-14 8.581947e-07
4.200000e-02 6.285857e-14 1.085616e-06
4.300000e-02 7.089641e-14 1.329706e-06
4.400000e-02 7.880675e-14 1.587618e-06
4.500000e-02 8.657138e-14 1.856611e-06
4.600000e-02 9.418334e-14 2.134052e-06
4.700000e-02 1.016140e-13 2.417413e-06
4.800000e-02 1.088539e-13 2.704278e-06
4.900000e-02 1.158882e-13 2.992333e-06
5.000000e-02 1.227057e-13 3.279377e-06
5.100000e-02 1.292777e-13 3.563315e-06
5.200000e-02 1.356042e-13 3.842159e-06
5.300000e-02 1.416766e-13 4.114032e-06
5.400000e-02 1.474654e-13 4.377164e-06
5.500000e-02 1.529610e-13 4.629897e-06
5.600000e-02 1.581686e-13 4.870678e-06
5.700000e-02 1.630536e-13 5.098067e-06
5.800000e-02 1.676315e-13 5.310733e-06
5.900000e-02 1.718712e-13 5.507455e-06
6.000000e-02 1.757743e-13 5.687122e-06
6.100000e-02 1.793201e-13 5.848733e-06
6.200000e-02 1.825241e-13 5.991400e-06
6.300000e-02 1.853327e-13 6.114344e-06
6.400000e-02 1.877994e-13 6.216899e-06
6.500000e-02 1.898828e-13 6.298510e-06
6.600000e-02 1.915829e-13 6.358735e-06
6.700000e-02 1.928787e-13 6.397243e-06
6.800000e-02 1.937964e-13 6.413815e-06
6.900000e-02 1.943012e-13 6.408348e-06
7.000000e-02 1.944313e-13 6.380850e-06
7.100000e-02 1.941503e-13 6.331442e-06
7.200000e-02 1.934460e-13 6.260360e-06
7.300000e-02 1.923964e-13 6.167954e-06
7.400000e-02 1.909219e-13 6.054688e-06
7.500000e-02 1.890398e-13 5.921141e-06
7.600000e-02 1.867586e-13 5.768008e-06
7.700000e-02 1.841027e-13 5.596099e-06
7.800000e-02 1.810184e-13 5.406338e-06
7.900000e-02 1.776079e-13 5.199768e-06
8.000000e-02 1.737603e-13 4.977546e-06
8.100000e-02 1.695866e-13 4.740947e-06
8.200000e-02 1.650242e-13 4.491364e-06
8.300000e-02 1.601046e-13 4.230305e-06
8.400000e-02 1.548518e-13 3.959398e-06
8.500000e-02 1.492417e-13 3.680390e-06
8.600000e-02 1.433263e-13 3.395143e-06
8.700000e-02 1.370327e-13 3.105641e-06
8.800000e-02 1.304894e-13 2.813986e-06
8.900000e-02 1.236129e-13 2.522400e-06
9.000000e-02 1.164659e-13 2.233226e-06
9.100000e-02 1.090621e-13 1.948926e-06
9.200000e-02 1.013530e-13 1.672083e-06
9.300000e-02 9.345649e-14 1.405402e-06
9.400000e-02 8.529635e-14 1.151709e-06
9.500000e-02 7.693152e-14 9.139510e-07
9.600000e-02 6.834810e-14 6.951994e-07
9.700000e-02 5.960163e-14 4.986471e-07
9.800000e-02 5.068862e-14 3.276102e-07
9.900000e-02 4.164030e-14 1.855286e-07
1.000000e-01 3.244974e-14 7.596602e-08
1.010000e-01 2.315509e-14 2.610466e-09
1.020000e-01 1.373901e-14 3.072518e-08
1.030000e-01 4.267420e-15 2.010293e-08
1.040000e-01 5.259682e-15 3.829718e-08
1.050000e-01 1.484576e-14 1.439757e-07
1.060000e-01 2.439715e-14 2.926757e-07
1.070000e-01 3.402487e-14 4.801363e-07
1.080000e-01 4.359707e-14 7.022241e-07
1.090000e-01 5.313805e-14 9.549332e-07
1.100000e-01 6.260270e-14 1.234386e-06
1.110000e-01 7.203266e-14 1.536833e-06
1.120000e-01 8.132384e-14 1.858655e-06
1.130000e-01 9.051787e-14 2.196360e-06
1.140000e-01 9.954537e-14 2.546587e-06
1.150000e-01 1.084619e-13 2.906106e-06
1.160000e-01 1.171979e-13 3.271818e-06
1.170000e-01 1.257397e-13 3.640752e-06
1.180000e-01 1.340386e-13 4.010073e-06
1.190000e-01 1.421294e-13 4.377075e-06
1.200000e-01 1.499842e-13 4.739186e-06
1.210000e-01 1.576239e-13 5.093966e-06
1.220000e-01 1.649236e-13 5.439108e-06
1.230000e-01 1.719250e-13 5.772442e-06
1.240000e-01 1.786626e-13 6.091928e-06
1.250000e-01 1.850117e-13 6.395663e-06
1.260000e-01 1.910277e-13 6.681881e-06
1.270000e-01 1.967385e-13 6.948947e-06
1.280000e-01 2.020190e-13 7.195368e-06
1.290000e-01 2.069803e-13 7.419782e-06
1.300000e-01 2.115391e-13 7.620968e-06
1.310000e-01 2.156053e-13 7.797841e-06
1.320000e-01 2.193384e-13 7.949454e-06
1.330000e-01 2.225997e-13 8.074999e-06
1.340000e-01 2.254447e-13 8.173807e-06
1.350000e-01 2.278386e-13 8.245348e-06
1.360000e-01 2.297745e-13 8.289232e-06
1.370000e-01 2.312317e-13 8.305209e-06
1.380000e-01 2.322378e-13 8.293171e-06
1.390000e-01 2.327652e-13 8.253150e-06
1.400000e-01 2.328346e-13 8.185321e-06
1.410000e-01 2.323905e-13 8.090001e-06
1.420000e-01 2.314746e-13 7.967648e-06
1.430000e-01 2.301354e-13 7.818865e-06
1.440000e-01 2.282202e-13 7.644400e-06
1.450000e-01 2.258888e-13 7.445141e-06
1.460000e-01 2.230299e-13 7.222125e-06
1.470000e-01 2.196715e-13 6.976531e-06
1.480000e-01 2.158412e-13 6.709686e-06
1.490000e-01 2.115530e-13 6.423062e-06
1.500000e-01 2.067999e-13 6.118276e-06
1.510000e-01 2.015541e-13 5.797095e-06
1.520000e-01 1.958850e-13 5.461432e-06
1.530000e-01 1.897441e-13 5.113347e-06
1.540000e-01 1.831521e-13 4.755050e-06
1.550000e-01 1.761924e-13 4.388899e-06
1.560000e-01 1.687678e-13 4.017403e-06
1.570000e-01 1.608991e-13 3.643219e-06
1.580000e-01 1.527112e-13 3.269155e-06
1.590000e-01 1.440514e-13 2.898170e-06
1.600000e-01 1.351419e-13 2.533375e-06
1.610000e-01 1.257883e-13 2.178031e-06
1.620000e-01 1.161432e-13 1.835553e-06
1.630000e-01 1.061651e-13 1.509508e-06
1.640000e-01 9.586776e-14 1.203615e-06
1.650000e-01 8.532064e-14 9.217498e-07
1.660000e-01 7.442658e-14 6.679395e-07
1.670000e-01 6.335210e-14 4.463668e-07
1.680000e-01 5.211109e-14 2.613695e-07
1.690000e-01 4.056477e-14 1.174409e-07
1.700000e-01 2.887968e-14 1.923028e-08
1.710000e-01 1.700029e-14 2.845664e-08
1.720000e-01 4.968248e-15 2.065719e-08
1.730000e-01 7.091550e-15 4.738275e-08
1.740000e-01 1.934564e-14 1.747892e-07
1.750000e-01 3.162748e-14 3.562281e-07
1.760000e-01 4.392320e-14 5.863953e-07
1.770000e-01 5.623280e-14 8.601460e-07
1.780000e-01 6.852852e-14 1.172495e-06
1.790000e-01 8.086587e-14 1.518617e-06
1.800000e-01 9.306445e-14 1.893848e-06
1.810000e-01 1.051381e-13 2.293683e-06
1.820000e-01 1.173089e-13 2.713782e-06
1.830000e-01 1.291883e-13 3.149963e-06
1.840000e-01 1.409428e-13 3.598208e-06
1.850000e-01 1.524614e-13 4.054662e-06
1.860000e-01 1.638828e-13 4.515634e-06
1.870000e-01 1.750267e-13 4.977594e-06
1.880000e-01 1.858652e-13 5.437177e-06
1.890000e-01 1.964678e-13 5.891185e-06
1.900000e-01 2.066819e-13 6.336581e-06
1.910000e-01 2.166461e-13 6.770496e-06
1.920000e-01 2.262357e-13 7.190225e-06
1.930000e-01 2.354228e-13 7.593230e-06
1.940000e-01 2.442491e-13 7.977139e-06
1.950000e-01 2.526451e-13 8.339747e-06
1.960000e-01 2.606110e-13 8.679018e-06
1.970000e-01 2.681466e-13 8.993081e-06
1.980000e-01 2.750994e-13 9.280233e-06
1.990000e-01 2.816219e-13 9.538943e-06
2.000000e-01 2.875894e-13 9.767845e-06
2.010000e-01 2.931128e-13 9.965745e-06
2.020000e-01 2.979977e-13 1.013162e-05
2.030000e-01 3.022860e-13 1.026460e-05
2.040000e-01 3.060191e-13 1.036402e-05
2.050000e-01 3.091277e-13 1.042935e-05
2.060000e-01 3.116812e-13 1.046026e-05
2.070000e-01 3.135409e-13 1.045656e-05
2.080000e-01 3.149009e-13 1.041827e-05
2.090000e-01 3.154421e-13 1.034555e-05
2.100000e-01 3.154282e-13 1.023874e-05
2.110000e-01 3.146788e-13 1.009837e-05
2.120000e-01 3.133466e-13 9.925116e-06
2.130000e-01 3.113065e-13 9.719851e-06
2.140000e-01 3.087253e-13 9.483609e-06
2.150000e-01 3.052558e-13 9.217602e-06
2.160000e-01 3.011619e-13 8.923215e-06
2.170000e-01 2.964157e-13 8.602010e-06
2.180000e-01 2.911837e-13 8.255720e-06
2.190000e-01 2.850498e-13 7.886256e-06
2.200000e-01 2.784439e-13 7.495706e-06
2.210000e-01 2.709777e-13 7.086330e-06
2.220000e-01 2.628453e-13 6.660566e-06
2.230000e-01 2.542411e-13 6.221030e-06
2.240000e-01 2.449013e-13 5.770511e-06
2.250000e-01 2.350065e-13 5.311979e-06
2.260000e-01 2.245426e-13 4.848577e-06
2.270000e-01 2.133571e-13 4.383629e-06
2.280000e-01 2.016443e-13 3.920634e-06
2.290000e-01 1.892653e-13 3.463269e-06
2.300000e-01 1.765810e-13 3.015392e-06
2.310000e-01 1.632305e-13 2.581036e-06
2.320000e-01 1.495193e-13 2.164413e-06
2.330000e-01 1.351974e-13 1.769915e-06
2.340000e-01 1.204037e-13 1.402112e-06
2.350000e-01 1.050826e-13 1.065752e-06
2.360000e-01 8.967826e-14 7.657655e-07
2.370000e-01 7.363554e-14 5.072588e-07
2.380000e-01 5.742629e-14 2.955195e-07
2.390000e-01 4.068967e-14 1.360146e-07
2.400000e-01 2.389755e-14 3.439104e-08
2.410000e-01 6.439294e-15 3.524386e-09
2.420000e-01 1.076916e-14 2.777966e-08
2.430000e-01 2.842171e-14 1.271535e-07
2.440000e-01 4.624079e-14 2.886409e-07
2.450000e-01 6.408762e-14 5.063530e-07
2.460000e-01 8.201773e-14 7.745815e-07
2.470000e-01 1.001144e-13 1.087799e-06
2.480000e-01 1.180167e-13 1.440658e-06
2.490000e-01 1.361689e-13 1.827993e-06
2.500000e-01 1.542100e-13 2.244818e-06
2.510000e-01 1.721123e-13 2.686329e-06
2.520000e-01 1.898481e-13 3.147903e-06
2.530000e-01 2.074452e-13 3.625096e-06
2.540000e-01 2.248202e-13 4.113649e-06
2.550000e-01 2.419731e-13 4.609479e-06
2.560000e-01 2.588763e-13 5.108689e-06
2.570000e-01 2.753631e-13 5.607559e-06
2.580000e-01 2.915723e-13 6.102551e-06
2.590000e-01 3.072820e-13 6.590311e-06
2.600000e-01 3.228806e-13 7.067661e-06
2.610000e-01 3.375911e-13 7.531608e-06
2.620000e-01 3.519685e-13 7.979338e-06
2.630000e-01 3.658185e-13 8.408217e-06
2.640000e-01 3.790024e-13 8.815794e-06
2.650000e-01 3.917144e-13 9.199796e-06
2.660000e-01 4.036493e-13 9.558133e-06
2.670000e-01 4.148903e-13 9.888894e-06
2.680000e-01 4.254375e-13 1.019035e-05
2.690000e-01 4.352629e-13 1.046094e-05
2.700000e-01 4.443113e-13 1.069931e-05
2.710000e-01 4.524714e-13 1.090426e-05
2.720000e-01 4.599932e-13 1.107479e-05
2.730000e-01 4.662937e-13 1.121005e-05
2.740000e-01 4.720946e-13 1.130940e-05
2.750000e-01 4.768685e-13 1.137236e-05
2.760000e-01 4.805600e-13 1.139864e-05
2.770000e-01 4.834744e-13 1.138813e-05
2.780000e-01 4.851397e-13 1.134089e-05
2.790000e-01 4.860279e-13 1.125715e-05
2.800000e-01 4.857781e-13 1.113735e-05
2.810000e-01 4.845291e-13 1.098207e-05
2.820000e-01 4.822531e-13 1.079208e-05
2.830000e-01 4.789780e-13 1.056835e-05
2.840000e-01 4.745926e-13 1.031199e-05
2.850000e-01 4.692358e-13 1.002432e-05
2.860000e-01 4.625744e-13 9.706811e-06
2.870000e-01 4.550804e-13 9.361118e-06
2.880000e-01 4.463374e-13 8.989075e-06
2.890000e-01 4.366230e-13 8.592687e-06
2.900000e-01 4.257983e-13 8.174136e-06
2.910000e-01 4.139467e-13 7.735776e-06
2.920000e-01 4.009293e-13 7.280136e-06
2.930000e-01 3.869127e-13 6.809919e-06
2.940000e-01 3.719525e-13 6.327998e-06
2.950000e-01 3.558820e-13 5.837422e-06
2.960000e-01 3.387846e-13 5.341408e-06
2.970000e-01 3.207157e-13 4.843348e-06
2.980000e-01 3.018141e-13 4.346804e-06
2.990000e-01 2.818856e-13 3.855505e-06
3.000000e-01 2.608469e-13 3.373356e-06
3.010000e-01 2.392253e-13 2.904425e-06
3.020000e-01 2.166600e-13 2.452954e-06
3.030000e-01 1.931233e-13 2.023348e-06
3.040000e-01 1.689482e-13 1.620185e-06
3.050000e-01 1.441069e-13 1.248205e-06
3.060000e-01 1.183498e-13 9.123169e-07
3.070000e-01 9.225953e-14 6.175954e-07
3.080000e-01 6.522560e-14 3.692792e-07
3.090000e-01 3.771983e-14 1.727716e-07
3.100000e-01 9.714451e-15 3.363951e-08
3.110000e-01 1.890155e-14 4.291023e-08
3.120000e-01 4.779510e-14 5.784932e-08
3.130000e-01 7.693846e-14 1.620613e-08
3.140000e-01 1.066092e-13 7.707538e-08
3.150000e-01 1.365852e-13 2.172112e-07
3.160000e-01 1.665890e-13 3.995763e-07
3.170000e-01 1.968148e-13 6.197040e-07
3.180000e-01 2.272627e-13 8.732853e-07
3.190000e-01 2.576273e-13 1.156167e-06
3.200000e-01 2.877421e-13 1.464354e-06
3.210000e-01 3.180511e-13 1.794002e-06
3.220000e-01 3.481382e-13 2.141425e-06
3.230000e-01 3.778922e-13 2.503088e-06
3.240000e-01 4.074519e-13 2.875607e-06
3.250000e-01 4.366507e-13 3.255751e-06
3.260000e-01 4.654055e-13 3.640440e-06
3.270000e-01 4.932443e-13 4.026742e-06
3.280000e-01 5.212775e-13 4.411871e-06
3.290000e-01 5.483114e-13 4.793193e-06
3.300000e-01 5.743461e-13 5.168217e-06
3.310000e-01 6.000200e-13 5.534597e-06
3.320000e-01 6.248890e-13 5.890134e-06
3.330000e-01 6.483980e-13 6.232768e-06
3.340000e-01 6.714351e-13 6.560583e-06
3.350000e-01 6.931677e-13 6.871805e-06
3.360000e-01 7.140122e-13 7.164797e-06
3.370000e-01 7.334966e-13 7.438062e-06
3.380000e-01 7.518985e-13 7.690239e-06
3.390000e-01 7.690515e-13 7.920105e-06
3.400000e-01 7.845946e-13 8.126570e-06
3.410000e-01 7.990553e-13 8.308678e-06
3.420000e-01 8.117396e-13 8.465606e-06
3.430000e-01 8.232304e-13 8.596662e-06
3.440000e-01 8.330003e-13 8.701281e-06
3.450000e-01 8.414380e-13 8.779031e-06
3.460000e-01 8.478773e-13 8.829603e-06
3.470000e-01 8.523737e-13 8.852816e-06
3.480000e-01 8.557044e-13 8.848612e-06
3.490000e-01 8.569812e-13 8.817057e-06
3.500000e-01 8.564260e-13 8.758338e-06
3.510000e-01 8.540391e-13 8.672760e-06
3.520000e-01 8.499867e-13 8.560751e-06
3.530000e-01 8.437140e-13 8.422852e-06
3.540000e-01 8.355538e-13 8.259722e-06
3.550000e-01 8.256174e-13 8.072131e-06
3.560000e-01 8.134604e-13 7.860966e-06
3.570000e-01 7.993606e-13 7.627221e-06
3.580000e-01 7.835399e-13 7.372000e-06
3.590000e-01 7.655543e-13 7.096518e-06
3.600000e-01 7.454592e-13 6.802090e-06
3.610000e-01 7.236434e-13 6.490142e-06
3.620000e-01 6.996626e-13 6.162198e-06
3.630000e-01 6.738499e-13 5.819885e-06
3.640000e-01 6.458167e-13 5.464929e-06
3.650000e-01 6.161183e-13 5.099153e-06
3.660000e-01 5.844769e-13 4.724477e-06
3.670000e-01 5.507816e-13 4.342915e-06
3.680000e-01 5.153655e-13 3.956571e-06
3.690000e-01 4.777290e-13 3.567642e-06
3.700000e-01 4.390377e-13 3.178412e-06
3.710000e-01 3.981815e-13 2.791253e-06
3.720000e-01 3.557710e-13 2.408621e-06
3.730000e-01 3.115286e-13 2.033053e-06
3.740000e-01 2.657874e-13 1.667171e-06
3.750000e-01 2.184919e-13 1.313673e-06
3.760000e-01 1.700307e-13 9.753348e-07
3.770000e-01 1.203482e-13 6.550066e-07
3.780000e-01 6.922241e-14 3.556122e-07
3.790000e-01 1.648681e-14 8.014625e-08
3.800000e-01 3.680389e-14 1.685787e-07
3.810000e-01 9.159340e-14 3.903672e-07
3.820000e-01 1.468270e-13 5.865870e-07
3.830000e-01 2.030043e-13 7.585666e-07
3.840000e-01 2.602363e-13 9.075739e-07
3.850000e-01 3.179124e-13 1.034819e-06
3.860000e-01 3.760325e-13 1.141456e-06
3.870000e-01 4.345413e-13 1.228585e-06
3.880000e-01 4.931056e-13 1.297255e-06
3.890000e-01 5.524470e-13 1.348466e-06
3.900000e-01 6.112333e-13 1.383172e-06
3.910000e-01 6.703527e-13 1.402280e-06
3.920000e-01 7.289169e-13 1.406657e-06
3.930000e-01 7.875367e-13 1.397131e-06
3.940000e-01 8.451573e-13 1.374490e-06
3.950000e-01 9.028334e-13 1.339490e-06
3.960000e-01 9.593992e-13 1.292851e-06
3.970000e-01 1.015077e-12 1.235266e-06
3.980000e-01 1.069755e-12 1.167400e-06
3.990000e-01 1.123379e-12 1.089892e-06
4.000000e-01 1.175504e-12 1.003359e-06
4.010000e-01 1.226796e-12 9.083974e-07
4.020000e-01 1.275813e-12 8.055882e-07
4.030000e-01 1.323386e-12 6.954959e-07
4.040000e-01 1.369072e-12 5.786736e-07
4.050000e-01 1.412981e-12 4.556650e-07
4.060000e-01 1.454392e-12 3.270070e-07
4.070000e-01 1.493916e-12 1.932323e-07
4.080000e-01 1.530942e-12 5.487275e-08
4.090000e-01 1.565637e-12 8.753874e-08
4.100000e-01 1.597000e-12 2.334648e-07
4.110000e-01 1.626255e-12 3.823612e-07
4.120000e-01 1.652456e-12 5.336736e-07
4.130000e-01 1.675327e-12 6.868351e-07
4.140000e-01 1.695144e-12 8.412632e-07
4.150000e-01 1.712130e-12 9.963568e-07
4.160000e-01 1.725287e-12 1.151494e-06
4.170000e-01 1.735223e-12 1.306027e-06
4.180000e-01 1.741385e-12 1.459282e-06
4.190000e-01 1.743772e-12 1.610555e-06
4.200000e-01 1.742551e-12 1.759108e-06
4.210000e-01 1.737499e-12 1.904167e-06
4.220000e-01 1.728506e-12 2.044919e-06
4.230000e-01 1.715406e-12 2.180507e-06
4.240000e-01 1.698253e-12 2.310029e-06
4.250000e-01 1.677047e-12 2.432535e-06
4.260000e-01 1.651734e-12 2.547024e-06
4.270000e-01 1.622091e-12 2.652436e-06
4.280000e-01 1.588119e-12 2.747657e-06
4.290000e-01 1.549871e-12 2.831508e-06
4.300000e-01 1.507128e-12 2.902749e-06
4.310000e-01 1.460276e-12 2.960068e-06
4.320000e-01 1.409151e-12 3.002084e-06
4.330000e-01 1.353306e-12 3.027341e-06
4.340000e-01 1.293299e-12 3.034304e-06
4.350000e-01 1.229405e-12 3.021357e-06
4.360000e-01 1.160516e-12 2.986801e-06
4.370000e-01 1.088130e-12 2.928846e-06
4.380000e-01 1.010914e-12 2.845611e-06
4.390000e-01 9.304224e-13 2.735122e-06
4.400000e-01 8.448797e-13 2.595304e-06
4.410000e-01 7.561729e-13 2.423981e-06
4.420000e-01 6.631917e-13 2.218870e-06
4.430000e-01 5.666023e-13 1.977581e-06
4.440000e-01 4.662937e-13 1.697610e-06
4.450000e-01 3.628764e-13 1.376337e-06
4.460000e-01 2.558509e-13 1.011020e-06
4.470000e-01 1.454947e-13 5.987973e-07
4.480000e-01 3.169687e-14 1.366763e-07
4.490000e-01 8.448797e-14 3.778643e-07
4.500000e-01 2.036704e-13 9.417781e-07
4.510000e-01 3.250178e-13 1.549005e-06
4.520000e-01 4.488077e-13 2.193596e-06
4.530000e-01 5.749845e-13 2.869744e-06
4.540000e-01 7.030487e-13 3.571796e-06
4.550000e-01 8.325007e-13 4.294249e-06
4.560000e-01 9.637846e-13 5.031761e-06
4.570000e-01 1.095901e-12 5.779148e-06
4.580000e-01 1.229294e-12 6.531394e-06
4.590000e-01 1.363021e-12 7.283649e-06
4.600000e-01 1.497580e-12 8.031239e-06
4.610000e-01 1.631584e-12 8.769666e-06
4.620000e-01 1.766087e-12 9.494611e-06
4.630000e-01 1.899925e-12 1.020194e-05
4.640000e-01 2.032985e-12 1.088772e-05
4.650000e-01 2.164602e-12 1.154818e-05
4.660000e-01 2.295664e-12 1.217979e-05
4.670000e-01 2.424172e-12 1.277918e-05
4.680000e-01 2.551181e-12 1.334321e-05
4.690000e-01 2.675915e-12 1.386894e-05
4.700000e-01 2.797484e-12 1.435365e-05
4.710000e-01 2.916223e-12 1.479483e-05
4.720000e-01 3.031964e-12 1.519019e-05
4.730000e-01 3.142986e-12 1.553767e-05
4.740000e-01 3.250622e-12 1.583546e-05
4.750000e-01 3.353706e-12 1.608194e-05
4.760000e-01 3.452016e-12 1.627576e-05
4.770000e-01 3.545664e-12 1.641581e-05
4.780000e-01 3.633371e-12 1.650123e-05
4.790000e-01 3.714751e-12 1.653140e-05
4.800000e-01 3.791301e-12 1.650595e-05
4.810000e-01 3.860523e-12 1.642480e-05
4.820000e-01 3.922807e-12 1.628810e-05
4.830000e-01 3.978096e-12 1.609629e-05
4.840000e-01 4.026612e-12 1.585008e-05
4.850000e-01 4.066858e-12 1.555045e-05
4.860000e-01 4.099221e-12 1.519866e-05
4.870000e-01 4.122980e-12 1.479628e-05
4.880000e-01 4.138190e-12 1.434514e-05
4.890000e-01 4.144629e-12 1.384739e-05
4.900000e-01 4.141743e-12 1.330546e-05
4.910000e-01 4.129308e-12 1.272209e-05
4.920000e-01 4.107381e-12 1.210035e-05
4.930000e-01 4.075296e-12 1.144359e-05
4.940000e-01 4.033163e-12 1.075549e-05
4.950000e-01 3.980760e-12 1.004008e-05
4.960000e-01 3.918310e-12 9.301665e-06
4.970000e-01 3.844425e-12 8.544925e-06
4.980000e-01 3.760325e-12 7.774856e-06
4.990000e-01 3.665013e-12 6.996801e-06
5.000000e-01 3.558431e-12 6.216446e-06
5.010000e-01 3.441247e-12 5.439828e-06
5.020000e-01 3.312461e-12 4.673338e-06
5.030000e-01 3.172795e-12 3.923727e-06
5.040000e-01 3.021916e-12 3.198111e-06
5.050000e-01 2.859546e-12 2.503972e-06
5.060000e-01 2.685963e-12 1.849167e-06
5.070000e-01 2.501499e-12 1.241932e-06
5.080000e-01 2.305545e-12 6.908847e-07
5.090000e-01 2.098377e-12 2.050294e-07
5.100000e-01 1.880607e-12 2.062359e-07
5.110000e-01 1.652734e-12 5.331167e-07
5.120000e-01 1.413869e-12 7.654169e-07
5.130000e-01 1.164624e-12 8.925336e-07
5.140000e-01 9.053314e-13 9.034529e-07
5.150000e-01 6.364909e-13 7.867449e-07
5.160000e-01 3.583800e-13 5.305586e-07
5.170000e-01 7.061018e-14 1.226178e-07
5.180000e-01 2.259304e-13 4.476266e-07
5.190000e-01 5.299650e-13 1.172907e-06
5.200000e-01 8.426593e-13 2.037219e-06
5.210000e-01 1.162626e-12 3.024933e-06
5.220000e-01 1.489753e-12 4.120869e-06
5.230000e-01 1.823208e-12 5.310302e-06
5.240000e-01 2.162548e-12 6.578965e-06
5.250000e-01 2.507439e-12 7.913058e-06
5.260000e-01 2.856881e-12 9.299248e-06
5.270000e-01 3.210709e-12 1.072467e-05
5.280000e-01 3.567424e-12 1.217696e-05
5.290000e-01 3.927303e-12 1.364420e-05
5.300000e-01 4.289458e-12 1.511500e-05
5.310000e-01 4.652556e-12 1.657843e-05
5.320000e-01 5.016321e-12 1.802408e-05
5.330000e-01 5.379863e-12 1.944204e-05
5.340000e-01 5.741907e-12 2.082290e-05
5.350000e-01 6.102507e-12 2.215776e-05
5.360000e-01 6.460110e-12 2.343826e-05
5.370000e-01 6.814216e-12 2.465652e-05
5.380000e-01 7.162992e-12 2.580524e-05
5.390000e-01 7.506606e-12 2.687761e-05
5.400000e-01 7.844447e-12 2.786739e-05
5.410000e-01 8.173573e-12 2.876884e-05
5.420000e-01 8.495038e-12 2.957680e-05
5.430000e-01 8.806789e-12 3.028666e-05
5.440000e-01 9.107548e-12 3.089435e-05
5.450000e-01 9.397649e-12 3.139638e-05
5.460000e-01 9.674261e-12 3.178981e-05
5.470000e-01 9.937495e-12 3.207227e-05
5.480000e-01 1.018730e-11 3.224198e-05
5.490000e-01 1.042111e-11 3.229773e-05
5.500000e-01 1.063705e-11 3.223890e-05
5.510000e-01 1.083594e-11 3.206545e-05
5.520000e-01 1.101580e-11 3.177796e-05
5.530000e-01 1.117606e-11 3.137757e-05
5.540000e-01 1.131611e-11 3.086606e-05
5.550000e-01 1.143363e-11 3.024581e-05
5.560000e-01 1.152828e-11 2.951980e-05
5.570000e-01 1.159950e-11 2.869164e-05
5.580000e-01 1.164535e-11 2.776556e-05
5.590000e-01 1.166589e-11 2.674643e-05
5.600000e-01 1.165995e-11 2.563972e-05
5.610000e-01 1.162587e-11 2.445159e-05
5.620000e-01 1.156442e-11 2.318879e-05
5.630000e-01 1.147338e-11 2.185874e-05
5.640000e-01 1.135192e-11 2.046952e-05
5.650000e-01 1.120121e-11 1.902985e-05
5.660000e-01 1.101741e-11 1.754911e-05
5.670000e-01 1.080180e-11 1.603737e-05
5.680000e-01 1.055395e-11 1.450534e-05
5.690000e-01 1.027239e-11 1.296441e-05
5.700000e-01 9.958590e-12 1.142668e-05
5.710000e-01 9.609313e-12 9.904881e-06
5.720000e-01 9.225509e-12 8.412477e-06
5.730000e-01 8.807510e-12 6.963602e-06
5.740000e-01 8.353263e-12 5.573095e-06
5.750000e-01 7.864598e-12 4.256492e-06
5.760000e-01 7.340573e-12 3.030038e-06
5.770000e-01 6.780743e-12 1.910689e-06
5.780000e-01 6.185996e-12 9.161113e-07
5.790000e-01 5.555445e-12 6.469502e-08
5.800000e-01 4.890088e-12 6.244488e-07
5.810000e-01 4.189538e-12 1.131481e-06
5.820000e-01 3.454903e-12 1.435830e-06
5.830000e-01 2.686351e-12 1.516188e-06
5.840000e-01 1.884382e-12 1.350508e-06
5.850000e-01 1.049771e-12 9.159958e-07
5.860000e-01 1.831313e-13 1.891108e-07
5.870000e-01 7.146506e-13 8.499554e-07
5.880000e-01 1.642242e-12 2.187864e-06
5.890000e-01 2.599199e-12 3.796546e-06
5.900000e-01 3.584189e-12 5.648616e-06
5.910000e-01 4.595213e-12 7.717461e-06
5.920000e-01 5.631884e-12 9.977240e-06
5.930000e-01 6.691814e-12 1.240289e-05
5.940000e-01 7.775114e-12 1.497012e-05
5.950000e-01 8.877565e-12 1.765545e-05
5.960000e-01 9.999057e-12 2.043615e-05
5.970000e-01 1.113781e-11 2.329032e-05
5.980000e-01 1.229022e-11 2.619684e-05
5.990000e-01 1.345646e-11 2.913538e-05
6.000000e-01 1.463085e-11 3.208644e-05
6.010000e-01 1.581513e-11 3.503131e-05
6.020000e-01 1.700379e-11 3.795208e-05
6.030000e-01 1.819550e-11 4.083169e-05
6.040000e-01 1.938810e-11 4.365386e-05
6.050000e-01 2.057765e-11 4.640316e-05
6.060000e-01 2.175987e-11 4.906498e-05
6.070000e-01 2.293682e-11 5.162552e-05
6.080000e-01 2.410033e-11 5.407185e-05
6.090000e-01 2.524847e-11 5.639183e-05
6.100000e-01 2.638145e-11 5.857419e-05
6.110000e-01 2.749129e-11 6.060850e-05
6.120000e-01 2.857531e-11 6.248517e-05
6.130000e-01 2.963302e-11 6.419545e-05
6.140000e-01 3.065731e-11 6.573145e-05
6.150000e-01 3.164613e-11 6.708614e-05
6.160000e-01 3.259587e-11 6.825335e-05
6.170000e-01 3.350242e-11 6.922775e-05
6.180000e-01 3.436335e-11 7.000490e-05
6.190000e-01 3.517520e-11 7.058120e-05
6.200000e-01 3.592859e-11 7.095395e-05
6.210000e-01 3.662437e-11 7.112129e-05
6.220000e-01 3.725892e-11 7.108226e-05
6.230000e-01 3.782891e-11 7.083677e-05
6.240000e-01 3.832523e-11 7.038560e-05
6.250000e-01 3.875106e-11 6.973043e-05
6.260000e-01 3.909689e-11 6.887382e-05
6.270000e-01 3.936124e-11 6.781920e-05
6.280000e-01 3.953982e-11 6.657091e-05
6.290000e-01 3.962780e-11 6.513418e-05
6.300000e-01 3.962325e-11 6.351513e-05
6.310000e-01 3.952211e-11 6.172077e-05
6.320000e-01 3.931816e-11 5.975903e-05
6.330000e-01 3.901113e-11 5.763872e-05
6.340000e-01 3.859774e-11 5.536956e-05
6.350000e-01 3.806924e-11 5.296218e-05
6.360000e-01 3.743034e-11 5.042811e-05
6.370000e-01 3.667086e-11 4.777979e-05
6.380000e-01 3.579489e-11 4.503057e-05
6.390000e-01 3.478912e-11 4.219472e-05
6.400000e-01 3.366421e-11 3.928740e-05
6.410000e-01 3.240760e-11 3.632473e-05
6.420000e-01 3.102130e-11 3.332369e-05
6.430000e-01 2.950323e-11 3.030223e-05
6.440000e-01 2.784989e-11 2.727918e-05
6.450000e-01 2.606113e-11 2.427432e-05
6.460000e-01 2.413461e-11 2.130833e-05
6.470000e-01 2.207132e-11 1.840283e-05
6.480000e-01 1.986775e-11 1.558035e-05
6.490000e-01 1.752601e-11 1.286435e-05
6.500000e-01 1.504388e-11 1.027922e-05
6.510000e-01 1.242242e-11 7.850276e-06
6.520000e-01 9.662549e-12 5.603756e-06
6.530000e-01 6.764617e-12 3.566832e-06
6.540000e-01 3.729822e-12 1.767600e-06
6.550000e-01 5.598855e-13 2.350899e-07
6.560000e-01 2.743111e-12 1.006211e-06
6.570000e-01 6.176781e-12 1.967908e-06
6.580000e-01 9.738127e-12 2.676027e-06
6.590000e-01 1.342498e-11 3.155715e-06
6.600000e-01 1.723205e-11 3.431187e-06
6.610000e-01 2.115683e-11 3.525726e-06
6.620000e-01 2.519371e-11 3.461688e-06
6.630000e-01 2.933848e-11 3.260494e-06
6.640000e-01 3.358513e-11 2.942638e-06
6.650000e-01 3.792497e-11 2.527684e-06
6.660000e-01 4.235906e-11 2.034264e-06
6.670000e-01 4.687264e-11 1.480083e-06
6.680000e-01 5.146120e-11 8.819170e-07
6.690000e-01 5.611511e-11 2.556139e-07
6.700000e-01 6.082734e-11 3.839052e-07
6.710000e-01 6.559142e-11 1.022646e-06
6.720000e-01 7.039591e-11 1.647538e-06
6.730000e-01 7.523090e-11 2.246437e-06
6.740000e-01 8.008047e-11 2.808120e-06
6.750000e-01 8.494283e-11 3.322288e-06
6.760000e-01 8.979589e-11 3.779561e-06
6.770000e-01 9.463452e-11 4.171479e-06
6.780000e-01 9.945061e-11 4.490500e-06
6.790000e-01 1.042185e-10 4.729996e-06
6.800000e-01 1.089357e-10 4.884257e-06
6.810000e-01 1.135843e-10 4.948483e-06
6.820000e-01 1.181441e-10 4.918785e-06
6.830000e-01 1.226055e-10 4.792185e-06
6.840000e-01 1.269451e-10 4.566609e-06
6.850000e-01 1.311662e-10 4.240888e-06
6.860000e-01 1.352350e-10 3.814757e-06
6.870000e-01 1.391381e-10 3.288850e-06
6.880000e-01 1.428609e-10 2.664698e-06
6.890000e-01 1.463853e-10 1.944726e-06
6.900000e-01 1.496977e-10 1.132253e-06
6.910000e-01 1.527704e-10 2.314870e-07
6.920000e-01 1.555882e-10 7.524792e-07
6.930000e-01 1.581311e-10 1.813668e-06
6.940000e-01 1.603871e-10 2.945221e-06
6.950000e-01 1.623338e-10 4.139405e-06
6.960000e-01 1.639483e-10 5.387611e-06
6.970000e-01 1.652161e-10 6.680359e-06
6.980000e-01 1.661074e-10 8.007305e-06
6.990000e-01 1.666172e-10 9.357239e-06
7.000000e-01 1.667166e-10 1.071809e-05
7.010000e-01 1.663952e-10 1.207694e-05
7.020000e-01 1.656219e-10 1.342002e-05
7.030000e-01 1.643752e-10 1.473269e-05
7.040000e-01 1.626559e-10 1.599949e-05
7.050000e-01 1.604277e-10 1.720412e-05
7.060000e-01 1.576861e-10 1.832944e-05
7.070000e-01 1.543939e-10 1.935747e-05
7.080000e-01 1.505534e-10 2.026943e-05
7.090000e-01 1.461368e-10 2.104569e-05
7.100000e-01 1.411277e-10 2.166583e-05
7.110000e-01 1.355167e-10 2.210860e-05
7.120000e-01 1.292848e-10 2.235195e-05
7.130000e-01 1.224233e-10 2.237304e-05
7.140000e-01 1.149066e-10 2.214822e-05
7.150000e-01 1.067312e-10 2.165306e-05
7.160000e-01 9.788982e-11 2.086234e-05
7.170000e-01 8.836398e-11 1.975006e-05
7.180000e-01 7.814763e-11 1.828945e-05
7.190000e-01 6.723647e-11 1.645299e-05
7.200000e-01 5.562192e-11 1.421237e-05
7.210000e-01 4.329559e-11 1.153854e-05
7.220000e-01 3.026061e-11 8.401702e-06
7.230000e-01 1.651204e-11 4.771315e-06
7.240000e-01 2.050637e-12 6.161014e-07
7.250000e-01 1.312209e-11 4.088144e-06
7.260000e-01 2.900283e-11 9.318946e-06
7.270000e-01 4.558291e-11 1.503673e-05
7.280000e-01 6.286222e-11 2.120261e-05
7.290000e-01 8.081719e-11 2.777839e-05
7.300000e-01 9.944359e-11 3.472657e-05
7.310000e-01 1.187325e-10 4.201033e-05
7.320000e-01 1.386587e-10 4.959354e-05
7.330000e-01 1.592066e-10 5.744074e-05
7.340000e-01 1.803522e-10 6.551713e-05
7.350000e-01 2.020682e-10 7.378857e-05
7.360000e-01 2.243458e-10 8.222156e-05
7.370000e-01 2.471134e-10 9.078325e-05
7.380000e-01 2.703799e-10 9.944142e-05
7.390000e-01 2.940874e-10 1.081645e-04
7.400000e-01 3.181959e-10 1.169214e-04
7.410000e-01 3.426844e-10 1.256818e-04
7.420000e-01 3.674825e-10 1.344160e-04
7.430000e-01 3.925478e-10 1.430947e-04
7.440000e-01 4.178400e-10 1.516894e-04
7.450000e-01 4.433107e-10 1.601719e-04
7.460000e-01 4.688526e-10 1.685149e-04
7.470000e-01 4.944357e-10 1.766913e-04
7.480000e-01 5.200144e-10 1.846748e-04
7.490000e-01 5.454979e-10 1.924396e-04
7.500000e-01 5.708104e-10 1.999603e-04
7.510000e-01 5.958784e-10 2.072122e-04
7.520000e-01 6.206220e-10 2.141708e-04
7.530000e-01 6.449821e-10 2.208125e-04
7.540000e-01 6.688776e-10 2.271138e-04
7.550000e-01 6.921220e-10 2.330519e-04
7.560000e-01 7.147503e-10 2.386044e-04
7.570000e-01 7.365404e-10 2.437494e-04
7.580000e-01 7.575165e-10 2.484654e-04
7.590000e-01 7.775036e-10 2.527313e-04
7.600000e-01 7.964387e-10 2.565264e-04
7.610000e-01 8.141735e-10 2.598306e-04
7.620000e-01 8.305791e-10 2.626240e-04
7.630000e-01 8.455802e-10 2.648871e-04
7.640000e-01 8.590490e-10 2.666009e-04
7.650000e-01 8.708746e-10 2.677467e-04
7.660000e-01 8.809026e-10 2.683061e-04
7.670000e-01 8.889837e-10 2.682610e-04
7.680000e-01 8.951364e-10 2.675938e-04
7.690000e-01 8.990728e-10 2.662872e-04
7.700000e-01 9.007212e-10 2.643240e-04
7.710000e-01 8.999422e-10 2.616875e-04
7.720000e-01 8.966707e-10 2.583612e-04
7.730000e-01 8.906255e-10 2.543289e-04
7.740000e-01 8.817542e-10 2.495746e-04
7.750000e-01 8.700073e-10 2.440825e-04
7.760000e-01 8.551924e-10 2.378372e-04
7.770000e-01 8.370774e-10 2.308235e-04
7.780000e-01 8.156233e-10 2.230261e-04
7.790000e-01 7.906807e-10 2.144303e-04
7.800000e-01 7.621283e-10 2.050214e-04
7.810000e-01 7.298545e-10 1.947847e-04
7.820000e-01 6.936745e-10 1.837060e-04
7.830000e-01 6.535187e-10 1.717709e-04
7.840000e-01 6.092338e-10 1.589653e-04
7.850000e-01 5.607596e-10 1.452753e-04
7.860000e-01 5.079466e-10 1.306869e-04
7.870000e-01 4.507002e-10 1.151862e-04
7.880000e-01 3.889332e-10 9.875949e-05
7.890000e-01 3.225299e-10 8.139306e-05
7.900000e-01 2.514233e-10 6.307323e-05
7.910000e-01 1.755383e-10 4.378634e-05
7.920000e-01 9.479643e-11 2.351874e-05
7.930000e-01 9.142853e-12 2.256809e-06
7.940000e-01 8.146582e-11 2.000238e-05
7.950000e-01 1.770708e-10 4.320296e-05
7.960000e-01 2.777045e-10 6.726913e-05
7.970000e-01 3.833754e-10 9.212515e-05
7.980000e-01 4.940729e-10 1.176953e-04
7.990000e-01 6.098296e-10 1.439041e-04
8.000000e-01 7.305561e-10 1.706760e-04
8.010000e-01 8.562509e-10 1.979357e-04
8.020000e-01 9.868659e-10 2.256080e-04
8.030000e-01 1.122207e-09 2.536178e-04
8.040000e-01 1.262450e-09 2.818902e-04
8.050000e-01 1.407209e-09 3.103506e-04
8.060000e-01 1.556464e-09 3.389244e-04
8.070000e-01 1.710103e-09 3.675375e-04
8.080000e-01 1.867839e-09 3.961157e-04
8.090000e-01 2.029372e-09 4.245853e-04
8.100000e-01 2.194919e-09 4.528727e-04
8.110000e-01 2.363854e-09 4.809048e-04
8.120000e-01 2.535908e-09 5.086086e-04
8.130000e-01 2.710989e-09 5.359114e-04
8.140000e-01 2.888728e-09 5.627410e-04
8.150000e-01 3.068626e-09 5.890255e-04
8.160000e-01 3.250384e-09 6.146933e-04
8.170000e-01 3.433745e-09 6.396732e-04
8.180000e-01 3.617824e-09 6.638944e-04
8.190000e-01 3.802600e-09 6.872865e-04
8.200000e-01 3.987442e-09 7.097797e-04
8.210000e-01 4.171751e-09 7.313044e-04
8.220000e-01 4.355180e-09 7.517915e-04
8.230000e-01 4.536724e-09 7.711727e-04
8.240000e-01 4.716044e-09 7.893798e-04
8.250000e-01 4.892304e-09 8.063453e-04
8.260000e-01 5.065007e-09 8.220023e-04
8.270000e-01 5.232997e-09 8.362843e-04
8.280000e-01 5.396009e-09 8.491255e-04
8.290000e-01 5.552867e-09 8.604606e-04
8.300000e-01 5.702957e-09 8.702250e-04
8.310000e-01 5.845117e-09 8.783546e-04
8.320000e-01 5.978634e-09 8.847861e-04
8.330000e-01 6.102439e-09 8.894567e-04
8.340000e-01 6.215684e-09 8.923044e-04
8.350000e-01 6.317339e-09 8.932678e-04
8.360000e-01 6.405904e-09 8.922863e-04
8.370000e-01 6.480612e-09 8.893000e-04
8.380000e-01 6.540286e-09 8.842497e-04
8.390000e-01 6.583877e-09 8.770770e-04
8.400000e-01 6.610008e-09 8.677243e-04
8.410000e-01 6.617459e-09 8.561348e-04
8.420000e-01 6.604823e-09 8.422526e-04
8.430000e-01 6.571148e-09 8.260224e-04
8.440000e-01 6.515027e-09 8.073900e-04
8.450000e-01 6.434566e-09 7.863020e-04
8.460000e-01 6.329254e-09 7.627058e-04
8.470000e-01 6.197085e-09 7.365499e-04
8.480000e-01 6.036818e-09 7.077836e-04
8.490000e-01 5.847256e-09 6.763571e-04
8.500000e-01 5.626883e-09 6.422217e-04
8.510000e-01 5.374071e-09 6.053296e-04
8.520000e-01 5.087492e-09 5.656341e-04
8.530000e-01 4.765351e-09 5.230893e-04
8.540000e-01 4.406706e-09 4.776506e-04
8.550000e-01 4.010136e-09 4.292743e-04
8.560000e-01 3.573936e-09 3.779179e-04
8.570000e-01 3.096702e-09 3.235398e-04
8.580000e-01 2.577221e-09 2.660997e-04
8.590000e-01 2.014200e-09 2.055583e-04
8.600000e-01 1.406159e-09 1.418776e-04
8.610000e-01 7.518836e-10 7.502062e-05
8.620000e-01 5.017042e-11 4.951627e-06
8.630000e-01 7.000978e-10 6.833154e-05
8.640000e-01 1.500112e-09 1.446705e-04
8.650000e-01 2.350747e-09 2.238568e-04
8.660000e-01 3.253061e-09 3.056806e-04
8.670000e-01 4.207764e-09 3.899308e-04
8.680000e-01 5.215810e-09 4.763951e-04
8.690000e-01 6.277759e-09 5.648597e-04
8.700000e-01 7.394067e-09 6.551097e-04
8.710000e-01 8.564994e-09 7.469287e-04
8.720000e-01 9.790923e-09 8.400990e-04
8.730000e-01 1.107231e-08 9.344014e-04
8.740000e-01 1.240804e-08 1.029616e-03
8.750000e-01 1.379915e-08 1.125519e-03
8.760000e-01 1.524437e-08 1.221889e-03
8.770000e-01 1.674296e-08 1.318501e-03
8.780000e-01 1.829461e-08 1.415128e-03
8.790000e-01 1.989741e-08 1.511542e-03
8.800000e-01 2.155049e-08 1.607515e-03
8.810000e-01 2.325205e-08 1.702814e-03
8.820000e-01 2.500150e-08 1.797209e-03
8.830000e-01 2.679317e-08 1.890465e-03
8.840000e-01 2.862891e-08 1.982346e-03
8.850000e-01 3.050408e-08 2.072615e-03
8.860000e-01 3.241370e-08 2.161034e-03
8.870000e-01 3.435741e-08 2.247363e-03
8.880000e-01 3.632715e-08 2.331359e-03
8.890000e-01 3.832271e-08 2.412779e-03
8.900000e-01 4.033582e-08 2.491377e-03
8.910000e-01 4.236588e-08 2.566906e-03
8.920000e-01 4.440024e-08 2.639118e-03
8.930000e-01 4.644034e-08 2.707762e-03
8.940000e-01 4.847383e-08 2.772586e-03
8.950000e-01 5.049533e-08 2.833337e-03
8.960000e-01 5.249608e-08 2.889757e-03
8.970000e-01 5.447070e-08 2.941590e-03
8.980000e-01 5.641211e-08 2.988576e-03
8.990000e-01 5.830317e-08 3.030455e-03
9.000000e-01 6.013660e-08 3.066963e-03
9.010000e-01 6.190719e-08 3.097835e-03
9.020000e-01 6.359658e-08 3.122805e-03
9.030000e-01 6.519728e-08 3.141603e-03
9.040000e-01 6.669402e-08 3.153960e-03
9.050000e-01 6.807322e-08 3.159603e-03
9.060000e-01 6.932228e-08 3.158258e-03
9.070000e-01 7.042146e-08 3.149647e-03
9.080000e-01 7.136024e-08 3.133494e-03
9.090000e-01 7.212236e-08 3.109518e-03
9.100000e-01 7.269393e-08 3.077435e-03
9.110000e-01 7.304316e-08 3.036964e-03
9.120000e-01 7.316325e-08 2.987816e-03
9.130000e-01 7.303443e-08 2.929703e-03
9.140000e-01 7.262840e-08 2.862336e-03
9.150000e-01 7.192967e-08 2.785422e-03
9.160000e-01 7.091507e-08 2.698666e-03
9.170000e-01 6.956037e-08 2.601773e-03
9.180000e-01 6.784374e-08 2.494442e-03
9.190000e-01 6.573913e-08 2.376374e-03
9.200000e-01 6.322444e-08 2.247265e-03
9.210000e-01 6.026698e-08 2.106811e-03
9.220000e-01 5.684522e-08 1.954704e-03
9.230000e-01 5.292978e-08 1.790635e-03
9.240000e-01 4.849289e-08 1.614293e-03
9.250000e-01 4.350290e-08 1.425364e-03
9.260000e-01 3.793661e-08 1.223531e-03
9.270000e-01 3.175658e-08 1.008478e-03
9.280000e-01 2.493781e-08 7.798829e-04
9.290000e-01 1.744714e-08 5.374241e-04
9.300000e-01 9.251441e-09 2.807766e-04
9.310000e-01 3.214305e-10 9.613333e-06
9.320000e-01 9.375693e-09 2.761894e-04
9.330000e-01 1.987337e-08 5.758464e-04
9.340000e-01 3.120066e-08 8.883221e-04
9.350000e-01 4.339337e-08 1.212583e-03
9.360000e-01 5.647842e-08 1.547599e-03
9.370000e-01 7.049225e-08 1.892340e-03
9.380000e-01 8.546597e-08 2.245780e-03
9.390000e-01 1.014224e-07 2.606895e-03
9.400000e-01 1.184022e-07 2.974664e-03
9.410000e-01 1.364234e-07 3.348066e-03
9.420000e-01 1.555121e-07 3.726085e-03
9.430000e-01 1.757081e-07 4.107707e-03
9.440000e-01 1.970312e-07 4.491918e-03
9.450000e-01 2.194742e-07 4.877709e-03
9.460000e-01 2.430993e-07 5.264072e-03
9.470000e-01 2.678904e-07 5.650002e-03
9.480000e-01 2.939014e-07 6.034496e-03
9.490000e-01 3.210992e-07 6.416553e-03
9.500000e-01 3.495001e-07 6.795176e-03
9.510000e-01 3.791250e-07 7.169368e-03
9.520000e-01 4.099665e-07 7.538137e-03
9.530000e-01 4.419982e-07 7.900492e-03
9.540000e-01 4.752238e-07 8.255443e-03
9.550000e-01 5.096678e-07 8.602006e-03
9.560000e-01 5.451940e-07 8.939196e-03
9.570000e-01 5.818947e-07 9.266033e-03
9.580000e-01 6.196513e-07 9.581538e-03
9.590000e-01 6.584590e-07 9.884733e-03
9.600000e-01 6.982248e-07 1.017465e-02
9.610000e-01 7.389007e-07 1.045031e-02
9.620000e-01 7.803381e-07 1.071074e-02
9.630000e-01 8.226253e-07 1.095499e-02
9.640000e-01 8.655102e-07 1.118208e-02
9.650000e-01 9.089040e-07 1.139106e-02
9.660000e-01 9.526861e-07 1.158096e-02
9.670000e-01 9.967271e-07 1.175083e-02
9.680000e-01 1.040783e-06 1.189972e-02
9.690000e-01 1.084791e-06 1.202666e-02
9.700000e-01 1.128486e-06 1.213073e-02
9.710000e-01 1.171646e-06 1.221095e-02
9.720000e-01 1.214069e-06 1.226640e-02
9.730000e-01 1.255422e-06 1.229613e-02
9.740000e-01 1.295459e-06 1.229919e-02
9.750000e-01 1.333826e-06 1.227466e-02
9.760000e-01 1.370210e-06 1.222160e-02
9.770000e-01 1.404228e-06 1.213907e-02
9.780000e-01 1.435479e-06 1.202615e-02
9.790000e-01 1.463418e-06 1.188190e-02
9.800000e-01 1.487691e-06 1.170541e-02
9.810000e-01 1.507698e-06 1.149574e-02
9.820000e-01 1.522888e-06 1.125199e-02
9.830000e-01 1.532645e-06 1.097322e-02
9.840000e-01 1.536373e-06 1.065854e-02
9.850000e-01 1.533271e-06 1.030701e-02
9.860000e-01 1.522638e-06 9.917740e-03
9.870000e-01 1.503606e-06 9.489811e-03
9.880000e-01 1.475389e-06 9.022320e-03
9.890000e-01 1.436959e-06 8.514363e-03
9.900000e-01 1.387436e-06 7.965039e-03
9.910000e-01 1.325533e-06 7.373449e-03
9.920000e-01 1.250256e-06 6.738696e-03
9.930000e-01 1.160468e-06 6.059887e-03
9.940000e-01 1.054614e-06 5.336129e-03
9.950000e-01 9.314614e-07 4.566532e-03
9.960000e-01 7.894793e-07 3.750210e-03
9.970000e-01 6.271292e-07 2.886278e-03
9.980000e-01 4.425972e-07 1.973852e-03
9.990000e-01 2.342223e-07 1.012052e-03
