-1.000000e+00 0.000000e+00 0.000000e+00
-9.990000e-01 9.444776e-06 1.605726e-03
-9.980000e-01 1.823055e-05 3.160699e-03
-9.970000e-01 2.638782e-05 4.665438e-03
-9.960000e-01 3.394598e-05 6.120463e-03
-9.950000e-01 4.093334e-05 7.526300e-03
-9.940000e-01 4.737712e-05 8.883473e-03
-9.930000e-01 5.330357e-05 1.019251e-02
-9.920000e-01 5.873792e-05 1.145394e-02
-9.910000e-01 6.370446e-05 1.266830e-02
-9.900000e-01 6.822654e-05 1.383613e-02
-9.890000e-01 7.232661e-05 1.495795e-02
-9.880000e-01 7.602628e-05 1.603432e-02
-9.870000e-01 7.934629e-05 1.706576e-02
-9.860000e-01 8.230657e-05 1.805284e-02
-9.850000e-01 8.492627e-05 1.899608e-02
-9.840000e-01 8.722379e-05 1.989605e-02
-9.830000e-01 8.921677e-05 2.075330e-02
-9.820000e-01 9.092215e-05 2.156837e-02
-9.810000e-01 9.235617e-05 2.234183e-02
-9.800000e-01 9.353443e-05 2.307423e-02
-9.790000e-01 9.447185e-05 2.376613e-02
-9.780000e-01 9.518276e-05 2.441811e-02
-9.770000e-01 9.568087e-05 2.503071e-02
-9.760000e-01 9.597931e-05 2.560452e-02
-9.750000e-01 9.609065e-05 2.614011e-02
-9.740000e-01 9.602693e-05 2.663804e-02
-9.730000e-01 9.579964e-05 2.709889e-02
-9.720000e-01 9.541980e-05 2.752324e-02
-9.710000e-01 9.489792e-05 2.791167e-02
-9.700000e-01 9.424404e-05 2.826477e-02
-9.690000e-01 9.346774e-05 2.858312e-02
-9.680000e-01 9.257819e-05 2.886730e-02
-9.670000e-01 9.158411e-05 2.911791e-02
-9.660000e-01 9.049381e-05 2.933554e-02
-9.650000e-01 8.931524e-05 2.952079e-02
-9.640000e-01 8.805595e-05 2.967425e-02
-9.630000e-01 8.672311e-05 2.979652e-02
-9.620000e-01 8.532358e-05 2.988821e-02
-9.610000e-01 8.386384e-05 2.994992e-02
-9.600000e-01 8.235007e-05 2.998226e-02
-9.590000e-01 8.078813e-05 2.998583e-02
-9.580000e-01 7.918358e-05 2.996126e-02
-9.570000e-01 7.754169e-05 2.990915e-02
-9.560000e-01 7.586745e-05 2.983012e-02
-9.550000e-01 7.416558e-05 2.972480e-02
-9.540000e-01 7.244056e-05 2.959379e-02
-9.530000e-01 7.069659e-05 2.943774e-02
-9.520000e-01 6.893767e-05 2.925726e-02
-9.510000e-01 6.716753e-05 2.905299e-02
-9.500000e-01 6.538972e-05 2.882555e-02
-9.490000e-01 6.360757e-05 2.857558e-02
-9.480000e-01 6.182419e-05 2.830372e-02
-9.470000e-01 6.004251e-05 2.801060e-02
-9.460000e-01 5.826528e-05 2.769687e-02
-9.450000e-01 5.649507e-05 2.736317e-02
-9.440000e-01 5.473427e-05 2.701015e-02
-9.430000e-01 5.298512e-05 2.663846e-02
-9.420000e-01 5.124971e-05 2.624874e-02
-9.410000e-01 4.952995e-05 2.584164e-02
-9.400000e-01 4.782764e-05 2.541784e-02
-9.390000e-01 4.614443e-05 2.497798e-02
-9.380000e-01 4.448185e-05 2.452271e-02
-9.370000e-01 4.284129e-05 2.405272e-02
-9.360000e-01 4.122404e-05 2.356866e-02
-9.350000e-01 3.963126e-05 2.307119e-02
-9.340000e-01 3.806401e-05 2.256099e-02
-9.330000e-01 3.652327e-05 2.203873e-02
-9.320000e-01 3.500987e-05 2.150509e-02
-9.310000e-01 3.352460e-05 2.096073e-02
-9.300000e-01 3.206814e-05 2.040635e-02
-9.290000e-01 3.064108e-05 1.984261e-02
-9.280000e-01 2.924394e-05 1.927020e-02
-9.270000e-01 2.787717e-05 1.868982e-02
-9.260000e-01 2.654113e-05 1.810214e-02
-9.250000e-01 2.523613e-05 1.750786e-02
-9.240000e-01 2.396240e-05 1.690766e-02
-9.230000e-01 2.272014e-05 1.630225e-02
-9.220000e-01 2.150946e-05 1.569232e-02
-9.210000e-01 2.033043e-05 1.507856e-02
-9.200000e-01 1.918307e-05 1.446169e-02
-9.190000e-01 1.806735e-05 1.384240e-02
-9.180000e-01 1.698319e-05 1.322139e-02
-9.170000e-01 1.593049e-05 1.259938e-02
-9.160000e-01 1.490908e-05 1.197707e-02
-9.150000e-01 1.391877e-05 1.135518e-02
-9.140000e-01 1.295934e-05 1.073442e-02
-9.130000e-01 1.203052e-05 1.011551e-02
-9.120000e-01 1.113204e-05 9.499155e-03
-9.110000e-01 1.026357e-05 8.886086e-03
-9.100000e-01 9.424775e-06 8.277023e-03
-9.090000e-01 8.615286e-06 7.672688e-03
-9.080000e-01 7.834719e-06 7.073809e-03
-9.070000e-01 7.082667e-06 6.481112e-03
-9.060000e-01 6.358704e-06 5.895329e-03
-9.050000e-01 5.662389e-06 5.317192e-03
-9.040000e-01 4.993267e-06 4.747433e-03
-9.030000e-01 4.350867e-06 4.186789e-03
-9.020000e-01 3.734706e-06 3.635999e-03
-9.010000e-01 3.144293e-06 3.095800e-03
-9.000000e-01 2.579125e-06 2.566936e-03
-8.990000e-01 2.038691e-06 2.050150e-03
-8.980000e-01 1.522474e-06 1.546187e-03
-8.970000e-01 1.029950e-06 1.055794e-03
-8.960000e-01 5.605912e-07 5.797204e-04
-8.950000e-01 1.138650e-07 1.187175e-04
-8.940000e-01 3.107641e-07 3.265294e-04
-8.930000e-01 7.138333e-07 7.559423e-04
-8.920000e-01 1.095881e-06 1.169767e-03
-8.910000e-01 1.457448e-06 1.568250e-03
-8.900000e-01 1.799070e-06 1.951638e-03
-8.890000e-01 2.121288e-06 2.320173e-03
-8.880000e-01 2.424636e-06 2.674098e-03
-8.870000e-01 2.709648e-06 3.013652e-03
-8.860000e-01 2.976855e-06 3.339075e-03
-8.850000e-01 3.226785e-06 3.650602e-03
-8.840000e-01 3.459960e-06 3.948470e-03
-8.830000e-01 3.676901e-06 4.232911e-03
-8.820000e-01 3.878120e-06 4.504158e-03
-8.810000e-01 4.064127e-06 4.762441e-03
-8.800000e-01 4.235424e-06 5.007989e-03
-8.790000e-01 4.392508e-06 5.241028e-03
-8.780000e-01 4.535871e-06 5.461785e-03
-8.770000e-01 4.665995e-06 5.670484e-03
-8.760000e-01 4.783357e-06 5.867347e-03
-8.750000e-01 4.888427e-06 6.052595e-03
-8.740000e-01 4.981668e-06 6.226449e-03
-8.730000e-01 5.063532e-06 6.389126e-03
-8.720000e-01 5.134467e-06 6.540843e-03
-8.710000e-01 5.194912e-06 6.681815e-03
-8.700000e-01 5.245295e-06 6.812256e-03
-8.690000e-01 5.286040e-06 6.932380e-03
-8.680000e-01 5.317560e-06 7.042397e-03
-8.670000e-01 5.340260e-06 7.142516e-03
-8.660000e-01 5.354535e-06 7.232947e-03
-8.650000e-01 5.360774e-06 7.313897e-03
-8.640000e-01 5.359356e-06 7.385571e-03
-8.630000e-01 5.350650e-06 7.448174e-03
-8.620000e-01 5.335018e-06 7.501910e-03
-8.610000e-01 5.312812e-06 7.546980e-03
-8.600000e-01 5.284376e-06 7.583586e-03
-8.590000e-01 5.250046e-06 7.611928e-03
-8.580000e-01 5.210146e-06 7.632203e-03
-8.570000e-01 5.164995e-06 7.644609e-03
-8.560000e-01 5.114901e-06 7.649343e-03
-8.550000e-01 5.060164e-06 7.646599e-03
-8.540000e-01 5.001076e-06 7.636571e-03
-8.530000e-01 4.937919e-06 7.619453e-03
-8.520000e-01 4.870968e-06 7.595436e-03
-8.510000e-01 4.800489e-06 7.564710e-03
-8.500000e-01 4.726739e-06 7.527466e-03
-8.490000e-01 4.649968e-06 7.483892e-03
-8.480000e-01 4.570418e-06 7.434176e-03
-8.470000e-01 4.488322e-06 7.378505e-03
-8.460000e-01 4.403904e-06 7.317063e-03
-8.450000e-01 4.317384e-06 7.250036e-03
-8.440000e-01 4.228971e-06 7.177609e-03
-8.430000e-01 4.138866e-06 7.099963e-03
-8.420000e-01 4.047266e-06 7.017280e-03
-8.410000e-01 3.954358e-06 6.929743e-03
-8.400000e-01 3.860322e-06 6.837530e-03
-8.390000e-01 3.765331e-06 6.740823e-03
-8.380000e-01 3.669553e-06 6.639798e-03
-8.370000e-01 3.573145e-06 6.534635e-03
-8.360000e-01 3.476263e-06 6.425510e-03
-8.350000e-01 3.379050e-06 6.312599e-03
-8.340000e-01 3.281649e-06 6.196078e-03
-8.330000e-01 3.184191e-06 6.076122e-03
-8.320000e-01 3.086805e-06 5.952905e-03
-8.310000e-01 2.989613e-06 5.826600e-03
-8.300000e-01 2.892730e-06 5.697380e-03
-8.290000e-01 2.796265e-06 5.565417e-03
-8.280000e-01 2.700324e-06 5.430882e-03
-8.270000e-01 2.605005e-06 5.293947e-03
-8.260000e-01 2.510401e-06 5.154781e-03
-8.250000e-01 2.416602e-06 5.013554e-03
-8.240000e-01 2.323691e-06 4.870435e-03
-8.230000e-01 2.231745e-06 4.725592e-03
-8.220000e-01 2.140839e-06 4.579194e-03
-8.210000e-01 2.051043e-06 4.431408e-03
-8.200000e-01 1.962420e-06 4.282400e-03
-8.190000e-01 1.875031e-06 4.132338e-03
-8.180000e-01 1.788931e-06 3.981386e-03
-8.170000e-01 1.704174e-06 3.829712e-03
-8.160000e-01 1.620806e-06 3.677479e-03
-8.150000e-01 1.538872e-06 3.524852e-03
-8.140000e-01 1.458412e-06 3.371995e-03
-8.130000e-01 1.379463e-06 3.219074e-03
-8.120000e-01 1.302059e-06 3.066250e-03
-8.110000e-01 1.226229e-06 2.913687e-03
-8.100000e-01 1.152000e-06 2.761548e-03
-8.090000e-01 1.079395e-06 2.609996e-03
-8.080000e-01 1.008436e-06 2.459193e-03
-8.070000e-01 9.391391e-07 2.309299e-03
-8.060000e-01 8.715202e-07 2.160479e-03
-8.050000e-01 8.055911e-07 2.012891e-03
-8.040000e-01 7.413616e-07 1.866699e-03
-8.030000e-01 6.788388e-07 1.722062e-03
-8.020000e-01 6.180275e-07 1.579142e-03
-8.010000e-01 5.589303e-07 1.438099e-03
-8.000000e-01 5.015476e-07 1.299094e-03
-7.990000e-01 4.458777e-07 1.162286e-03
-7.980000e-01 3.919168e-07 1.027836e-03
-7.970000e-01 3.396596e-07 8.959037e-04
-7.960000e-01 2.890985e-07 7.666491e-04
-7.950000e-01 2.402247e-07 6.402319e-04
-7.940000e-01 1.930274e-07 5.168118e-04
-7.930000e-01 1.474944e-07 3.965484e-04
-7.920000e-01 1.036121e-07 2.796013e-04
-7.910000e-01 6.136549e-08 1.661301e-04
-7.900000e-01 2.073823e-08 5.629420e-05
-7.890000e-01 1.828723e-08 4.975067e-05
-7.880000e-01 5.572956e-08 1.519507e-04
-7.870000e-01 9.160851e-08 2.503612e-04
-7.860000e-01 1.259449e-07 3.450427e-04
-7.850000e-01 1.587603e-07 4.360557e-04
-7.840000e-01 1.900775e-07 5.234605e-04
-7.830000e-01 2.199197e-07 6.073176e-04
-7.820000e-01 2.483111e-07 6.876872e-04
-7.810000e-01 2.752765e-07 7.646294e-04
-7.800000e-01 3.008414e-07 8.382042e-04
-7.790000e-01 3.250319e-07 9.084716e-04
-7.780000e-01 3.478744e-07 9.754911e-04
-7.770000e-01 3.693959e-07 1.039323e-03
-7.760000e-01 3.896240e-07 1.100025e-03
-7.750000e-01 4.085864e-07 1.157658e-03
-7.740000e-01 4.263112e-07 1.212280e-03
-7.730000e-01 4.428269e-07 1.263951e-03
-7.720000e-01 4.581620e-07 1.312728e-03
-7.710000e-01 4.723454e-07 1.358670e-03
-7.700000e-01 4.854061e-07 1.401834e-03
-7.690000e-01 4.973732e-07 1.442280e-03
-7.680000e-01 5.082757e-07 1.480064e-03
-7.670000e-01 5.181430e-07 1.515243e-03
-7.660000e-01 5.270042e-07 1.547875e-03
-7.650000e-01 5.348884e-07 1.578016e-03
-7.640000e-01 5.418249e-07 1.605722e-03
-7.630000e-01 5.478426e-07 1.631048e-03
-7.620000e-01 5.529704e-07 1.654052e-03
-7.610000e-01 5.572371e-07 1.674787e-03
-7.600000e-01 5.606713e-07 1.693309e-03
-7.590000e-01 5.633013e-07 1.709672e-03
-7.580000e-01 5.651553e-07 1.723930e-03
-7.570000e-01 5.662613e-07 1.736137e-03
-7.560000e-01 5.666470e-07 1.746345e-03
-7.550000e-01 5.663396e-07 1.754608e-03
-7.540000e-01 5.653663e-07 1.760978e-03
-7.530000e-01 5.637539e-07 1.765507e-03
-7.520000e-01 5.615288e-07 1.768247e-03
-7.510000e-01 5.587170e-07 1.769247e-03
-7.500000e-01 5.553443e-07 1.768559e-03
-7.490000e-01 5.514360e-07 1.766233e-03
-7.480000e-01 5.470171e-07 1.762318e-03
-7.470000e-01 5.421120e-07 1.756862e-03
-7.460000e-01 5.367450e-07 1.749915e-03
-7.450000e-01 5.309397e-07 1.741525e-03
-7.440000e-01 5.247194e-07 1.731738e-03
-7.430000e-01 5.181070e-07 1.720601e-03
-7.420000e-01 5.111247e-07 1.708161e-03
-7.410000e-01 5.037946e-07 1.694463e-03
-7.400000e-01 4.961382e-07 1.679553e-03
-7.390000e-01 4.881763e-07 1.663474e-03
-7.380000e-01 4.799297e-07 1.646271e-03
-7.370000e-01 4.714183e-07 1.627987e-03
-7.360000e-01 4.626618e-07 1.608665e-03
-7.350000e-01 4.536792e-07 1.588346e-03
-7.340000e-01 4.444892e-07 1.567073e-03
-7.330000e-01 4.351099e-07 1.544885e-03
-7.320000e-01 4.255591e-07 1.521824e-03
-7.310000e-01 4.158539e-07 1.497927e-03
-7.300000e-01 4.060111e-07 1.473235e-03
-7.290000e-01 3.960468e-07 1.447786e-03
-7.280000e-01 3.859768e-07 1.421616e-03
-7.270000e-01 3.758164e-07 1.394763e-03
-7.260000e-01 3.655804e-07 1.367263e-03
-7.250000e-01 3.552831e-07 1.339150e-03
-7.240000e-01 3.449383e-07 1.310460e-03
-7.230000e-01 3.345596e-07 1.281227e-03
-7.220000e-01 3.241597e-07 1.251484e-03
-7.210000e-01 3.137511e-07 1.221263e-03
-7.200000e-01 3.033460e-07 1.190596e-03
-7.190000e-01 2.929557e-07 1.159515e-03
-7.180000e-01 2.825915e-07 1.128048e-03
-7.170000e-01 2.722641e-07 1.096227e-03
-7.160000e-01 2.619836e-07 1.064079e-03
-7.150000e-01 2.517599e-07 1.031633e-03
-7.140000e-01 2.416024e-07 9.989162e-04
-7.130000e-01 2.315201e-07 9.659543e-04
-7.120000e-01 2.215215e-07 9.327734e-04
-7.110000e-01 2.116148e-07 8.993983e-04
-7.100000e-01 2.018078e-07 8.658531e-04
-7.090000e-01 1.921078e-07 8.321610e-04
-7.080000e-01 1.825219e-07 7.983445e-04
-7.070000e-01 1.730565e-07 7.644253e-04
-7.060000e-01 1.637181e-07 7.304242e-04
-7.050000e-01 1.545125e-07 6.963611e-04
-7.040000e-01 1.454451e-07 6.622554e-04
-7.030000e-01 1.365213e-07 6.281252e-04
-7.020000e-01 1.277457e-07 5.939883e-04
-7.010000e-01 1.191230e-07 5.598612e-04
-7.000000e-01 1.106574e-07 5.257597e-04
-6.990000e-01 1.023525e-07 4.916990e-04
-6.980000e-01 9.421217e-08 4.576930e-04
-6.970000e-01 8.623948e-08 4.237552e-04
-6.960000e-01 7.843745e-08 3.898979e-04
-6.950000e-01 7.080873e-08 3.561327e-04
-6.940000e-01 6.335573e-08 3.224703e-04
-6.930000e-01 5.608056e-08 2.889205e-04
-6.920000e-01 4.898508e-08 2.554923e-04
-6.910000e-01 4.207090e-08 2.221937e-04
-6.900000e-01 3.533937e-08 1.890319e-04
-6.890000e-01 2.879161e-08 1.560133e-04
-6.880000e-01 2.242848e-08 1.231433e-04
-6.870000e-01 1.625066e-08 9.042640e-05
-6.860000e-01 1.025856e-08 5.786623e-05
-6.850000e-01 4.452420e-09 2.546556e-05
-6.840000e-01 1.167743e-09 6.773699e-06
-6.830000e-01 6.602104e-09 3.884005e-05
-6.820000e-01 1.185103e-08 7.070014e-05
-6.810000e-01 1.691506e-08 1.023186e-04
-6.800000e-01 2.179493e-08 1.336608e-04
-6.790000e-01 2.649152e-08 1.646933e-04
-6.780000e-01 3.100589e-08 1.953833e-04
-6.770000e-01 3.533924e-08 2.256991e-04
-6.760000e-01 3.949292e-08 2.556098e-04
-6.750000e-01 4.346843e-08 2.850855e-04
-6.740000e-01 4.726741e-08 3.140971e-04
-6.730000e-01 5.089160e-08 3.426165e-04
-6.720000e-01 5.434289e-08 3.706166e-04
-6.710000e-01 5.762329e-08 3.980710e-04
-6.700000e-01 6.073488e-08 4.249545e-04
-6.690000e-01 6.367990e-08 4.512426e-04
-6.680000e-01 6.646064e-08 4.769118e-04
-6.670000e-01 6.907950e-08 5.019397e-04
-6.660000e-01 7.153899e-08 5.263044e-04
-6.650000e-01 7.384166e-08 5.499854e-04
-6.640000e-01 7.599016e-08 5.729628e-04
-6.630000e-01 7.798721e-08 5.952177e-04
-6.620000e-01 7.983560e-08 6.167324e-04
-6.610000e-01 8.153816e-08 6.374897e-04
-6.600000e-01 8.309779e-08 6.574736e-04
-6.590000e-01 8.451745e-08 6.766690e-04
-6.580000e-01 8.580013e-08 6.950617e-04
-6.570000e-01 8.694887e-08 7.126383e-04
-6.560000e-01 8.796674e-08 7.293866e-04
-6.550000e-01 8.885685e-08 7.452952e-04
-6.540000e-01 8.962234e-08 7.603536e-04
-6.530000e-01 9.026636e-08 7.745521e-04
-6.520000e-01 9.079211e-08 7.878823e-04
-6.510000e-01 9.120278e-08 8.003364e-04
-6.500000e-01 9.150158e-08 8.119076e-04
-6.490000e-01 9.169173e-08 8.225901e-04
-6.480000e-01 9.177646e-08 8.323791e-04
-6.470000e-01 9.175900e-08 8.412705e-04
-6.460000e-01 9.164258e-08 8.492613e-04
-6.450000e-01 9.143043e-08 8.563493e-04
-6.440000e-01 9.112576e-08 8.625334e-04
-6.430000e-01 9.073179e-08 8.678132e-04
-6.420000e-01 9.025170e-08 8.721894e-04
-6.410000e-01 8.968869e-08 8.756637e-04
-6.400000e-01 8.904592e-08 8.782383e-04
-6.390000e-01 8.832653e-08 8.799168e-04
-6.380000e-01 8.753363e-08 8.807035e-04
-6.370000e-01 8.667033e-08 8.806036e-04
-6.360000e-01 8.573970e-08 8.796232e-04
-6.350000e-01 8.474476e-08 8.777694e-04
-6.340000e-01 8.368854e-08 8.750502e-04
-6.330000e-01 8.257400e-08 8.714745e-04
-6.320000e-01 8.140408e-08 8.670519e-04
-6.310000e-01 8.018168e-08 8.617933e-04
-6.300000e-01 7.890967e-08 8.557101e-04
-6.290000e-01 7.759088e-08 8.488150e-04
-6.280000e-01 7.622808e-08 8.411213e-04
-6.270000e-01 7.482401e-08 8.326432e-04
-6.260000e-01 7.338137e-08 8.233959e-04
-6.250000e-01 7.190282e-08 8.133956e-04
-6.240000e-01 7.039095e-08 8.026592e-04
-6.230000e-01 6.884831e-08 7.912046e-04
-6.220000e-01 6.727743e-08 7.790504e-04
-6.210000e-01 6.568076e-08 7.662163e-04
-6.200000e-01 6.406070e-08 7.527228e-04
-6.190000e-01 6.241962e-08 7.385913e-04
-6.180000e-01 6.075983e-08 7.238440e-04
-6.170000e-01 5.908357e-08 7.085041e-04
-6.160000e-01 5.739305e-08 6.925955e-04
-6.150000e-01 5.569043e-08 6.761431e-04
-6.140000e-01 5.397780e-08 6.591727e-04
-6.130000e-01 5.225719e-08 6.417108e-04
-6.120000e-01 5.053061e-08 6.237848e-04
-6.110000e-01 4.879997e-08 6.054231e-04
-6.100000e-01 4.706718e-08 5.866548e-04
-6.090000e-01 4.533404e-08 5.675100e-04
-6.080000e-01 4.360234e-08 5.480193e-04
-6.070000e-01 4.187379e-08 5.282146e-04
-6.060000e-01 4.015005e-08 5.081284e-04
-6.050000e-01 3.843273e-08 4.877940e-04
-6.040000e-01 3.672338e-08 4.672456e-04
-6.030000e-01 3.502351e-08 4.465182e-04
-6.020000e-01 3.333456e-08 4.256478e-04
-6.010000e-01 3.165793e-08 4.046709e-04
-6.000000e-01 2.999495e-08 3.836250e-04
-5.990000e-01 2.834692e-08 3.625485e-04
-5.980000e-01 2.671506e-08 3.414804e-04
-5.970000e-01 2.510056e-08 3.204608e-04
-5.960000e-01 2.350455e-08 2.995302e-04
-5.950000e-01 2.192812e-08 2.787303e-04
-5.940000e-01 2.037229e-08 2.581034e-04
-5.930000e-01 1.883803e-08 2.376925e-04
-5.920000e-01 1.732629e-08 2.175416e-04
-5.910000e-01 1.583795e-08 1.976954e-04
-5.900000e-01 1.437383e-08 1.781994e-04
-5.890000e-01 1.293473e-08 1.590998e-04
-5.880000e-01 1.152138e-08 1.404435e-04
-5.870000e-01 1.013448e-08 1.222785e-04
-5.860000e-01 8.774675e-09 1.046533e-04
-5.850000e-01 7.442568e-09 8.761715e-05
-5.840000e-01 6.138720e-09 7.122017e-05
-5.830000e-01 4.863647e-09 5.551319e-05
-5.820000e-01 3.617823e-09 4.054778e-05
-5.810000e-01 2.401682e-09 2.637626e-05
-5.800000e-01 1.215615e-09 1.305170e-05
-5.790000e-01 5.997430e-11 6.279023e-07
-5.780000e-01 1.064927e-09 1.085370e-05
-5.770000e-01 2.158813e-09 2.141230e-05
-5.760000e-01 3.221447e-09 3.108429e-05
-5.750000e-01 4.252628e-09 3.990537e-05
-5.740000e-01 5.252189e-09 4.791052e-05
-5.730000e-01 6.220000e-09 5.513400e-05
-5.720000e-01 7.155964e-09 6.160939e-05
-5.710000e-01 8.060017e-09 6.736954e-05
-5.700000e-01 8.932127e-09 7.244661e-05
-5.690000e-01 9.772292e-09 7.687207e-05
-5.680000e-01 1.058054e-08 8.067672e-05
-5.670000e-01 1.135694e-08 8.389064e-05
-5.660000e-01 1.210157e-08 8.654326e-05
-5.650000e-01 1.281454e-08 8.866333e-05
-5.640000e-01 1.349600e-08 9.027892e-05
-5.630000e-01 1.414612e-08 9.141744e-05
-5.620000e-01 1.476509e-08 9.210565e-05
-5.610000e-01 1.535312e-08 9.236963e-05
-5.600000e-01 1.591046e-08 9.223483e-05
-5.590000e-01 1.643737e-08 9.172605e-05
-5.580000e-01 1.693412e-08 9.086744e-05
-5.570000e-01 1.740104e-08 8.968252e-05
-5.560000e-01 1.783843e-08 8.819417e-05
-5.550000e-01 1.824665e-08 8.642464e-05
-5.540000e-01 1.862605e-08 8.439557e-05
-5.530000e-01 1.897702e-08 8.212798e-05
-5.520000e-01 1.929995e-08 7.964225e-05
-5.510000e-01 1.959524e-08 7.695819e-05
-5.500000e-01 1.986334e-08 7.409498e-05
-5.490000e-01 2.010466e-08 7.107120e-05
-5.480000e-01 2.031968e-08 6.790485e-05
-5.470000e-01 2.050885e-08 6.461333e-05
-5.460000e-01 2.067265e-08 6.121346e-05
-5.450000e-01 2.081157e-08 5.772146e-05
-5.440000e-01 2.092611e-08 5.415302e-05
-5.430000e-01 2.101677e-08 5.052320e-05
-5.420000e-01 2.108409e-08 4.684655e-05
-5.410000e-01 2.112857e-08 4.313701e-05
-5.400000e-01 2.115075e-08 3.940800e-05
-5.390000e-01 2.115117e-08 3.567238e-05
-5.380000e-01 2.113039e-08 3.194244e-05
-5.370000e-01 2.108894e-08 2.822996e-05
-5.360000e-01 2.102738e-08 2.454617e-05
-5.350000e-01 2.094629e-08 2.090176e-05
-5.340000e-01 2.084621e-08 1.730690e-05
-5.330000e-01 2.072772e-08 1.377125e-05
-5.320000e-01 2.059139e-08 1.030393e-05
-5.310000e-01 2.043778e-08 6.913567e-06
-5.300000e-01 2.026748e-08 3.608261e-06
-5.290000e-01 2.008105e-08 3.956243e-07
-5.280000e-01 1.987906e-08 2.717235e-06
-5.270000e-01 1.966210e-08 5.723702e-06
-5.260000e-01 1.943074e-08 8.617648e-06
-5.250000e-01 1.918553e-08 1.139343e-05
-5.240000e-01 1.892707e-08 1.404588e-05
-5.230000e-01 1.865591e-08 1.657031e-05
-5.220000e-01 1.837262e-08 1.896250e-05
-5.210000e-01 1.807776e-08 2.121869e-05
-5.200000e-01 1.777189e-08 2.333557e-05
-5.190000e-01 1.745557e-08 2.531031e-05
-5.180000e-01 1.712934e-08 2.714051e-05
-5.170000e-01 1.679376e-08 2.882422e-05
-5.160000e-01 1.644935e-08 3.035994e-05
-5.150000e-01 1.609667e-08 3.174658e-05
-5.140000e-01 1.573624e-08 3.298350e-05
-5.130000e-01 1.536858e-08 3.407048e-05
-5.120000e-01 1.499422e-08 3.500773e-05
-5.110000e-01 1.461366e-08 3.579586e-05
-5.100000e-01 1.422741e-08 3.643590e-05
-5.090000e-01 1.383596e-08 3.692930e-05
-5.080000e-01 1.343981e-08 3.727788e-05
-5.070000e-01 1.303945e-08 3.748388e-05
-5.060000e-01 1.263533e-08 3.754992e-05
-5.050000e-01 1.222795e-08 3.747904e-05
-5.040000e-01 1.181774e-08 3.727461e-05
-5.030000e-01 1.140516e-08 3.694041e-05
-5.020000e-01 1.099066e-08 3.648060e-05
-5.010000e-01 1.057466e-08 3.589969e-05
-5.000000e-01 1.015760e-08 3.520256e-05
-4.990000e-01 9.739876e-09 3.439446e-05
-4.980000e-01 9.321908e-09 3.348097e-05
-4.970000e-01 8.904089e-09 3.246804e-05
-4.960000e-01 8.486805e-09 3.136197e-05
-4.950000e-01 8.070435e-09 3.016939e-05
-4.940000e-01 7.655346e-09 2.889726e-05
-4.930000e-01 7.241897e-09 2.755288e-05
-4.920000e-01 6.830437e-09 2.614388e-05
-4.910000e-01 6.421303e-09 2.467821e-05
-4.900000e-01 6.014825e-09 2.316413e-05
-4.890000e-01 5.611321e-09 2.161023e-05
-4.880000e-01 5.211102e-09 2.002539e-05
-4.870000e-01 4.814464e-09 1.841880e-05
-4.860000e-01 4.421698e-09 1.679997e-05
-4.850000e-01 4.033083e-09 1.517867e-05
-4.840000e-01 3.648887e-09 1.356499e-05
-4.830000e-01 3.269368e-09 1.196929e-05
-4.820000e-01 2.894777e-09 1.040221e-05
-4.810000e-01 2.525351e-09 8.874697e-06
-4.800000e-01 2.161320e-09 7.397931e-06
-4.790000e-01 1.802902e-09 5.983384e-06
-4.780000e-01 1.450308e-09 4.642788e-06
-4.770000e-01 1.103736e-09 3.388134e-06
-4.760000e-01 7.633762e-10 2.231668e-06
-4.750000e-01 4.294081e-10 1.185890e-06
-4.740000e-01 1.020019e-10 2.635461e-07
-4.730000e-01 2.186810e-10 5.234888e-07
-4.720000e-01 5.324896e-10 1.175243e-06
-4.710000e-01 8.392819e-10 1.698985e-06
-4.700000e-01 1.138925e-09 2.101865e-06
-4.690000e-01 1.431295e-09 2.390803e-06
-4.680000e-01 1.716278e-09 2.572502e-06
-4.670000e-01 1.993768e-09 2.653443e-06
-4.660000e-01 2.263669e-09 2.639898e-06
-4.650000e-01 2.525893e-09 2.537927e-06
-4.640000e-01 2.780359e-09 2.353384e-06
-4.630000e-01 3.026998e-09 2.091924e-06
-4.620000e-01 3.265747e-09 1.759005e-06
-4.610000e-01 3.496551e-09 1.359890e-06
-4.600000e-01 3.719364e-09 8.996561e-07
-4.590000e-01 3.934147e-09 3.831922e-07
-4.580000e-01 4.140871e-09 1.847915e-07
-4.570000e-01 4.339513e-09 7.997626e-07
-4.560000e-01 4.530056e-09 1.457361e-06
-4.550000e-01 4.712493e-09 2.153398e-06
-4.540000e-01 4.886823e-09 2.883846e-06
-4.530000e-01 5.053052e-09 3.644842e-06
-4.520000e-01 5.211194e-09 4.432680e-06
-4.510000e-01 5.361267e-09 5.243807e-06
-4.500000e-01 5.503299e-09 6.074819e-06
-4.490000e-01 5.637323e-09 6.922459e-06
-4.480000e-01 5.763376e-09 7.783612e-06
-4.470000e-01 5.881505e-09 8.655302e-06
-4.460000e-01 5.991760e-09 9.534687e-06
-4.450000e-01 6.094198e-09 1.041906e-05
-4.440000e-01 6.188882e-09 1.130583e-05
-4.430000e-01 6.275878e-09 1.219253e-05
-4.420000e-01 6.355260e-09 1.307684e-05
-4.410000e-01 6.427106e-09 1.395653e-05
-4.400000e-01 6.491499e-09 1.482949e-05
-4.390000e-01 6.548526e-09 1.569370e-05
-4.380000e-01 6.598280e-09 1.654729e-05
-4.370000e-01 6.640856e-09 1.738845e-05
-4.360000e-01 6.676357e-09 1.821549e-05
-4.350000e-01 6.704886e-09 1.902682e-05
-4.340000e-01 6.726552e-09 1.982091e-05
-4.330000e-01 6.741468e-09 2.059635e-05
-4.320000e-01 6.749750e-09 2.135181e-05
-4.310000e-01 6.751516e-09 2.208603e-05
-4.300000e-01 6.746890e-09 2.279784e-05
-4.290000e-01 6.735998e-09 2.348613e-05
-4.280000e-01 6.718966e-09 2.414988e-05
-4.270000e-01 6.695928e-09 2.478812e-05
-4.260000e-01 6.667016e-09 2.539996e-05
-4.250000e-01 6.632366e-09 2.598455e-05
-4.240000e-01 6.592118e-09 2.654113e-05
-4.230000e-01 6.546412e-09 2.706897e-05
-4.220000e-01 6.495389e-09 2.756741e-05
-4.210000e-01 6.439196e-09 2.803581e-05
-4.200000e-01 6.377976e-09 2.847361e-05
-4.190000e-01 6.311878e-09 2.888026e-05
-4.180000e-01 6.241050e-09 2.925529e-05
-4.170000e-01 6.165642e-09 2.959822e-05
-4.160000e-01 6.085805e-09 2.990865e-05
-4.150000e-01 6.001691e-09 3.018616e-05
-4.140000e-01 5.913453e-09 3.043040e-05
-4.130000e-01 5.821243e-09 3.064102e-05
-4.120000e-01 5.725216e-09 3.081770e-05
-4.110000e-01 5.625526e-09 3.096015e-05
-4.100000e-01 5.522326e-09 3.106807e-05
-4.090000e-01 5.415772e-09 3.114119e-05
-4.080000e-01 5.306018e-09 3.117925e-05
-4.070000e-01 5.193217e-09 3.118199e-05
-4.060000e-01 5.077526e-09 3.114915e-05
-4.050000e-01 4.959095e-09 3.108049e-05
-4.040000e-01 4.838080e-09 3.097575e-05
-4.030000e-01 4.714632e-09 3.083468e-05
-4.020000e-01 4.588904e-09 3.065702e-05
-4.010000e-01 4.461046e-09 3.044248e-05
-4.000000e-01 4.331209e-09 3.019079e-05
-3.990000e-01 4.199541e-09 2.990165e-05
-3.980000e-01 4.066191e-09 2.957473e-05
-3.970000e-01 3.931305e-09 2.920971e-05
-3.960000e-01 3.795029e-09 2.880623e-05
-3.950000e-01 3.657506e-09 2.836389e-05
-3.940000e-01 3.518880e-09 2.788229e-05
-3.930000e-01 3.379291e-09 2.736099e-05
-3.920000e-01 3.238878e-09 2.679951e-05
-3.910000e-01 3.097779e-09 2.619735e-05
-3.900000e-01 2.956130e-09 2.555395e-05
-3.890000e-01 2.814065e-09 2.486873e-05
-3.880000e-01 2.671715e-09 2.414107e-05
-3.870000e-01 2.529210e-09 2.337028e-05
-3.860000e-01 2.386678e-09 2.255566e-05
-3.850000e-01 2.244244e-09 2.169643e-05
-3.840000e-01 2.102033e-09 2.079177e-05
-3.830000e-01 1.960164e-09 1.984081e-05
-3.820000e-01 1.818757e-09 1.884261e-05
-3.810000e-01 1.677928e-09 1.779620e-05
-3.800000e-01 1.537791e-09 1.670052e-05
-3.790000e-01 1.398457e-09 1.555447e-05
-3.780000e-01 1.260035e-09 1.435686e-05
-3.770000e-01 1.122632e-09 1.310645e-05
-3.760000e-01 9.863511e-10 1.180195e-05
-3.750000e-01 8.512936e-10 1.044195e-05
-3.740000e-01 7.175580e-10 9.025019e-06
-3.730000e-01 5.852399e-10 7.549616e-06
-3.720000e-01 4.544317e-10 6.014137e-06
-3.710000e-01 3.252243e-10 4.416896e-06
-3.700000e-01 1.977050e-10 2.756128e-06
-3.690000e-01 7.195838e-11 1.029984e-06
-3.680000e-01 5.193396e-11 7.633696e-07
-3.670000e-01 1.738935e-10 2.622383e-06
-3.660000e-01 2.938432e-10 4.541333e-06
-3.650000e-01 4.117107e-10 6.514321e-06
-3.640000e-01 5.274253e-10 8.535545e-06
-3.630000e-01 6.409198e-10 1.059929e-05
-3.620000e-01 7.521297e-10 1.269995e-05
-3.610000e-01 8.609929e-10 1.483201e-05
-3.600000e-01 9.674513e-10 1.699004e-05
-3.590000e-01 1.071449e-09 1.916873e-05
-3.580000e-01 1.172932e-09 2.136287e-05
-3.570000e-01 1.271852e-09 2.356735e-05
-3.560000e-01 1.368160e-09 2.577717e-05
-3.550000e-01 1.461813e-09 2.798742e-05
-3.540000e-01 1.552770e-09 3.019333e-05
-3.530000e-01 1.640991e-09 3.239022e-05
-3.520000e-01 1.726440e-09 3.457352e-05
-3.510000e-01 1.809085e-09 3.673880e-05
-3.500000e-01 1.888897e-09 3.888170e-05
-3.490000e-01 1.965846e-09 4.099803e-05
-3.480000e-01 2.039909e-09 4.308368e-05
-3.470000e-01 2.111064e-09 4.513467e-05
-3.460000e-01 2.179291e-09 4.714715e-05
-3.450000e-01 2.244574e-09 4.911738e-05
-3.440000e-01 2.306900e-09 5.104176e-05
-3.430000e-01 2.366257e-09 5.291680e-05
-3.420000e-01 2.422635e-09 5.473915e-05
-3.410000e-01 2.476030e-09 5.650558e-05
-3.400000e-01 2.526438e-09 5.821299e-05
-3.390000e-01 2.573857e-09 5.985841e-05
-3.380000e-01 2.618288e-09 6.143901e-05
-3.370000e-01 2.659737e-09 6.295209e-05
-3.360000e-01 2.698208e-09 6.439508e-05
-3.350000e-01 2.733710e-09 6.576555e-05
-3.340000e-01 2.766255e-09 6.706121e-05
-3.330000e-01 2.795854e-09 6.827990e-05
-3.320000e-01 2.822524e-09 6.941961e-05
-3.310000e-01 2.846281e-09 7.047846e-05
-3.300000e-01 2.867146e-09 7.145472e-05
-3.290000e-01 2.885140e-09 7.234681e-05
-3.280000e-01 2.900286e-09 7.315327e-05
-3.270000e-01 2.912610e-09 7.387280e-05
-3.260000e-01 2.922140e-09 7.450426e-05
-3.250000e-01 2.928905e-09 7.504663e-05
-3.240000e-01 2.932937e-09 7.549905e-05
-3.230000e-01 2.934268e-09 7.586082e-05
-3.220000e-01 2.932933e-09 7.613138e-05
-3.210000e-01 2.928969e-09 7.631032e-05
-3.200000e-01 2.922414e-09 7.639738e-05
-3.190000e-01 2.913307e-09 7.639246e-05
-3.180000e-01 2.901691e-09 7.629562e-05
-3.170000e-01 2.887607e-09 7.610705e-05
-3.160000e-01 2.871100e-09 7.582712e-05
-3.150000e-01 2.852215e-09 7.545635e-05
-3.140000e-01 2.831000e-09 7.499542e-05
-3.130000e-01 2.807502e-09 7.444515e-05
-3.120000e-01 2.781770e-09 7.380655e-05
-3.110000e-01 2.753855e-09 7.308076e-05
-3.100000e-01 2.723810e-09 7.226910e-05
-3.090000e-01 2.691685e-09 7.137305e-05
-3.080000e-01 2.657536e-09 7.039424e-05
-3.070000e-01 2.621416e-09 6.933448e-05
-3.060000e-01 2.583381e-09 6.819572e-05
-3.050000e-01 2.543488e-09 6.698009e-05
-3.040000e-01 2.501793e-09 6.568990e-05
-3.030000e-01 2.458355e-09 6.432760e-05
-3.020000e-01 2.413232e-09 6.289581e-05
-3.010000e-01 2.366482e-09 6.139732e-05
-3.000000e-01 2.318167e-09 5.983510e-05
-2.990000e-01 2.268345e-09 5.821228e-05
-2.980000e-01 2.217078e-09 5.653214e-05
-2.970000e-01 2.164427e-09 5.479816e-05
-2.960000e-01 2.110453e-09 5.301398e-05
-2.950000e-01 2.055219e-09 5.118339e-05
-2.940000e-01 1.998785e-09 4.931037e-05
-2.930000e-01 1.941215e-09 4.739908e-05
-2.920000e-01 1.882570e-09 4.545384e-05
-2.910000e-01 1.822914e-09 4.347912e-05
-2.900000e-01 1.762309e-09 4.147962e-05
-2.890000e-01 1.700817e-09 3.946015e-05
-2.880000e-01 1.638501e-09 3.742573e-05
-2.870000e-01 1.575424e-09 3.538155e-05
-2.860000e-01 1.511648e-09 3.333298e-05
-2.850000e-01 1.447235e-09 3.128554e-05
-2.840000e-01 1.382248e-09 2.924495e-05
-2.830000e-01 1.316747e-09 2.721710e-05
-2.820000e-01 1.250794e-09 2.520804e-05
-2.810000e-01 1.184451e-09 2.322402e-05
-2.800000e-01 1.117779e-09 2.127146e-05
-2.790000e-01 1.050836e-09 1.935695e-05
-2.780000e-01 9.836840e-10 1.748725e-05
-2.770000e-01 9.163813e-10 1.566933e-05
-2.760000e-01 8.489866e-10 1.391029e-05
-2.750000e-01 7.815583e-10 1.221746e-05
-2.740000e-01 7.141541e-10 1.059830e-05
-2.730000e-01 6.468305e-10 9.060493e-06
-2.720000e-01 5.796438e-10 7.611865e-06
-2.710000e-01 5.126496e-10 6.260440e-06
-2.700000e-01 4.459024e-10 5.014417e-06
-2.690000e-01 3.794560e-10 3.882173e-06
-2.680000e-01 3.133636e-10 2.872268e-06
-2.670000e-01 2.476774e-10 1.993438e-06
-2.660000e-01 1.824488e-10 1.254602e-06
-2.650000e-01 1.177280e-10 6.648572e-07
-2.640000e-01 5.356446e-11 2.334825e-07
-2.630000e-01 9.993228e-12 3.007629e-08
-2.620000e-01 7.289774e-11 1.211408e-07
-2.610000e-01 1.351024e-10 4.728837e-08
-2.600000e-01 1.965620e-10 1.821617e-07
-2.590000e-01 2.572323e-10 5.580705e-07
-2.580000e-01 3.170698e-10 1.071480e-06
-2.570000e-01 3.760326e-10 1.713614e-06
-2.560000e-01 4.340796e-10 2.475876e-06
-2.550000e-01 4.911709e-10 3.349851e-06
-2.540000e-01 5.472681e-10 4.327305e-06
-2.530000e-01 6.023333e-10 5.400185e-06
-2.520000e-01 6.563306e-10 6.560619e-06
-2.510000e-01 7.092248e-10 7.800915e-06
-2.500000e-01 7.609823e-10 9.113565e-06
-2.490000e-01 8.115700e-10 1.049124e-05
-2.480000e-01 8.609571e-10 1.192679e-05
-2.470000e-01 9.091134e-10 1.341324e-05
-2.460000e-01 9.560101e-10 1.494383e-05
-2.450000e-01 1.001620e-09 1.651192e-05
-2.440000e-01 1.045916e-09 1.811111e-05
-2.430000e-01 1.088874e-09 1.973515e-05
-2.420000e-01 1.130471e-09 2.137797e-05
-2.410000e-01 1.170683e-09 2.303369e-05
-2.400000e-01 1.209491e-09 2.469661e-05
-2.390000e-01 1.246874e-09 2.636121e-05
-2.380000e-01 1.282814e-09 2.802214e-05
-2.370000e-01 1.317295e-09 2.967424e-05
-2.360000e-01 1.350300e-09 3.131253e-05
-2.350000e-01 1.381816e-09 3.293221e-05
-2.340000e-01 1.411828e-09 3.452864e-05
-2.330000e-01 1.440326e-09 3.609740e-05
-2.320000e-01 1.467300e-09 3.763421e-05
-2.310000e-01 1.492740e-09 3.913499e-05
-2.300000e-01 1.516638e-09 4.059583e-05
-2.290000e-01 1.538988e-09 4.201300e-05
-2.280000e-01 1.559785e-09 4.338295e-05
-2.270000e-01 1.579025e-09 4.470232e-05
-2.260000e-01 1.596705e-09 4.596791e-05
-2.250000e-01 1.612824e-09 4.717670e-05
-2.240000e-01 1.627383e-09 4.832585e-05
-2.230000e-01 1.640381e-09 4.941271e-05
-2.220000e-01 1.651823e-09 5.043479e-05
-2.210000e-01 1.661710e-09 5.138979e-05
-2.200000e-01 1.670049e-09 5.227557e-05
-2.190000e-01 1.676844e-09 5.309018e-05
-2.180000e-01 1.682105e-09 5.383185e-05
-2.170000e-01 1.685837e-09 5.449897e-05
-2.160000e-01 1.688053e-09 5.509011e-05
-2.150000e-01 1.688761e-09 5.560403e-05
-2.140000e-01 1.687974e-09 5.603965e-05
-2.130000e-01 1.685705e-09 5.639606e-05
-2.120000e-01 1.681967e-09 5.667255e-05
-2.110000e-01 1.676776e-09 5.686856e-05
-2.100000e-01 1.670147e-09 5.698370e-05
-2.090000e-01 1.662098e-09 5.701778e-05
-2.080000e-01 1.652647e-09 5.697076e-05
-2.070000e-01 1.641813e-09 5.684278e-05
-2.060000e-01 1.629616e-09 5.663416e-05
-2.050000e-01 1.616076e-09 5.634537e-05
-2.040000e-01 1.601216e-09 5.597709e-05
-2.030000e-01 1.585058e-09 5.553012e-05
-2.020000e-01 1.567626e-09 5.500548e-05
-2.010000e-01 1.548944e-09 5.440433e-05
-2.000000e-01 1.529037e-09 5.372801e-05
-1.990000e-01 1.507932e-09 5.297804e-05
-1.980000e-01 1.485654e-09 5.215608e-05
-1.970000e-01 1.462233e-09 5.126400e-05
-1.960000e-01 1.437695e-09 5.030381e-05
-1.950000e-01 1.412070e-09 4.927770e-05
-1.940000e-01 1.385386e-09 4.818801e-05
-1.930000e-01 1.357675e-09 4.703728e-05
-1.920000e-01 1.328968e-09 4.582818e-05
-1.910000e-01 1.299294e-09 4.456359e-05
-1.900000e-01 1.268686e-09 4.324651e-05
-1.890000e-01 1.237177e-09 4.188014e-05
-1.880000e-01 1.204800e-09 4.046784e-05
-1.870000e-01 1.171586e-09 3.901311e-05
-1.860000e-01 1.137572e-09 3.751966e-05
-1.850000e-01 1.102789e-09 3.599132e-05
-1.840000e-01 1.067274e-09 3.443211e-05
-1.830000e-01 1.031061e-09 3.284621e-05
-1.820000e-01 9.941842e-10 3.123795e-05
-1.810000e-01 9.566803e-10 2.961184e-05
-1.800000e-01 9.185844e-10 2.797254e-05
-1.790000e-01 8.799328e-10 2.632488e-05
-1.780000e-01 8.407613e-10 2.467385e-05
-1.770000e-01 8.011064e-10 2.302460e-05
-1.760000e-01 7.610045e-10 2.138243e-05
-1.750000e-01 7.204921e-10 1.975282e-05
-1.740000e-01 6.796059e-10 1.814139e-05
-1.730000e-01 6.383827e-10 1.655394e-05
-1.720000e-01 5.968590e-10 1.499641e-05
-1.710000e-01 5.550719e-10 1.347490e-05
-1.700000e-01 5.130577e-10 1.199568e-05
-1.690000e-01 4.708534e-10 1.056518e-05
-1.680000e-01 4.284954e-10 9.189960e-06
-1.670000e-01 3.860202e-10 7.876765e-06
-1.660000e-01 3.434641e-10 6.632482e-06
-1.650000e-01 3.008634e-10 5.464158e-06
-1.640000e-01 2.582539e-10 4.378993e-06
-1.630000e-01 2.156716e-10 3.384342e-06
-1.620000e-01 1.731518e-10 2.487715e-06
-1.610000e-01 1.307299e-10 1.696775e-06
-1.600000e-01 8.844078e-11 1.019339e-06
-1.590000e-01 4.631924e-11 4.633755e-07
-1.580000e-01 4.399481e-12 3.700595e-08
-1.570000e-01 3.728454e-11 2.533890e-07
-1.560000e-01 7.869917e-11 4.116799e-07
-1.550000e-01 1.198114e-10 4.451417e-07
-1.540000e-01 1.605884e-10 3.609021e-07
-1.530000e-01 2.009977e-10 1.659387e-07
-1.520000e-01 2.410080e-10 1.329201e-07
-1.510000e-01 2.805876e-10 5.289948e-07
-1.500000e-01 3.197058e-10 1.015755e-06
-1.490000e-01 3.583326e-10 1.586817e-06
-1.480000e-01 3.964380e-10 2.235945e-06
-1.470000e-01 4.339931e-10 2.957052e-06
-1.460000e-01 4.709694e-10 3.744195e-06
-1.450000e-01 5.073389e-10 4.591579e-06
-1.440000e-01 5.430745e-10 5.493554e-06
-1.430000e-01 5.781495e-10 6.444614e-06
-1.420000e-01 6.125380e-10 7.439398e-06
-1.410000e-01 6.462149e-10 8.472692e-06
-1.400000e-01 6.791554e-10 9.539422e-06
-1.390000e-01 7.113359e-10 1.063466e-05
-1.380000e-01 7.427332e-10 1.175362e-05
-1.370000e-01 7.733250e-10 1.289165e-05
-1.360000e-01 8.030896e-10 1.404426e-05
-1.350000e-01 8.320063e-10 1.520708e-05
-1.340000e-01 8.600549e-10 1.637589e-05
-1.330000e-01 8.872164e-10 1.754661e-05
-1.320000e-01 9.134721e-10 1.871531e-05
-1.310000e-01 9.388045e-10 1.987818e-05
-1.300000e-01 9.631968e-10 2.103155e-05
-1.290000e-01 9.866329e-10 2.217192e-05
-1.280000e-01 1.009098e-09 2.329588e-05
-1.270000e-01 1.030577e-09 2.440020e-05
-1.260000e-01 1.051057e-09 2.548176e-05
-1.250000e-01 1.070526e-09 2.653759e-05
-1.240000e-01 1.088972e-09 2.756486e-05
-1.230000e-01 1.106383e-09 2.856085e-05
-1.220000e-01 1.122750e-09 2.952301e-05
-1.210000e-01 1.138064e-09 3.044889e-05
-1.200000e-01 1.152317e-09 3.133621e-05
-1.190000e-01 1.165501e-09 3.218280e-05
-1.180000e-01 1.177610e-09 3.298663e-05
-1.170000e-01 1.188638e-09 3.374580e-05
-1.160000e-01 1.198581e-09 3.445855e-05
-1.150000e-01 1.207434e-09 3.512325e-05
-1.140000e-01 1.215196e-09 3.573838e-05
-1.130000e-01 1.221864e-09 3.630259e-05
-1.120000e-01 1.227437e-09 3.681463e-05
-1.110000e-01 1.231914e-09 3.727340e-05
-1.100000e-01 1.235297e-09 3.767791e-05
-1.090000e-01 1.237586e-09 3.802732e-05
-1.080000e-01 1.238785e-09 3.832091e-05
-1.070000e-01 1.238896e-09 3.855807e-05
-1.060000e-01 1.237924e-09 3.873836e-05
-1.050000e-01 1.235873e-09 3.886143e-05
-1.040000e-01 1.232750e-09 3.892707e-05
-1.030000e-01 1.228560e-09 3.893521e-05
-1.020000e-01 1.223312e-09 3.888588e-05
-1.010000e-01 1.217014e-09 3.877925e-05
-1.000000e-01 1.209675e-09 3.861563e-05
-9.900000e-02 1.201304e-09 3.839542e-05
-9.800000e-02 1.191913e-09 3.811919e-05
-9.700000e-02 1.181513e-09 3.778759e-05
-9.600000e-02 1.170115e-09 3.740143e-05
-9.500000e-02 1.157734e-09 3.696161e-05
-9.400000e-02 1.144383e-09 3.646919e-05
-9.300000e-02 1.130076e-09 3.592531e-05
-9.200000e-02 1.114828e-09 3.533128e-05
-9.100000e-02 1.098656e-09 3.468849e-05
-9.000000e-02 1.081576e-09 3.399848e-05
-8.900000e-02 1.063604e-09 3.326289e-05
-8.800000e-02 1.044760e-09 3.248350e-05
-8.700000e-02 1.025061e-09 3.166220e-05
-8.600000e-02 1.004528e-09 3.080100e-05
-8.500000e-02 9.831783e-10 2.990203e-05
-8.400000e-02 9.610339e-10 2.896755e-05
-8.300000e-02 9.381153e-10 2.799992e-05
-8.200000e-02 9.144440e-10 2.700162e-05
-8.100000e-02 8.900421e-10 2.597528e-05
-8.000000e-02 8.649322e-10 2.492360e-05
-7.900000e-02 8.391372e-10 2.384944e-05
-7.800000e-02 8.126808e-10 2.275575e-05
-7.700000e-02 7.855869e-10 2.164561e-05
-7.600000e-02 7.578800e-10 2.052220e-05
-7.500000e-02 7.295850e-10 1.938884e-05
-7.400000e-02 7.007272e-10 1.824896e-05
-7.300000e-02 6.713322e-10 1.710608e-05
-7.200000e-02 6.414261e-10 1.596388e-05
-7.100000e-02 6.110351e-10 1.482610e-05
-7.000000e-02 5.801861e-10 1.369665e-05
-6.900000e-02 5.489060e-10 1.257951e-05
-6.800000e-02 5.172220e-10 1.147880e-05
-6.700000e-02 4.851617e-10 1.039874e-05
-6.600000e-02 4.527529e-10 9.343680e-06
-6.500000e-02 4.200235e-10 8.318062e-06
-6.400000e-02 3.870016e-10 7.326451e-06
-6.300000e-02 3.537157e-10 6.373526e-06
-6.200000e-02 3.201942e-10 5.464074e-06
-6.100000e-02 2.864658e-10 4.602996e-06
-6.000000e-02 2.525590e-10 3.795304e-06
-5.900000e-02 2.185027e-10 3.046119e-06
-5.800000e-02 1.843258e-10 2.360677e-06
-5.700000e-02 1.500571e-10 1.744322e-06
-5.600000e-02 1.157255e-10 1.202508e-06
-5.500000e-02 8.136001e-11 7.408004e-07
-5.400000e-02 4.698937e-11 3.648741e-07
-5.300000e-02 1.264244e-11 8.051336e-08
-5.200000e-02 2.165206e-11 1.068708e-07
-5.100000e-02 5.586550e-11 1.981501e-07
-5.000000e-02 8.996934e-11 1.986148e-07
-4.900000e-02 1.239352e-10 1.135420e-07
-4.800000e-02 1.577349e-10 5.189951e-08
-4.700000e-02 1.913403e-10 2.926489e-07
-4.600000e-02 2.247237e-10 6.037535e-07
-4.500000e-02 2.578574e-10 9.803681e-07
-4.400000e-02 2.907141e-10 1.417755e-06
-4.300000e-02 3.232666e-10 1.911285e-06
-4.200000e-02 3.554882e-10 2.456433e-06
-4.100000e-02 3.873523e-10 3.048784e-06
-4.000000e-02 4.188328e-10 3.684028e-06
-3.900000e-02 4.499038e-10 4.357962e-06
-3.800000e-02 4.805399e-10 5.066488e-06
-3.700000e-02 5.107159e-10 5.805616e-06
-3.600000e-02 5.404073e-10 6.571462e-06
-3.500000e-02 5.695896e-10 7.360245e-06
-3.400000e-02 5.982392e-10 8.168292e-06
-3.300000e-02 6.263326e-10 8.992035e-06
-3.200000e-02 6.538470e-10 9.828011e-06
-3.100000e-02 6.807599e-10 1.067286e-05
-3.000000e-02 7.070495e-10 1.152334e-05
-2.900000e-02 7.326944e-10 1.237628e-05
-2.800000e-02 7.576738e-10 1.322866e-05
-2.700000e-02 7.819674e-10 1.407753e-05
-2.600000e-02 8.055555e-10 1.492005e-05
-2.500000e-02 8.284190e-10 1.575350e-05
-2.400000e-02 8.505394e-10 1.657525e-05
-2.300000e-02 8.718987e-10 1.738278e-05
-2.200000e-02 8.924798e-10 1.817366e-05
-2.100000e-02 9.122659e-10 1.894559e-05
-2.000000e-02 9.312411e-10 1.969635e-05
-1.900000e-02 9.493901e-10 2.042384e-05
-1.800000e-02 9.666982e-10 2.112604e-05
-1.700000e-02 9.831514e-10 2.180107e-05
-1.600000e-02 9.987365e-10 2.244711e-05
-1.500000e-02 1.013441e-09 2.306249e-05
-1.400000e-02 1.027253e-09 2.364560e-05
-1.300000e-02 1.040161e-09 2.419495e-05
-1.200000e-02 1.052155e-09 2.470917e-05
-1.100000e-02 1.063226e-09 2.518697e-05
-1.000000e-02 1.073364e-09 2.562717e-05
-9.000000e-03 1.082561e-09 2.602869e-05
-8.000000e-03 1.090810e-09 2.639056e-05
-7.000000e-03 1.098104e-09 2.671191e-05
-6.000000e-03 1.104437e-09 2.699197e-05
-5.000000e-03 1.109805e-09 2.723007e-05
-4.000000e-03 1.114203e-09 2.742564e-05
-3.000000e-03 1.117627e-09 2.757823e-05
-2.000000e-03 1.120075e-09 2.768749e-05
-1.000000e-03 1.121544e-09 2.775314e-05
8.812395e-16 1.122034e-09 2.777504e-05
1.000000e-03 1.121544e-09 2.775314e-05
2.000000e-03 1.120075e-09 2.768749e-05
3.000000e-03 1.117627e-09 2.757823e-05
4.000000e-03 1.114203e-09 2.742564e-05
5.000000e-03 1.109805e-09 2.723007e-05
6.000000e-03 1.104437e-09 2.699197e-05
7.000000e-03 1.098104e-09 2.671191e-05
8.000000e-03 1.090810e-09 2.639056e-05
9.000000e-03 1.082561e-09 2.602869e-05
1.000000e-02 1.073364e-09 2.562717e-05
1.100000e-02 1.063226e-09 2.518697e-05
1.200000e-02 1.052155e-09 2.470917e-05
1.300000e-02 1.040161e-09 2.419495e-05
1.400000e-02 1.027253e-09 2.364560e-05
1.500000e-02 1.013441e-09 2.306249e-05
1.600000e-02 9.987365e-10 2.244711e-05
1.700000e-02 9.831514e-10 2.180107e-05
1.800000e-02 9.666982e-10 2.112604e-05
1.900000e-02 9.493901e-10 2.042384e-05
2.000000e-02 9.312411e-10 1.969635e-05
2.100000e-02 9.122659e-10 1.894559e-05
2.200000e-02 8.924798e-10 1.817366e-05
2.300000e-02 8.718987e-10 1.738278e-05
2.400000e-02 8.505394e-10 1.657525e-05
2.500000e-02 8.284190e-10 1.575350e-05
2.600000e-02 8.055555e-10 1.492005e-05
2.700000e-02 7.819674e-10 1.407753e-05
2.800000e-02 7.576738e-10 1.322866e-05
2.900000e-02 7.326945e-10 1.237628e-05
3.000000e-02 7.070495e-10 1.152334e-05
3.100000e-02 6.807599e-10 1.067286e-05
3.200000e-02 6.538470e-10 9.828011e-06
3.300000e-02 6.263326e-10 8.992035e-06
3.400000e-02 5.982392e-10 8.168292e-06
3.500000e-02 5.695896e-10 7.360245e-06
3.600000e-02 5.404073e-10 6.571462e-06
3.700000e-02 5.107159e-10 5.805616e-06
3.800000e-02 4.805399e-10 5.066488e-06
3.900000e-02 4.499038e-10 4.357962e-06
4.000000e-02 4.188328e-10 3.684028e-06
4.100000e-02 3.873523e-10 3.048784e-06
4.200000e-02 3.554882e-10 2.456433e-06
4.300000e-02 3.232666e-10 1.911285e-06
4.400000e-02 2.907141e-10 1.417755e-06
4.500000e-02 2.578574e-10 9.803681e-07
4.600000e-02 2.247237e-10 6.037535e-07
4.700000e-02 1.913403e-10 2.926489e-07
4.800000e-02 1.577349e-10 5.189951e-08
4.900000e-02 1.239352e-10 1.135420e-07
5.000000e-02 8.996934e-11 1.986148e-07
5.100000e-02 5.586550e-11 1.981501e-07
5.200000e-02 2.165206e-11 1.068708e-07
5.300000e-02 1.264244e-11 8.051336e-08
5.400000e-02 4.698937e-11 3.648741e-07
5.500000e-02 8.136001e-11 7.408004e-07
5.600000e-02 1.157255e-10 1.202508e-06
5.700000e-02 1.500571e-10 1.744322e-06
5.800000e-02 1.843258e-10 2.360677e-06
5.900000e-02 2.185027e-10 3.046119e-06
6.000000e-02 2.525590e-10 3.795304e-06
6.100000e-02 2.864657e-10 4.602996e-06
6.200000e-02 3.201942e-10 5.464074e-06
6.300000e-02 3.537157e-10 6.373526e-06
6.400000e-02 3.870016e-10 7.326451e-06
6.500000e-02 4.200235e-10 8.318062e-06
6.600000e-02 4.527529e-10 9.343680e-06
6.700000e-02 4.851617e-10 1.039874e-05
6.800000e-02 5.172220e-10 1.147880e-05
6.900000e-02 5.489059e-10 1.257951e-05
7.000000e-02 5.801861e-10 1.369665e-05
7.100000e-02 6.110351e-10 1.482610e-05
7.200000e-02 6.414261e-10 1.596388e-05
7.300000e-02 6.713322e-10 1.710608e-05
7.400000e-02 7.007272e-10 1.824896e-05
7.500000e-02 7.295850e-10 1.938884e-05
7.600000e-02 7.578800e-10 2.052220e-05
7.700000e-02 7.855869e-10 2.164561e-05
7.800000e-02 8.126808e-10 2.275575e-05
7.900000e-02 8.391372e-10 2.384944e-05
8.000000e-02 8.649321e-10 2.492360e-05
8.100000e-02 8.900421e-10 2.597528e-05
8.200000e-02 9.144440e-10 2.700162e-05
8.300000e-02 9.381152e-10 2.799992e-05
8.400000e-02 9.610338e-10 2.896755e-05
8.500000e-02 9.831783e-10 2.990203e-05
8.600000e-02 1.004528e-09 3.080100e-05
8.700000e-02 1.025061e-09 3.166220e-05
8.800000e-02 1.044760e-09 3.248350e-05
8.900000e-02 1.063604e-09 3.326289e-05
9.000000e-02 1.081575e-09 3.399848e-05
9.100000e-02 1.098656e-09 3.468849e-05
9.200000e-02 1.114828e-09 3.533128e-05
9.300000e-02 1.130076e-09 3.592531e-05
9.400000e-02 1.144383e-09 3.646919e-05
9.500000e-02 1.157734e-09 3.696161e-05
9.600000e-02 1.170115e-09 3.740143e-05
9.700000e-02 1.181513e-09 3.778759e-05
9.800000e-02 1.191913e-09 3.811919e-05
9.900000e-02 1.201304e-09 3.839542e-05
1.000000e-01 1.209675e-09 3.861563e-05
1.010000e-01 1.217014e-09 3.877925e-05
1.020000e-01 1.223312e-09 3.888588e-05
1.030000e-01 1.228560e-09 3.893521e-05
1.040000e-01 1.232750e-09 3.892707e-05
1.050000e-01 1.235873e-09 3.886143e-05
1.060000e-01 1.237924e-09 3.873836e-05
1.070000e-01 1.238896e-09 3.855807e-05
1.080000e-01 1.238785e-09 3.832091e-05
1.090000e-01 1.237586e-09 3.802732e-05
1.100000e-01 1.235297e-09 3.767791e-05
1.110000e-01 1.231914e-09 3.727340e-05
1.120000e-01 1.227437e-09 3.681463e-05
1.130000e-01 1.221864e-09 3.630259e-05
1.140000e-01 1.215196e-09 3.573838e-05
1.150000e-01 1.207434e-09 3.512325e-05
1.160000e-01 1.198581e-09 3.445855e-05
1.170000e-01 1.188638e-09 3.374580e-05
1.180000e-01 1.177610e-09 3.298663e-05
1.190000e-01 1.165501e-09 3.218280e-05
1.200000e-01 1.152317e-09 3.133621e-05
1.210000e-01 1.138064e-09 3.044889e-05
1.220000e-01 1.122750e-09 2.952301e-05
1.230000e-01 1.106383e-09 2.856085e-05
1.240000e-01 1.088972e-09 2.756486e-05
1.250000e-01 1.070526e-09 2.653759e-05
1.260000e-01 1.051057e-09 2.548176e-05
1.270000e-01 1.030577e-09 2.440020e-05
1.280000e-01 1.009098e-09 2.329588e-05
1.290000e-01 9.866329e-10 2.217192e-05
1.300000e-01 9.631967e-10 2.103155e-05
1.310000e-01 9.388045e-10 1.987818e-05
1.320000e-01 9.134721e-10 1.871531e-05
1.330000e-01 8.872164e-10 1.754661e-05
1.340000e-01 8.600549e-10 1.637589e-05
1.350000e-01 8.320062e-10 1.520708e-05
1.360000e-01 8.030896e-10 1.404426e-05
1.370000e-01 7.733250e-10 1.289165e-05
1.380000e-01 7.427332e-10 1.175362e-05
1.390000e-01 7.113359e-10 1.063466e-05
1.400000e-01 6.791554e-10 9.539422e-06
1.410000e-01 6.462149e-10 8.472692e-06
1.420000e-01 6.125380e-10 7.439398e-06
1.430000e-01 5.781495e-10 6.444614e-06
1.440000e-01 5.430745e-10 5.493554e-06
1.450000e-01 5.073389e-10 4.591579e-06
1.460000e-01 4.709694e-10 3.744195e-06
1.470000e-01 4.339931e-10 2.957052e-06
1.480000e-01 3.964380e-10 2.235945e-06
1.490000e-01 3.583326e-10 1.586817e-06
1.500000e-01 3.197058e-10 1.015755e-06
1.510000e-01 2.805876e-10 5.289948e-07
1.520000e-01 2.410080e-10 1.329201e-07
1.530000e-01 2.009978e-10 1.659387e-07
1.540000e-01 1.605883e-10 3.609021e-07
1.550000e-01 1.198114e-10 4.451417e-07
1.560000e-01 7.869919e-11 4.116799e-07
1.570000e-01 3.728449e-11 2.533890e-07
1.580000e-01 4.399481e-12 3.700595e-08
1.590000e-01 4.631931e-11 4.633755e-07
1.600000e-01 8.844085e-11 1.019339e-06
1.610000e-01 1.307299e-10 1.696775e-06
1.620000e-01 1.731519e-10 2.487715e-06
1.630000e-01 2.156716e-10 3.384342e-06
1.640000e-01 2.582539e-10 4.378993e-06
1.650000e-01 3.008634e-10 5.464158e-06
1.660000e-01 3.434642e-10 6.632482e-06
1.670000e-01 3.860202e-10 7.876765e-06
1.680000e-01 4.284954e-10 9.189960e-06
1.690000e-01 4.708534e-10 1.056518e-05
1.700000e-01 5.130577e-10 1.199568e-05
1.710000e-01 5.550718e-10 1.347490e-05
1.720000e-01 5.968591e-10 1.499641e-05
1.730000e-01 6.383827e-10 1.655394e-05
1.740000e-01 6.796059e-10 1.814139e-05
1.750000e-01 7.204920e-10 1.975282e-05
1.760000e-01 7.610044e-10 2.138243e-05
1.770000e-01 8.011064e-10 2.302460e-05
1.780000e-01 8.407614e-10 2.467385e-05
1.790000e-01 8.799328e-10 2.632488e-05
1.800000e-01 9.185845e-10 2.797254e-05
1.810000e-01 9.566803e-10 2.961184e-05
1.820000e-01 9.941842e-10 3.123795e-05
1.830000e-01 1.031061e-09 3.284621e-05
1.840000e-01 1.067274e-09 3.443211e-05
1.850000e-01 1.102789e-09 3.599132e-05
1.860000e-01 1.137572e-09 3.751966e-05
1.870000e-01 1.171586e-09 3.901311e-05
1.880000e-01 1.204799e-09 4.046784e-05
1.890000e-01 1.237177e-09 4.188014e-05
1.900000e-01 1.268686e-09 4.324651e-05
1.910000e-01 1.299294e-09 4.456359e-05
1.920000e-01 1.328968e-09 4.582818e-05
1.930000e-01 1.357676e-09 4.703728e-05
1.940000e-01 1.385386e-09 4.818801e-05
1.950000e-01 1.412070e-09 4.927770e-05
1.960000e-01 1.437695e-09 5.030381e-05
1.970000e-01 1.462233e-09 5.126400e-05
1.980000e-01 1.485654e-09 5.215608e-05
1.990000e-01 1.507932e-09 5.297804e-05
2.000000e-01 1.529037e-09 5.372801e-05
2.010000e-01 1.548944e-09 5.440433e-05
2.020000e-01 1.567626e-09 5.500548e-05
2.030000e-01 1.585058e-09 5.553012e-05
2.040000e-01 1.601216e-09 5.597709e-05
2.050000e-01 1.616076e-09 5.634537e-05
2.060000e-01 1.629616e-09 5.663416e-05
2.070000e-01 1.641813e-09 5.684278e-05
2.080000e-01 1.652647e-09 5.697076e-05
2.090000e-01 1.662098e-09 5.701778e-05
2.100000e-01 1.670147e-09 5.698370e-05
2.110000e-01 1.676776e-09 5.686856e-05
2.120000e-01 1.681967e-09 5.667255e-05
2.130000e-01 1.685705e-09 5.639606e-05
2.140000e-01 1.687974e-09 5.603965e-05
2.150000e-01 1.688761e-09 5.560403e-05
2.160000e-01 1.688053e-09 5.509011e-05
2.170000e-01 1.685837e-09 5.449897e-05
2.180000e-01 1.682104e-09 5.383185e-05
2.190000e-01 1.676844e-09 5.309018e-05
2.200000e-01 1.670049e-09 5.227557e-05
2.210000e-01 1.661710e-09 5.138979e-05
2.220000e-01 1.651822e-09 5.043479e-05
2.230000e-01 1.640381e-09 4.941271e-05
2.240000e-01 1.627383e-09 4.832585e-05
2.250000e-01 1.612824e-09 4.717670e-05
2.260000e-01 1.596705e-09 4.596791e-05
2.270000e-01 1.579025e-09 4.470232e-05
2.280000e-01 1.559785e-09 4.338295e-05
2.290000e-01 1.538988e-09 4.201300e-05
2.300000e-01 1.516638e-09 4.059583e-05
2.310000e-01 1.492740e-09 3.913499e-05
2.320000e-01 1.467300e-09 3.763421e-05
2.330000e-01 1.440327e-09 3.609740e-05
2.340000e-01 1.411828e-09 3.452864e-05
2.350000e-01 1.381816e-09 3.293221e-05
2.360000e-01 1.350300e-09 3.131253e-05
2.370000e-01 1.317295e-09 2.967424e-05
2.380000e-01 1.282814e-09 2.802214e-05
2.390000e-01 1.246874e-09 2.636121e-05
2.400000e-01 1.209491e-09 2.469661e-05
2.410000e-01 1.170683e-09 2.303369e-05
2.420000e-01 1.130471e-09 2.137797e-05
2.430000e-01 1.088874e-09 1.973515e-05
2.440000e-01 1.045916e-09 1.811111e-05
2.450000e-01 1.001620e-09 1.651192e-05
2.460000e-01 9.560101e-10 1.494383e-05
2.470000e-01 9.091134e-10 1.341324e-05
2.480000e-01 8.609571e-10 1.192679e-05
2.490000e-01 8.115700e-10 1.049124e-05
2.500000e-01 7.609823e-10 9.113565e-06
2.510000e-01 7.092247e-10 7.800915e-06
2.520000e-01 6.563306e-10 6.560619e-06
2.530000e-01 6.023333e-10 5.400185e-06
2.540000e-01 5.472681e-10 4.327305e-06
2.550000e-01 4.911708e-10 3.349851e-06
2.560000e-01 4.340796e-10 2.475876e-06
2.570000e-01 3.760325e-10 1.713614e-06
2.580000e-01 3.170698e-10 1.071480e-06
2.590000e-01 2.572321e-10 5.580705e-07
2.600000e-01 1.965622e-10 1.821617e-07
2.610000e-01 1.351023e-10 4.728837e-08
2.620000e-01 7.289769e-11 1.211408e-07
2.630000e-01 9.993145e-12 3.007629e-08
2.640000e-01 5.356460e-11 2.334825e-07
2.650000e-01 1.177280e-10 6.648572e-07
2.660000e-01 1.824488e-10 1.254602e-06
2.670000e-01 2.476775e-10 1.993438e-06
2.680000e-01 3.133635e-10 2.872268e-06
2.690000e-01 3.794561e-10 3.882173e-06
2.700000e-01 4.459022e-10 5.014417e-06
2.710000e-01 5.126497e-10 6.260440e-06
2.720000e-01 5.796438e-10 7.611865e-06
2.730000e-01 6.468306e-10 9.060493e-06
2.740000e-01 7.141540e-10 1.059830e-05
2.750000e-01 7.815584e-10 1.221746e-05
2.760000e-01 8.489866e-10 1.391029e-05
2.770000e-01 9.163813e-10 1.566933e-05
2.780000e-01 9.836839e-10 1.748725e-05
2.790000e-01 1.050836e-09 1.935695e-05
2.800000e-01 1.117779e-09 2.127146e-05
2.810000e-01 1.184452e-09 2.322402e-05
2.820000e-01 1.250794e-09 2.520804e-05
2.830000e-01 1.316747e-09 2.721710e-05
2.840000e-01 1.382248e-09 2.924495e-05
2.850000e-01 1.447235e-09 3.128554e-05
2.860000e-01 1.511648e-09 3.333298e-05
2.870000e-01 1.575424e-09 3.538155e-05
2.880000e-01 1.638501e-09 3.742573e-05
2.890000e-01 1.700817e-09 3.946015e-05
2.900000e-01 1.762309e-09 4.147962e-05
2.910000e-01 1.822914e-09 4.347912e-05
2.920000e-01 1.882570e-09 4.545384e-05
2.930000e-01 1.941215e-09 4.739908e-05
2.940000e-01 1.998785e-09 4.931037e-05
2.950000e-01 2.055219e-09 5.118339e-05
2.960000e-01 2.110453e-09 5.301398e-05
2.970000e-01 2.164427e-09 5.479816e-05
2.980000e-01 2.217078e-09 5.653214e-05
2.990000e-01 2.268345e-09 5.821228e-05
3.000000e-01 2.318167e-09 5.983510e-05
3.010000e-01 2.366482e-09 6.139732e-05
3.020000e-01 2.413232e-09 6.289581e-05
3.030000e-01 2.458355e-09 6.432760e-05
3.040000e-01 2.501793e-09 6.568990e-05
3.050000e-01 2.543488e-09 6.698009e-05
3.060000e-01 2.583381e-09 6.819572e-05
3.070000e-01 2.621416e-09 6.933448e-05
3.080000e-01 2.657536e-09 7.039424e-05
3.090000e-01 2.691685e-09 7.137305e-05
3.100000e-01 2.723809e-09 7.226910e-05
3.110000e-01 2.753855e-09 7.308076e-05
3.120000e-01 2.781770e-09 7.380655e-05
3.130000e-01 2.807502e-09 7.444515e-05
3.140000e-01 2.831000e-09 7.499542e-05
3.150000e-01 2.852215e-09 7.545635e-05
3.160000e-01 2.871100e-09 7.582712e-05
3.170000e-01 2.887607e-09 7.610705e-05
3.180000e-01 2.901691e-09 7.629562e-05
3.190000e-01 2.913308e-09 7.639246e-05
3.200000e-01 2.922414e-09 7.639738e-05
3.210000e-01 2.928969e-09 7.631032e-05
3.220000e-01 2.932933e-09 7.613138e-05
3.230000e-01 2.934268e-09 7.586082e-05
3.240000e-01 2.932937e-09 7.549905e-05
3.250000e-01 2.928905e-09 7.504663e-05
3.260000e-01 2.922140e-09 7.450426e-05
3.270000e-01 2.912610e-09 7.387280e-05
3.280000e-01 2.900286e-09 7.315327e-05
3.290000e-01 2.885140e-09 7.234681e-05
3.300000e-01 2.867146e-09 7.145472e-05
3.310000e-01 2.846282e-09 7.047846e-05
3.320000e-01 2.822524e-09 6.941961e-05
3.330000e-01 2.795854e-09 6.827990e-05
3.340000e-01 2.766255e-09 6.706121e-05
3.350000e-01 2.733710e-09 6.576555e-05
3.360000e-01 2.698208e-09 6.439508e-05
3.370000e-01 2.659737e-09 6.295209e-05
3.380000e-01 2.618288e-09 6.143901e-05
3.390000e-01 2.573857e-09 5.985841e-05
3.400000e-01 2.526438e-09 5.821299e-05
3.410000e-01 2.476030e-09 5.650558e-05
3.420000e-01 2.422635e-09 5.473915e-05
3.430000e-01 2.366257e-09 5.291680e-05
3.440000e-01 2.306900e-09 5.104176e-05
3.450000e-01 2.244575e-09 4.911738e-05
3.460000e-01 2.179291e-09 4.714715e-05
3.470000e-01 2.111064e-09 4.513467e-05
3.480000e-01 2.039909e-09 4.308368e-05
3.490000e-01 1.965846e-09 4.099803e-05
3.500000e-01 1.888896e-09 3.888170e-05
3.510000e-01 1.809085e-09 3.673880e-05
3.520000e-01 1.726440e-09 3.457352e-05
3.530000e-01 1.640990e-09 3.239022e-05
3.540000e-01 1.552770e-09 3.019333e-05
3.550000e-01 1.461813e-09 2.798742e-05
3.560000e-01 1.368160e-09 2.577717e-05
3.570000e-01 1.271852e-09 2.356735e-05
3.580000e-01 1.172932e-09 2.136287e-05
3.590000e-01 1.071449e-09 1.916873e-05
3.600000e-01 9.674513e-10 1.699004e-05
3.610000e-01 8.609930e-10 1.483201e-05
3.620000e-01 7.521296e-10 1.269995e-05
3.630000e-01 6.409199e-10 1.059929e-05
3.640000e-01 5.274252e-10 8.535545e-06
3.650000e-01 4.117108e-10 6.514321e-06
3.660000e-01 2.938433e-10 4.541333e-06
3.670000e-01 1.738933e-10 2.622383e-06
3.680000e-01 5.193418e-11 7.633696e-07
3.690000e-01 7.195822e-11 1.029984e-06
3.700000e-01 1.977050e-10 2.756128e-06
3.710000e-01 3.252245e-10 4.416896e-06
3.720000e-01 4.544317e-10 6.014137e-06
3.730000e-01 5.852399e-10 7.549616e-06
3.740000e-01 7.175580e-10 9.025019e-06
3.750000e-01 8.512936e-10 1.044195e-05
3.760000e-01 9.863512e-10 1.180195e-05
3.770000e-01 1.122632e-09 1.310645e-05
3.780000e-01 1.260035e-09 1.435686e-05
3.790000e-01 1.398457e-09 1.555447e-05
3.800000e-01 1.537790e-09 1.670052e-05
3.810000e-01 1.677928e-09 1.779620e-05
3.820000e-01 1.818757e-09 1.884261e-05
3.830000e-01 1.960164e-09 1.984081e-05
3.840000e-01 2.102033e-09 2.079177e-05
3.850000e-01 2.244244e-09 2.169643e-05
3.860000e-01 2.386678e-09 2.255566e-05
3.870000e-01 2.529210e-09 2.337028e-05
3.880000e-01 2.671715e-09 2.414107e-05
3.890000e-01 2.814065e-09 2.486873e-05
3.900000e-01 2.956130e-09 2.555395e-05
3.910000e-01 3.097779e-09 2.619735e-05
3.920000e-01 3.238878e-09 2.679951e-05
3.930000e-01 3.379291e-09 2.736099e-05
3.940000e-01 3.518880e-09 2.788229e-05
3.950000e-01 3.657506e-09 2.836389e-05
3.960000e-01 3.795029e-09 2.880623e-05
3.970000e-01 3.931305e-09 2.920971e-05
3.980000e-01 4.066190e-09 2.957473e-05
3.990000e-01 4.199541e-09 2.990165e-05
4.000000e-01 4.331209e-09 3.019079e-05
4.010000e-01 4.461046e-09 3.044248e-05
4.020000e-01 4.588904e-09 3.065702e-05
4.030000e-01 4.714632e-09 3.083468e-05
4.040000e-01 4.838080e-09 3.097575e-05
4.050000e-01 4.959095e-09 3.108049e-05
4.060000e-01 5.077526e-09 3.114915e-05
4.070000e-01 5.193217e-09 3.118199e-05
4.080000e-01 5.306018e-09 3.117925e-05
4.090000e-01 5.415772e-09 3.114119e-05
4.100000e-01 5.522326e-09 3.106807e-05
4.110000e-01 5.625525e-09 3.096015e-05
4.120000e-01 5.725216e-09 3.081770e-05
4.130000e-01 5.821243e-09 3.064102e-05
4.140000e-01 5.913453e-09 3.043040e-05
4.150000e-01 6.001691e-09 3.018616e-05
4.160000e-01 6.085805e-09 2.990865e-05
4.170000e-01 6.165642e-09 2.959822e-05
4.180000e-01 6.241049e-09 2.925529e-05
4.190000e-01 6.311878e-09 2.888026e-05
4.200000e-01 6.377976e-09 2.847361e-05
4.210000e-01 6.439195e-09 2.803581e-05
4.220000e-01 6.495390e-09 2.756741e-05
4.230000e-01 6.546412e-09 2.706897e-05
4.240000e-01 6.592118e-09 2.654113e-05
4.250000e-01 6.632366e-09 2.598455e-05
4.260000e-01 6.667016e-09 2.539996e-05
4.270000e-01 6.695927e-09 2.478812e-05
4.280000e-01 6.718966e-09 2.414988e-05
4.290000e-01 6.735997e-09 2.348613e-05
4.300000e-01 6.746890e-09 2.279784e-05
4.310000e-01 6.751516e-09 2.208603e-05
4.320000e-01 6.749750e-09 2.135181e-05
4.330000e-01 6.741468e-09 2.059635e-05
4.340000e-01 6.726552e-09 1.982091e-05
4.350000e-01 6.704886e-09 1.902682e-05
4.360000e-01 6.676357e-09 1.821549e-05
4.370000e-01 6.640856e-09 1.738845e-05
4.380000e-01 6.598280e-09 1.654729e-05
4.390000e-01 6.548526e-09 1.569370e-05
4.400000e-01 6.491499e-09 1.482949e-05
4.410000e-01 6.427106e-09 1.395653e-05
4.420000e-01 6.355260e-09 1.307684e-05
4.430000e-01 6.275878e-09 1.219253e-05
4.440000e-01 6.188882e-09 1.130583e-05
4.450000e-01 6.094198e-09 1.041906e-05
4.460000e-01 5.991760e-09 9.534687e-06
4.470000e-01 5.881505e-09 8.655302e-06
4.480000e-01 5.763376e-09 7.783612e-06
4.490000e-01 5.637323e-09 6.922459e-06
4.500000e-01 5.503300e-09 6.074819e-06
4.510000e-01 5.361267e-09 5.243807e-06
4.520000e-01 5.211194e-09 4.432680e-06
4.530000e-01 5.053052e-09 3.644842e-06
4.540000e-01 4.886823e-09 2.883846e-06
4.550000e-01 4.712492e-09 2.153398e-06
4.560000e-01 4.530056e-09 1.457361e-06
4.570000e-01 4.339513e-09 7.997626e-07
4.580000e-01 4.140871e-09 1.847915e-07
4.590000e-01 3.934147e-09 3.831922e-07
4.600000e-01 3.719364e-09 8.996561e-07
4.610000e-01 3.496550e-09 1.359890e-06
4.620000e-01 3.265747e-09 1.759005e-06
4.630000e-01 3.026998e-09 2.091924e-06
4.640000e-01 2.780360e-09 2.353384e-06
4.650000e-01 2.525893e-09 2.537927e-06
4.660000e-01 2.263669e-09 2.639898e-06
4.670000e-01 1.993768e-09 2.653443e-06
4.680000e-01 1.716278e-09 2.572502e-06
4.690000e-01 1.431295e-09 2.390803e-06
4.700000e-01 1.138925e-09 2.101865e-06
4.710000e-01 8.392815e-10 1.698985e-06
4.720000e-01 5.324894e-10 1.175243e-06
4.730000e-01 2.186809e-10 5.234888e-07
4.740000e-01 1.020019e-10 2.635461e-07
4.750000e-01 4.294082e-10 1.185890e-06
4.760000e-01 7.633763e-10 2.231668e-06
4.770000e-01 1.103736e-09 3.388134e-06
4.780000e-01 1.450308e-09 4.642788e-06
4.790000e-01 1.802903e-09 5.983384e-06
4.800000e-01 2.161320e-09 7.397931e-06
4.810000e-01 2.525351e-09 8.874697e-06
4.820000e-01 2.894777e-09 1.040221e-05
4.830000e-01 3.269368e-09 1.196929e-05
4.840000e-01 3.648887e-09 1.356499e-05
4.850000e-01 4.033083e-09 1.517867e-05
4.860000e-01 4.421699e-09 1.679997e-05
4.870000e-01 4.814465e-09 1.841880e-05
4.880000e-01 5.211102e-09 2.002539e-05
4.890000e-01 5.611322e-09 2.161023e-05
4.900000e-01 6.014825e-09 2.316413e-05
4.910000e-01 6.421303e-09 2.467821e-05
4.920000e-01 6.830437e-09 2.614388e-05
4.930000e-01 7.241898e-09 2.755288e-05
4.940000e-01 7.655347e-09 2.889726e-05
4.950000e-01 8.070436e-09 3.016939e-05
4.960000e-01 8.486806e-09 3.136197e-05
4.970000e-01 8.904089e-09 3.246804e-05
4.980000e-01 9.321908e-09 3.348097e-05
4.990000e-01 9.739876e-09 3.439446e-05
5.000000e-01 1.015760e-08 3.520256e-05
5.010000e-01 1.057466e-08 3.589969e-05
5.020000e-01 1.099066e-08 3.648060e-05
5.030000e-01 1.140516e-08 3.694041e-05
5.040000e-01 1.181774e-08 3.727461e-05
5.050000e-01 1.222795e-08 3.747904e-05
5.060000e-01 1.263533e-08 3.754992e-05
5.070000e-01 1.303945e-08 3.748388e-05
5.080000e-01 1.343981e-08 3.727788e-05
5.090000e-01 1.383596e-08 3.692930e-05
5.100000e-01 1.422741e-08 3.643590e-05
5.110000e-01 1.461366e-08 3.579586e-05
5.120000e-01 1.499422e-08 3.500773e-05
5.130000e-01 1.536858e-08 3.407048e-05
5.140000e-01 1.573624e-08 3.298350e-05
5.150000e-01 1.609667e-08 3.174658e-05
5.160000e-01 1.644935e-08 3.035994e-05
5.170000e-01 1.679376e-08 2.882422e-05
5.180000e-01 1.712934e-08 2.714051e-05
5.190000e-01 1.745557e-08 2.531031e-05
5.200000e-01 1.777189e-08 2.333557e-05
5.210000e-01 1.807776e-08 2.121869e-05
5.220000e-01 1.837262e-08 1.896250e-05
5.230000e-01 1.865591e-08 1.657031e-05
5.240000e-01 1.892707e-08 1.404588e-05
5.250000e-01 1.918553e-08 1.139343e-05
5.260000e-01 1.943074e-08 8.617648e-06
5.270000e-01 1.966210e-08 5.723702e-06
5.280000e-01 1.987906e-08 2.717235e-06
5.290000e-01 2.008105e-08 3.956243e-07
5.300000e-01 2.026748e-08 3.608261e-06
5.310000e-01 2.043778e-08 6.913567e-06
5.320000e-01 2.059139e-08 1.030393e-05
5.330000e-01 2.072772e-08 1.377125e-05
5.340000e-01 2.084621e-08 1.730690e-05
5.350000e-01 2.094629e-08 2.090176e-05
5.360000e-01 2.102739e-08 2.454617e-05
5.370000e-01 2.108894e-08 2.822996e-05
5.380000e-01 2.113039e-08 3.194244e-05
5.390000e-01 2.115117e-08 3.567238e-05
5.400000e-01 2.115075e-08 3.940800e-05
5.410000e-01 2.112857e-08 4.313701e-05
5.420000e-01 2.108408e-08 4.684655e-05
5.430000e-01 2.101677e-08 5.052320e-05
5.440000e-01 2.092611e-08 5.415302e-05
5.450000e-01 2.081157e-08 5.772146e-05
5.460000e-01 2.067265e-08 6.121346e-05
5.470000e-01 2.050885e-08 6.461333e-05
5.480000e-01 2.031968e-08 6.790485e-05
5.490000e-01 2.010466e-08 7.107120e-05
5.500000e-01 1.986334e-08 7.409498e-05
5.510000e-01 1.959524e-08 7.695819e-05
5.520000e-01 1.929995e-08 7.964225e-05
5.530000e-01 1.897702e-08 8.212798e-05
5.540000e-01 1.862605e-08 8.439557e-05
5.550000e-01 1.824665e-08 8.642464e-05
5.560000e-01 1.783843e-08 8.819417e-05
5.570000e-01 1.740104e-08 8.968252e-05
5.580000e-01 1.693412e-08 9.086744e-05
5.590000e-01 1.643737e-08 9.172605e-05
5.600000e-01 1.591046e-08 9.223483e-05
5.610000e-01 1.535312e-08 9.236963e-05
5.620000e-01 1.476509e-08 9.210565e-05
5.630000e-01 1.414612e-08 9.141744e-05
5.640000e-01 1.349600e-08 9.027892e-05
5.650000e-01 1.281454e-08 8.866333e-05
5.660000e-01 1.210157e-08 8.654326e-05
5.670000e-01 1.135694e-08 8.389064e-05
5.680000e-01 1.058054e-08 8.067672e-05
5.690000e-01 9.772293e-09 7.687207e-05
5.700000e-01 8.932127e-09 7.244661e-05
5.710000e-01 8.060017e-09 6.736954e-05
5.720000e-01 7.155964e-09 6.160939e-05
5.730000e-01 6.220000e-09 5.513400e-05
5.740000e-01 5.252189e-09 4.791052e-05
5.750000e-01 4.252627e-09 3.990537e-05
5.760000e-01 3.221447e-09 3.108429e-05
5.770000e-01 2.158813e-09 2.141230e-05
5.780000e-01 1.064927e-09 1.085370e-05
5.790000e-01 5.997430e-11 6.279023e-07
5.800000e-01 1.215615e-09 1.305170e-05
5.810000e-01 2.401682e-09 2.637626e-05
5.820000e-01 3.617824e-09 4.054778e-05
5.830000e-01 4.863647e-09 5.551319e-05
5.840000e-01 6.138720e-09 7.122017e-05
5.850000e-01 7.442568e-09 8.761715e-05
5.860000e-01 8.774675e-09 1.046533e-04
5.870000e-01 1.013448e-08 1.222785e-04
5.880000e-01 1.152138e-08 1.404435e-04
5.890000e-01 1.293473e-08 1.590998e-04
5.900000e-01 1.437383e-08 1.781994e-04
5.910000e-01 1.583795e-08 1.976954e-04
5.920000e-01 1.732630e-08 2.175416e-04
5.930000e-01 1.883803e-08 2.376925e-04
5.940000e-01 2.037229e-08 2.581034e-04
5.950000e-01 2.192812e-08 2.787303e-04
5.960000e-01 2.350455e-08 2.995302e-04
5.970000e-01 2.510056e-08 3.204608e-04
5.980000e-01 2.671506e-08 3.414804e-04
5.990000e-01 2.834692e-08 3.625485e-04
6.000000e-01 2.999495e-08 3.836250e-04
6.010000e-01 3.165793e-08 4.046709e-04
6.020000e-01 3.333456e-08 4.256478e-04
6.030000e-01 3.502351e-08 4.465182e-04
6.040000e-01 3.672338e-08 4.672456e-04
6.050000e-01 3.843273e-08 4.877940e-04
6.060000e-01 4.015005e-08 5.081284e-04
6.070000e-01 4.187379e-08 5.282146e-04
6.080000e-01 4.360234e-08 5.480193e-04
6.090000e-01 4.533404e-08 5.675100e-04
6.100000e-01 4.706718e-08 5.866548e-04
6.110000e-01 4.879997e-08 6.054231e-04
6.120000e-01 5.053061e-08 6.237848e-04
6.130000e-01 5.225719e-08 6.417108e-04
6.140000e-01 5.397780e-08 6.591727e-04
6.150000e-01 5.569043e-08 6.761431e-04
6.160000e-01 5.739305e-08 6.925955e-04
6.170000e-01 5.908357e-08 7.085041e-04
6.180000e-01 6.075983e-08 7.238440e-04
6.190000e-01 6.241962e-08 7.385913e-04
6.200000e-01 6.406070e-08 7.527228e-04
6.210000e-01 6.568076e-08 7.662163e-04
6.220000e-01 6.727743e-08 7.790504e-04
6.230000e-01 6.884831e-08 7.912046e-04
6.240000e-01 7.039095e-08 8.026592e-04
6.250000e-01 7.190282e-08 8.133956e-04
6.260000e-01 7.338138e-08 8.233959e-04
6.270000e-01 7.482401e-08 8.326432e-04
6.280000e-01 7.622808e-08 8.411213e-04
6.290000e-01 7.759088e-08 8.488150e-04
6.300000e-01 7.890967e-08 8.557101e-04
6.310000e-01 8.018168e-08 8.617933e-04
6.320000e-01 8.140408e-08 8.670519e-04
6.330000e-01 8.257400e-08 8.714745e-04
6.340000e-01 8.368854e-08 8.750502e-04
6.350000e-01 8.474476e-08 8.777694e-04
6.360000e-01 8.573970e-08 8.796232e-04
6.370000e-01 8.667033e-08 8.806036e-04
6.380000e-01 8.753363e-08 8.807035e-04
6.390000e-01 8.832653e-08 8.799168e-04
6.400000e-01 8.904592e-08 8.782383e-04
6.410000e-01 8.968869e-08 8.756637e-04
6.420000e-01 9.025170e-08 8.721894e-04
6.430000e-01 9.073179e-08 8.678132e-04
6.440000e-01 9.112576e-08 8.625334e-04
6.450000e-01 9.143043e-08 8.563493e-04
6.460000e-01 9.164258e-08 8.492613e-04
6.470000e-01 9.175900e-08 8.412705e-04
6.480000e-01 9.177646e-08 8.323791e-04
6.490000e-01 9.169173e-08 8.225901e-04
6.500000e-01 9.150158e-08 8.119076e-04
6.510000e-01 9.120278e-08 8.003364e-04
6.520000e-01 9.079211e-08 7.878823e-04
6.530000e-01 9.026637e-08 7.745521e-04
6.540000e-01 8.962234e-08 7.603536e-04
6.550000e-01 8.885685e-08 7.452952e-04
6.560000e-01 8.796674e-08 7.293866e-04
6.570000e-01 8.694887e-08 7.126383e-04
6.580000e-01 8.580013e-08 6.950617e-04
6.590000e-01 8.451745e-08 6.766690e-04
6.600000e-01 8.309779e-08 6.574736e-04
6.610000e-01 8.153816e-08 6.374897e-04
6.620000e-01 7.983560e-08 6.167324e-04
6.630000e-01 7.798721e-08 5.952177e-04
6.640000e-01 7.599016e-08 5.729628e-04
6.650000e-01 7.384166e-08 5.499854e-04
6.660000e-01 7.153899e-08 5.263044e-04
6.670000e-01 6.907951e-08 5.019397e-04
6.680000e-01 6.646064e-08 4.769118e-04
6.690000e-01 6.367990e-08 4.512426e-04
6.700000e-01 6.073488e-08 4.249545e-04
6.710000e-01 5.762329e-08 3.980710e-04
6.720000e-01 5.434289e-08 3.706166e-04
6.730000e-01 5.089160e-08 3.426165e-04
6.740000e-01 4.726741e-08 3.140971e-04
6.750000e-01 4.346843e-08 2.850855e-04
6.760000e-01 3.949292e-08 2.556098e-04
6.770000e-01 3.533924e-08 2.256991e-04
6.780000e-01 3.100589e-08 1.953833e-04
6.790000e-01 2.649152e-08 1.646933e-04
6.800000e-01 2.179493e-08 1.336608e-04
6.810000e-01 1.691506e-08 1.023186e-04
6.820000e-01 1.185103e-08 7.070014e-05
6.830000e-01 6.602104e-09 3.884005e-05
6.840000e-01 1.167743e-09 6.773699e-06
6.850000e-01 4.452420e-09 2.546556e-05
6.860000e-01 1.025856e-08 5.786623e-05
6.870000e-01 1.625066e-08 9.042640e-05
6.880000e-01 2.242848e-08 1.231433e-04
6.890000e-01 2.879161e-08 1.560133e-04
6.900000e-01 3.533937e-08 1.890319e-04
6.910000e-01 4.207090e-08 2.221937e-04
6.920000e-01 4.898508e-08 2.554923e-04
6.930000e-01 5.608056e-08 2.889205e-04
6.940000e-01 6.335573e-08 3.224703e-04
6.950000e-01 7.080873e-08 3.561327e-04
6.960000e-01 7.843745e-08 3.898979e-04
6.970000e-01 8.623948e-08 4.237552e-04
6.980000e-01 9.421217e-08 4.576930e-04
6.990000e-01 1.023525e-07 4.916990e-04
7.000000e-01 1.106574e-07 5.257597e-04
7.010000e-01 1.191230e-07 5.598612e-04
7.020000e-01 1.277457e-07 5.939883e-04
7.030000e-01 1.365213e-07 6.281252e-04
7.040000e-01 1.454451e-07 6.622554e-04
7.050000e-01 1.545125e-07 6.963611e-04
7.060000e-01 1.637181e-07 7.304242e-04
7.070000e-01 1.730565e-07 7.644253e-04
7.080000e-01 1.825219e-07 7.983445e-04
7.090000e-01 1.921078e-07 8.321610e-04
7.100000e-01 2.018078e-07 8.658531e-04
7.110000e-01 2.116148e-07 8.993983e-04
7.120000e-01 2.215215e-07 9.327734e-04
7.130000e-01 2.315201e-07 9.659543e-04
7.140000e-01 2.416024e-07 9.989162e-04
7.150000e-01 2.517599e-07 1.031633e-03
7.160000e-01 2.619836e-07 1.064079e-03
7.170000e-01 2.722641e-07 1.096227e-03
7.180000e-01 2.825915e-07 1.128048e-03
7.190000e-01 2.929557e-07 1.159515e-03
7.200000e-01 3.033460e-07 1.190596e-03
7.210000e-01 3.137511e-07 1.221263e-03
7.220000e-01 3.241597e-07 1.251484e-03
7.230000e-01 3.345596e-07 1.281227e-03
7.240000e-01 3.449383e-07 1.310460e-03
7.250000e-01 3.552831e-07 1.339150e-03
7.260000e-01 3.655804e-07 1.367263e-03
7.270000e-01 3.758164e-07 1.394763e-03
7.280000e-01 3.859768e-07 1.421616e-03
7.290000e-01 3.960468e-07 1.447786e-03
7.300000e-01 4.060111e-07 1.473235e-03
7.310000e-01 4.158539e-07 1.497927e-03
7.320000e-01 4.255591e-07 1.521824e-03
7.330000e-01 4.351099e-07 1.544885e-03
7.340000e-01 4.444892e-07 1.567073e-03
7.350000e-01 4.536792e-07 1.588346e-03
7.360000e-01 4.626618e-07 1.608665e-03
7.370000e-01 4.714183e-07 1.627987e-03
7.380000e-01 4.799297e-07 1.646271e-03
7.390000e-01 4.881763e-07 1.663474e-03
7.400000e-01 4.961382e-07 1.679553e-03
7.410000e-01 5.037946e-07 1.694463e-03
7.420000e-01 5.111247e-07 1.708161e-03
7.430000e-01 5.181070e-07 1.720601e-03
7.440000e-01 5.247194e-07 1.731738e-03
7.450000e-01 5.309397e-07 1.741525e-03
7.460000e-01 5.367450e-07 1.749915e-03
7.470000e-01 5.421120e-07 1.756862e-03
7.480000e-01 5.470171e-07 1.762318e-03
7.490000e-01 5.514360e-07 1.766233e-03
7.500000e-01 5.553443e-07 1.768559e-03
7.510000e-01 5.587170e-07 1.769247e-03
7.520000e-01 5.615288e-07 1.768247e-03
7.530000e-01 5.637539e-07 1.765507e-03
7.540000e-01 5.653663e-07 1.760978e-03
7.550000e-01 5.663396e-07 1.754608e-03
7.560000e-01 5.666470e-07 1.746345e-03
7.570000e-01 5.662613e-07 1.736137e-03
7.580000e-01 5.651553e-07 1.723930e-03
7.590000e-01 5.633013e-07 1.709672e-03
7.600000e-01 5.606713e-07 1.693309e-03
7.610000e-01 5.572371e-07 1.674787e-03
7.620000e-01 5.529704e-07 1.654052e-03
7.630000e-01 5.478426e-07 1.631048e-03
7.640000e-01 5.418249e-07 1.605722e-03
7.650000e-01 5.348884e-07 1.578016e-03
7.660000e-01 5.270042e-07 1.547875e-03
7.670000e-01 5.181430e-07 1.515243e-03
7.680000e-01 5.082757e-07 1.480064e-03
7.690000e-01 4.973732e-07 1.442280e-03
7.700000e-01 4.854061e-07 1.401834e-03
7.710000e-01 4.723454e-07 1.358670e-03
7.720000e-01 4.581620e-07 1.312728e-03
7.730000e-01 4.428269e-07 1.263951e-03
7.740000e-01 4.263112e-07 1.212280e-03
7.750000e-01 4.085864e-07 1.157658e-03
7.760000e-01 3.896240e-07 1.100025e-03
7.770000e-01 3.693959e-07 1.039323e-03
7.780000e-01 3.478744e-07 9.754911e-04
7.790000e-01 3.250319e-07 9.084716e-04
7.800000e-01 3.008414e-07 8.382042e-04
7.810000e-01 2.752765e-07 7.646294e-04
7.820000e-01 2.483111e-07 6.876872e-04
7.830000e-01 2.199197e-07 6.073176e-04
7.840000e-01 1.900775e-07 5.234605e-04
7.850000e-01 1.587603e-07 4.360557e-04
7.860000e-01 1.259449e-07 3.450427e-04
7.870000e-01 9.160851e-08 2.503612e-04
7.880000e-01 5.572956e-08 1.519507e-04
7.890000e-01 1.828723e-08 4.975067e-05
7.900000e-01 2.073823e-08 5.629420e-05
7.910000e-01 6.136549e-08 1.661301e-04
7.920000e-01 1.036121e-07 2.796013e-04
7.930000e-01 1.474944e-07 3.965484e-04
7.940000e-01 1.930274e-07 5.168118e-04
7.950000e-01 2.402247e-07 6.402319e-04
7.960000e-01 2.890985e-07 7.666491e-04
7.970000e-01 3.396596e-07 8.959037e-04
7.980000e-01 3.919168e-07 1.027836e-03
7.990000e-01 4.458777e-07 1.162286e-03
8.000000e-01 5.015476e-07 1.299094e-03
8.010000e-01 5.589303e-07 1.438099e-03
8.020000e-01 6.180275e-07 1.579142e-03
8.030000e-01 6.788388e-07 1.722062e-03
8.040000e-01 7.413616e-07 1.866699e-03
8.050000e-01 8.055911e-07 2.012891e-03
8.060000e-01 8.715202e-07 2.160479e-03
8.070000e-01 9.391391e-07 2.309299e-03
8.080000e-01 1.008436e-06 2.459193e-03
8.090000e-01 1.079395e-06 2.609996e-03
8.100000e-01 1.152000e-06 2.761548e-03
8.110000e-01 1.226229e-06 2.913687e-03
8.120000e-01 1.302059e-06 3.066250e-03
8.130000e-01 1.379463e-06 3.219074e-03
8.140000e-01 1.458412e-06 3.371995e-03
8.150000e-01 1.538872e-06 3.524852e-03
8.160000e-01 1.620806e-06 3.677479e-03
8.170000e-01 1.704174e-06 3.829712e-03
8.180000e-01 1.788931e-06 3.981386e-03
8.190000e-01 1.875031e-06 4.132338e-03
8.200000e-01 1.962420e-06 4.282400e-03
8.210000e-01 2.051043e-06 4.431408e-03
8.220000e-01 2.140839e-06 4.579194e-03
8.230000e-01 2.231745e-06 4.725592e-03
8.240000e-01 2.323691e-06 4.870435e-03
8.250000e-01 2.416602e-06 5.013554e-03
8.260000e-01 2.510401e-06 5.154781e-03
8.270000e-01 2.605005e-06 5.293947e-03
8.280000e-01 2.700324e-06 5.430882e-03
8.290000e-01 2.796265e-06 5.565417e-03
8.300000e-01 2.892730e-06 5.697380e-03
8.310000e-01 2.989613e-06 5.826600e-03
8.320000e-01 3.086805e-06 5.952905e-03
8.330000e-01 3.184191e-06 6.076122e-03
8.340000e-01 3.281649e-06 6.196078e-03
8.350000e-01 3.379050e-06 6.312599e-03
8.360000e-01 3.476263e-06 6.425510e-03
8.370000e-01 3.573145e-06 6.534635e-03
8.380000e-01 3.669553e-06 6.639798e-03
8.390000e-01 3.765331e-06 6.740823e-03
8.400000e-01 3.860322e-06 6.837530e-03
8.410000e-01 3.954358e-06 6.929743e-03
8.420000e-01 4.047266e-06 7.017280e-03
8.430000e-01 4.138866e-06 7.099963e-03
8.440000e-01 4.228971e-06 7.177609e-03
8.450000e-01 4.317384e-06 7.250036e-03
8.460000e-01 4.403904e-06 7.317063e-03
8.470000e-01 4.488322e-06 7.378505e-03
8.480000e-01 4.570418e-06 7.434176e-03
8.490000e-01 4.649968e-06 7.483892e-03
8.500000e-01 4.726739e-06 7.527466e-03
8.510000e-01 4.800489e-06 7.564710e-03
8.520000e-01 4.870968e-06 7.595436e-03
8.530000e-01 4.937919e-06 7.619453e-03
8.540000e-01 5.001076e-06 7.636571e-03
8.550000e-01 5.060164e-06 7.646599e-03
8.560000e-01 5.114901e-06 7.649343e-03
8.570000e-01 5.164995e-06 7.644609e-03
8.580000e-01 5.210146e-06 7.632203e-03
8.590000e-01 5.250046e-06 7.611928e-03
8.600000e-01 5.284376e-06 7.583586e-03
8.610000e-01 5.312812e-06 7.546980e-03
8.620000e-01 5.335018e-06 7.501910e-03
8.630000e-01 5.350650e-06 7.448174e-03
8.640000e-01 5.359356e-06 7.385571e-03
8.650000e-01 5.360774e-06 7.313897e-03
8.660000e-01 5.354535e-06 7.232947e-03
8.670000e-01 5.340260e-06 7.142516e-03
8.680000e-01 5.317560e-06 7.042397e-03
8.690000e-01 5.286040e-06 6.932380e-03
8.700000e-01 5.245295e-06 6.812256e-03
8.710000e-01 5.194912e-06 6.681815e-03
8.720000e-01 5.134467e-06 6.540843e-03
8.730000e-01 5.063532e-06 6.389126e-03
8.740000e-01 4.981668e-06 6.226449e-03
8.750000e-01 4.888427e-06 6.052595e-03
8.760000e-01 4.783357e-06 5.867347e-03
8.770000e-01 4.665995e-06 5.670484e-03
8.780000e-01 4.535871e-06 5.461785e-03
8.790000e-01 4.392508e-06 5.241028e-03
8.800000e-01 4.235424e-06 5.007989e-03
8.810000e-01 4.064127e-06 4.762441e-03
8.820000e-01 3.878120e-06 4.504158e-03
8.830000e-01 3.676901e-06 4.232911e-03
8.840000e-01 3.459960e-06 3.948470e-03
8.850000e-01 3.226785e-06 3.650602e-03
8.860000e-01 2.976855e-06 3.339075e-03
8.870000e-01 2.709648e-06 3.013652e-03
8.880000e-01 2.424636e-06 2.674098e-03
8.890000e-01 2.121288e-06 2.320173e-03
8.900000e-01 1.799070e-06 1.951638e-03
8.910000e-01 1.457448e-06 1.568250e-03
8.920000e-01 1.095881e-06 1.169767e-03
8.930000e-01 7.138333e-07 7.559423e-04
8.940000e-01 3.107641e-07 3.265294e-04
8.950000e-01 1.138650e-07 1.187175e-04
8.960000e-01 5.605912e-07 5.797204e-04
8.970000e-01 1.029950e-06 1.055794e-03
8.980000e-01 1.522474e-06 1.546187e-03
8.990000e-01 2.038691e-06 2.050150e-03
9.000000e-01 2.579125e-06 2.566936e-03
9.010000e-01 3.144293e-06 3.095800e-03
9.020000e-01 3.734706e-06 3.635999e-03
9.030000e-01 4.350867e-06 4.186789e-03
9.040000e-01 4.993267e-06 4.747433e-03
9.050000e-01 5.662389e-06 5.317192e-03
9.060000e-01 6.358704e-06 5.895329e-03
9.070000e-01 7.082667e-06 6.481112e-03
9.080000e-01 7.834719e-06 7.073809e-03
9.090000e-01 8.615286e-06 7.672688e-03
9.100000e-01 9.424775e-06 8.277023e-03
9.110000e-01 1.026357e-05 8.886086e-03
9.120000e-01 1.113204e-05 9.499155e-03
9.130000e-01 1.203052e-05 1.011551e-02
9.140000e-01 1.295934e-05 1.073442e-02
9.150000e-01 1.391877e-05 1.135518e-02
9.160000e-01 1.490908e-05 1.197707e-02
9.170000e-01 1.593049e-05 1.259938e-02
9.180000e-01 1.698319e-05 1.322139e-02
9.190000e-01 1.806735e-05 1.384240e-02
9.200000e-01 1.918307e-05 1.446169e-02
9.210000e-01 2.033043e-05 1.507856e-02
9.220000e-01 2.150946e-05 1.569232e-02
9.230000e-01 2.272014e-05 1.630225e-02
9.240000e-01 2.396240e-05 1.690766e-02
9.250000e-01 2.523613e-05 1.750786e-02
9.260000e-01 2.654113e-05 1.810214e-02
9.270000e-01 2.787717e-05 1.868982e-02
9.280000e-01 2.924394e-05 1.927020e-02
9.290000e-01 3.064108e-05 1.984261e-02
9.300000e-01 3.206814e-05 2.040635e-02
9.310000e-01 3.352460e-05 2.096073e-02
9.320000e-01 3.500987e-05 2.150509e-02
9.330000e-01 3.652327e-05 2.203873e-02
9.340000e-01 3.806402e-05 2.256099e-02
9.350000e-01 3.963126e-05 2.307119e-02
9.360000e-01 4.122404e-05 2.356866e-02
9.370000e-01 4.284129e-05 2.405272e-02
9.380000e-01 4.448185e-05 2.452271e-02
9.390000e-01 4.614443e-05 2.497798e-02
9.400000e-01 4.782764e-05 2.541784e-02
9.410000e-01 4.952995e-05 2.584164e-02
9.420000e-01 5.124971e-05 2.624874e-02
9.430000e-01 5.298512e-05 2.663846e-02
9.440000e-01 5.473427e-05 2.701015e-02
9.450000e-01 5.649507e-05 2.736317e-02
9.460000e-01 5.826528e-05 2.769687e-02
9.470000e-01 6.004251e-05 2.801060e-02
9.480000e-01 6.182419e-05 2.830372e-02
9.490000e-01 6.360757e-05 2.857558e-02
9.500000e-01 6.538972e-05 2.882555e-02
9.510000e-01 6.716753e-05 2.905299e-02
9.520000e-01 6.893767e-05 2.925726e-02
9.530000e-01 7.069659e-05 2.943774e-02
9.540000e-01 7.244056e-05 2.959379e-02
9.550000e-01 7.416558e-05 2.972480e-02
9.560000e-01 7.586745e-05 2.983012e-02
9.570000e-01 7.754169e-05 2.990915e-02
9.580000e-01 7.918358e-05 2.996126e-02
9.590000e-01 8.078813e-05 2.998583e-02
9.600000e-01 8.235007e-05 2.998226e-02
9.610000e-01 8.386384e-05 2.994992e-02
9.620000e-01 8.532358e-05 2.988821e-02
9.630000e-01 8.672311e-05 2.979652e-02
9.640000e-01 8.805595e-05 2.967425e-02
9.650000e-01 8.931524e-05 2.952079e-02
9.660000e-01 9.049381e-05 2.933554e-02
9.670000e-01 9.158411e-05 2.911791e-02
9.680000e-01 9.257819e-05 2.886730e-02
9.690000e-01 9.346774e-05 2.858312e-02
9.700000e-01 9.424404e-05 2.826477e-02
9.710000e-01 9.489792e-05 2.791167e-02
9.720000e-01 9.541980e-05 2.752324e-02
9.730000e-01 9.579964e-05 2.709889e-02
9.740000e-01 9.602693e-05 2.663804e-02
9.750000e-01 9.609065e-05 2.614011e-02
9.760000e-01 9.597931e-05 2.560452e-02
9.770000e-01 9.568087e-05 2.503071e-02
9.780000e-01 9.518276e-05 2.441811e-02
9.790000e-01 9.447185e-05 2.376613e-02
9.800000e-01 9.353443e-05 2.307423e-02
9.810000e-01 9.235617e-05 2.234183e-02
9.820000e-01 9.092215e-05 2.156837e-02
9.830000e-01 8.921677e-05 2.075330e-02
9.840000e-01 8.722379e-05 1.989605e-02
9.850000e-01 8.492627e-05 1.899608e-02
9.860000e-01 8.230657e-05 1.805284e-02
9.870000e-01 7.934629e-05 1.706576e-02
9.880000e-01 7.602628e-05 1.603432e-02
9.890000e-01 7.232661e-05 1.495795e-02
9.900000e-01 6.822654e-05 1.383613e-02
9.910000e-01 6.370446e-05 1.266830e-02
9.920000e-01 5.873792e-05 1.145394e-02
9.930000e-01 5.330357e-05 1.019251e-02
9.940000e-01 4.737712e-05 8.883473e-03
9.950000e-01 4.093334e-05 7.526300e-03
9.960000e-01 3.394598e-05 6.120463e-03
9.970000e-01 2.638782e-05 4.665438e-03
9.980000e-01 1.823055e-05 3.160699e-03
9.990000e-01 9.444776e-06 1.605726e-03
