-1.000000e+00 0.000000e+00 0.000000e+00
-9.990000e-01 2.664535e-15 2.514993e-02
-9.980000e-01 8.881784e-16 4.990147e-02
-9.970000e-01 8.881784e-16 7.425703e-02
-9.960000e-01 0.000000e+00 9.821901e-02
-9.950000e-01 8.881784e-16 1.217898e-01
-9.940000e-01 1.776357e-15 1.449718e-01
-9.930000e-01 0.000000e+00 1.677675e-01
-9.920000e-01 1.776357e-15 1.901792e-01
-9.910000e-01 2.664535e-15 2.122093e-01
-9.900000e-01 8.881784e-16 2.338602e-01
-9.890000e-01 3.552714e-15 2.551343e-01
-9.880000e-01 0.000000e+00 2.760340e-01
-9.870000e-01 0.000000e+00 2.965617e-01
-9.860000e-01 2.664535e-15 3.167197e-01
-9.850000e-01 0.000000e+00 3.365106e-01
-9.840000e-01 0.000000e+00 3.559366e-01
-9.830000e-01 0.000000e+00 3.750001e-01
-9.820000e-01 8.881784e-16 3.937035e-01
-9.810000e-01 2.664535e-15 4.120493e-01
-9.800000e-01 8.881784e-16 4.300397e-01
-9.790000e-01 0.000000e+00 4.476772e-01
-9.780000e-01 0.000000e+00 4.649642e-01
-9.770000e-01 2.664535e-15 4.819029e-01
-9.760000e-01 1.776357e-15 4.984959e-01
-9.750000e-01 8.881784e-16 5.147454e-01
-9.740000e-01 1.776357e-15 5.306538e-01
-9.730000e-01 2.664535e-15 5.462236e-01
-9.720000e-01 1.776357e-15 5.614570e-01
-9.710000e-01 8.881784e-16 5.763565e-01
-9.700000e-01 8.881784e-16 5.909244e-01
-9.690000e-01 8.881784e-16 6.051631e-01
-9.680000e-01 1.776357e-15 6.190749e-01
-9.670000e-01 8.881784e-16 6.326623e-01
-9.660000e-01 2.664535e-15 6.459275e-01
-9.650000e-01 0.000000e+00 6.588729e-01
-9.640000e-01 1.776357e-15 6.715009e-01
-9.630000e-01 8.881784e-16 6.838139e-01
-9.620000e-01 8.881784e-16 6.958141e-01
-9.610000e-01 8.881784e-16 7.075040e-01
-9.600000e-01 1.776357e-15 7.188859e-01
-9.590000e-01 8.881784e-16 7.299622e-01
-9.580000e-01 8.881784e-16 7.407351e-01
-9.570000e-01 3.552714e-15 7.512071e-01
-9.560000e-01 8.881784e-16 7.613805e-01
-9.550000e-01 8.881784e-16 7.712577e-01
-9.540000e-01 8.881784e-16 7.808410e-01
-9.530000e-01 3.552714e-15 7.901327e-01
-9.520000e-01 8.881784e-16 7.991351e-01
-9.510000e-01 8.881784e-16 8.078507e-01
-9.500000e-01 1.776357e-15 8.162817e-01
-9.490000e-01 8.881784e-16 8.244306e-01
-9.480000e-01 1.776357e-15 8.322995e-01
-9.470000e-01 1.776357e-15 8.398910e-01
-9.460000e-01 1.776357e-15 8.472072e-01
-9.450000e-01 1.776357e-15 8.542505e-01
-9.440000e-01 8.881784e-16 8.610234e-01
-9.430000e-01 0.000000e+00 8.675280e-01
-9.420000e-01 8.881784e-16 8.737667e-01
-9.410000e-01 0.000000e+00 8.797419e-01
-9.400000e-01 2.664535e-15 8.854558e-01
-9.390000e-01 0.000000e+00 8.909108e-01
-9.380000e-01 2.664535e-15 8.961093e-01
-9.370000e-01 8.881784e-16 9.010535e-01
-9.360000e-01 8.881784e-16 9.057457e-01
-9.350000e-01 0.000000e+00 9.101884e-01
-9.340000e-01 8.881784e-16 9.143837e-01
-9.330000e-01 1.776357e-15 9.183340e-01
-9.320000e-01 8.881784e-16 9.220417e-01
-9.310000e-01 0.000000e+00 9.255090e-01
-9.300000e-01 8.881784e-16 9.287382e-01
-9.290000e-01 8.881784e-16 9.317317e-01
-9.280000e-01 1.776357e-15 9.344918e-01
-9.270000e-01 2.664535e-15 9.370207e-01
-9.260000e-01 0.000000e+00 9.393209e-01
-9.250000e-01 1.776357e-15 9.413945e-01
-9.240000e-01 8.881784e-16 9.432439e-01
-9.230000e-01 8.881784e-16 9.448714e-01
-9.220000e-01 8.881784e-16 9.462793e-01
-9.210000e-01 0.000000e+00 9.474699e-01
-9.200000e-01 0.000000e+00 9.484456e-01
-9.190000e-01 8.881784e-16 9.492084e-01
-9.180000e-01 8.881784e-16 9.497609e-01
-9.170000e-01 4.440892e-16 9.501053e-01
-9.160000e-01 4.440892e-16 9.502438e-01
-9.150000e-01 1.776357e-15 9.501789e-01
-9.140000e-01 8.881784e-16 9.499126e-01
-9.130000e-01 4.440892e-16 9.494475e-01
-9.120000e-01 8.881784e-16 9.487856e-01
-9.110000e-01 4.440892e-16 9.479294e-01
-9.100000e-01 8.881784e-16 9.468811e-01
-9.090000e-01 1.332268e-15 9.456429e-01
-9.080000e-01 0.000000e+00 9.442173e-01
-9.070000e-01 1.332268e-15 9.426064e-01
-9.060000e-01 4.440892e-16 9.408126e-01
-9.050000e-01 8.881784e-16 9.388380e-01
-9.040000e-01 8.881784e-16 9.366851e-01
-9.030000e-01 4.440892e-16 9.343560e-01
-9.020000e-01 4.440892e-16 9.318531e-01
-9.010000e-01 1.332268e-15 9.291785e-01
-9.000000e-01 1.332268e-15 9.263347e-01
-8.990000e-01 0.000000e+00 9.233238e-01
-8.980000e-01 8.881784e-16 9.201482e-01
-8.970000e-01 4.440892e-16 9.168101e-01
-8.960000e-01 8.881784e-16 9.133117e-01
-8.950000e-01 8.881784e-16 9.096554e-01
-8.940000e-01 0.000000e+00 9.058433e-01
-8.930000e-01 4.440892e-16 9.018778e-01
-8.920000e-01 0.000000e+00 8.977612e-01
-8.910000e-01 4.440892e-16 8.934956e-01
-8.900000e-01 4.440892e-16 8.890833e-01
-8.890000e-01 1.332268e-15 8.845267e-01
-8.880000e-01 0.000000e+00 8.798279e-01
-8.870000e-01 4.440892e-16 8.749892e-01
-8.860000e-01 8.881784e-16 8.700129e-01
-8.850000e-01 4.440892e-16 8.649012e-01
-8.840000e-01 8.881784e-16 8.596564e-01
-8.830000e-01 0.000000e+00 8.542807e-01
-8.820000e-01 8.881784e-16 8.487764e-01
-8.810000e-01 8.881784e-16 8.431457e-01
-8.800000e-01 0.000000e+00 8.373908e-01
-8.790000e-01 8.881784e-16 8.315141e-01
-8.780000e-01 8.881784e-16 8.255177e-01
-8.770000e-01 1.776357e-15 8.194039e-01
-8.760000e-01 8.881784e-16 8.131750e-01
-8.750000e-01 8.881784e-16 8.068331e-01
-8.740000e-01 0.000000e+00 8.003806e-01
-8.730000e-01 0.000000e+00 7.938196e-01
-8.720000e-01 4.440892e-16 7.871524e-01
-8.710000e-01 8.881784e-16 7.803812e-01
-8.700000e-01 1.332268e-15 7.735083e-01
-8.690000e-01 8.881784e-16 7.665359e-01
-8.680000e-01 8.881784e-16 7.594662e-01
-8.670000e-01 4.440892e-16 7.523015e-01
-8.660000e-01 1.776357e-15 7.450439e-01
-8.650000e-01 4.440892e-16 7.376958e-01
-8.640000e-01 4.440892e-16 7.302593e-01
-8.630000e-01 0.000000e+00 7.227366e-01
-8.620000e-01 1.776357e-15 7.151301e-01
-8.610000e-01 4.440892e-16 7.074419e-01
-8.600000e-01 4.440892e-16 6.996742e-01
-8.590000e-01 0.000000e+00 6.918292e-01
-8.580000e-01 4.440892e-16 6.839092e-01
-8.570000e-01 1.332268e-15 6.759164e-01
-8.560000e-01 8.881784e-16 6.678531e-01
-8.550000e-01 1.332268e-15 6.597213e-01
-8.540000e-01 1.776357e-15 6.515234e-01
-8.530000e-01 0.000000e+00 6.432615e-01
-8.520000e-01 8.881784e-16 6.349379e-01
-8.510000e-01 4.440892e-16 6.265547e-01
-8.500000e-01 4.440892e-16 6.181143e-01
-8.490000e-01 8.881784e-16 6.096187e-01
-8.480000e-01 4.440892e-16 6.010702e-01
-8.470000e-01 8.881784e-16 5.924710e-01
-8.460000e-01 4.440892e-16 5.838233e-01
-8.450000e-01 4.440892e-16 5.751294e-01
-8.440000e-01 8.881784e-16 5.663913e-01
-8.430000e-01 4.440892e-16 5.576113e-01
-8.420000e-01 1.332268e-15 5.487917e-01
-8.410000e-01 0.000000e+00 5.399346e-01
-8.400000e-01 0.000000e+00 5.310421e-01
-8.390000e-01 0.000000e+00 5.221166e-01
-8.380000e-01 8.881784e-16 5.131602e-01
-8.370000e-01 0.000000e+00 5.041750e-01
-8.360000e-01 2.220446e-16 4.951633e-01
-8.350000e-01 4.440892e-16 4.861273e-01
-8.340000e-01 0.000000e+00 4.770692e-01
-8.330000e-01 2.220446e-16 4.679911e-01
-8.320000e-01 1.110223e-15 4.588953e-01
-8.310000e-01 4.440892e-16 4.497838e-01
-8.300000e-01 0.000000e+00 4.406590e-01
-8.290000e-01 4.440892e-16 4.315230e-01
-8.280000e-01 0.000000e+00 4.223779e-01
-8.270000e-01 6.661338e-16 4.132260e-01
-8.260000e-01 4.440892e-16 4.040695e-01
-8.250000e-01 4.440892e-16 3.949104e-01
-8.240000e-01 1.776357e-15 3.857511e-01
-8.230000e-01 8.881784e-16 3.765936e-01
-8.220000e-01 2.220446e-16 3.674401e-01
-8.210000e-01 2.220446e-16 3.582929e-01
-8.200000e-01 2.220446e-16 3.491541e-01
-8.190000e-01 4.440892e-16 3.400258e-01
-8.180000e-01 4.440892e-16 3.309103e-01
-8.170000e-01 6.661338e-16 3.218096e-01
-8.160000e-01 2.220446e-16 3.127261e-01
-8.150000e-01 6.661338e-16 3.036618e-01
-8.140000e-01 2.220446e-16 2.946188e-01
-8.130000e-01 6.661338e-16 2.855995e-01
-8.120000e-01 2.220446e-16 2.766059e-01
-8.110000e-01 6.661338e-16 2.676402e-01
-8.100000e-01 4.440892e-16 2.587045e-01
-8.090000e-01 0.000000e+00 2.498011e-01
-8.080000e-01 6.661338e-16 2.409320e-01
-8.070000e-01 6.661338e-16 2.320995e-01
-8.060000e-01 2.220446e-16 2.233057e-01
-8.050000e-01 1.110223e-15 2.145527e-01
-8.040000e-01 2.220446e-16 2.058427e-01
-8.030000e-01 2.220446e-16 1.971778e-01
-8.020000e-01 4.440892e-16 1.885603e-01
-8.010000e-01 4.440892e-16 1.799922e-01
-8.000000e-01 4.440892e-16 1.714758e-01
-7.990000e-01 2.220446e-16 1.630131e-01
-7.980000e-01 4.440892e-16 1.546062e-01
-7.970000e-01 4.440892e-16 1.462575e-01
-7.960000e-01 4.440892e-16 1.379689e-01
-7.950000e-01 4.440892e-16 1.297427e-01
-7.940000e-01 0.000000e+00 1.215809e-01
-7.930000e-01 4.440892e-16 1.134858e-01
-7.920000e-01 4.440892e-16 1.054594e-01
-7.910000e-01 2.220446e-16 9.750397e-02
-7.900000e-01 4.440892e-16 8.962155e-02
-7.890000e-01 8.881784e-16 8.181430e-02
-7.880000e-01 2.220446e-16 7.408436e-02
-7.870000e-01 8.881784e-16 6.643387e-02
-7.860000e-01 2.220446e-16 5.886497e-02
-7.850000e-01 2.220446e-16 5.137977e-02
-7.840000e-01 2.220446e-16 4.398043e-02
-7.830000e-01 2.220446e-16 3.666905e-02
-7.820000e-01 4.440892e-16 2.944778e-02
-7.810000e-01 4.440892e-16 2.231875e-02
-7.800000e-01 2.220446e-16 1.528407e-02
-7.790000e-01 2.220446e-16 8.345883e-03
-7.780000e-01 2.220446e-16 1.506302e-03
-7.770000e-01 4.440892e-16 5.232750e-03
-7.760000e-01 2.220446e-16 1.187098e-02
-7.750000e-01 2.220446e-16 1.840887e-02
-7.740000e-01 2.220446e-16 2.484691e-02
-7.730000e-01 0.000000e+00 3.118558e-02
-7.720000e-01 6.661338e-16 3.742538e-02
-7.710000e-01 1.110223e-16 4.356680e-02
-7.700000e-01 6.661338e-16 4.961033e-02
-7.690000e-01 2.220446e-16 5.555646e-02
-7.680000e-01 4.440892e-16 6.140569e-02
-7.670000e-01 4.440892e-16 6.715852e-02
-7.660000e-01 3.330669e-16 7.281543e-02
-7.650000e-01 2.220446e-16 7.837694e-02
-7.640000e-01 3.330669e-16 8.384353e-02
-7.630000e-01 2.220446e-16 8.921572e-02
-7.620000e-01 3.330669e-16 9.449399e-02
-7.610000e-01 3.330669e-16 9.967885e-02
-7.600000e-01 2.220446e-16 1.047708e-01
-7.590000e-01 2.220446e-16 1.097704e-01
-7.580000e-01 2.220446e-16 1.146780e-01
-7.570000e-01 3.330669e-16 1.194943e-01
-7.560000e-01 6.661338e-16 1.242197e-01
-7.550000e-01 2.220446e-16 1.288547e-01
-7.540000e-01 2.220446e-16 1.333999e-01
-7.530000e-01 2.220446e-16 1.378557e-01
-7.520000e-01 6.661338e-16 1.422227e-01
-7.510000e-01 0.000000e+00 1.465013e-01
-7.500000e-01 0.000000e+00 1.506922e-01
-7.490000e-01 2.220446e-16 1.547957e-01
-7.480000e-01 1.110223e-16 1.588125e-01
-7.470000e-01 2.220446e-16 1.627430e-01
-7.460000e-01 1.110223e-16 1.665878e-01
-7.450000e-01 0.000000e+00 1.703473e-01
-7.440000e-01 2.220446e-16 1.740222e-01
-7.430000e-01 2.220446e-16 1.776128e-01
-7.420000e-01 4.440892e-16 1.811198e-01
-7.410000e-01 2.220446e-16 1.845437e-01
-7.400000e-01 0.000000e+00 1.878850e-01
-7.390000e-01 2.220446e-16 1.911441e-01
-7.380000e-01 2.220446e-16 1.943218e-01
-7.370000e-01 2.220446e-16 1.974184e-01
-7.360000e-01 3.330669e-16 2.004345e-01
-7.350000e-01 3.330669e-16 2.033706e-01
-7.340000e-01 8.881784e-16 2.062273e-01
-7.330000e-01 2.220446e-16 2.090051e-01
-7.320000e-01 1.110223e-16 2.117045e-01
-7.310000e-01 1.110223e-16 2.143261e-01
-7.300000e-01 2.220446e-16 2.168704e-01
-7.290000e-01 0.000000e+00 2.193380e-01
-7.280000e-01 6.661338e-16 2.217293e-01
-7.270000e-01 4.440892e-16 2.240449e-01
-7.260000e-01 2.220446e-16 2.262854e-01
-7.250000e-01 1.110223e-16 2.284513e-01
-7.240000e-01 1.665335e-16 2.305431e-01
-7.230000e-01 5.551115e-17 2.325614e-01
-7.220000e-01 4.440892e-16 2.345067e-01
-7.210000e-01 2.775558e-16 2.363796e-01
-7.200000e-01 2.775558e-16 2.381806e-01
-7.190000e-01 1.110223e-16 2.399103e-01
-7.180000e-01 1.665335e-16 2.415692e-01
-7.170000e-01 5.551115e-17 2.431578e-01
-7.160000e-01 2.220446e-16 2.446768e-01
-7.150000e-01 1.110223e-16 2.461266e-01
-7.140000e-01 4.996004e-16 2.475078e-01
-7.130000e-01 5.551115e-17 2.488210e-01
-7.120000e-01 3.330669e-16 2.500668e-01
-7.110000e-01 5.551115e-17 2.512456e-01
-7.100000e-01 2.220446e-16 2.523580e-01
-7.090000e-01 1.110223e-16 2.534046e-01
-7.080000e-01 2.775558e-16 2.543860e-01
-7.070000e-01 5.551115e-17 2.553027e-01
-7.060000e-01 0.000000e+00 2.561552e-01
-7.050000e-01 3.885781e-16 2.569442e-01
-7.040000e-01 1.110223e-16 2.576702e-01
-7.030000e-01 1.110223e-16 2.583338e-01
-7.020000e-01 2.220446e-16 2.589354e-01
-7.010000e-01 1.665335e-16 2.594758e-01
-7.000000e-01 2.775558e-16 2.599554e-01
-6.990000e-01 0.000000e+00 2.603748e-01
-6.980000e-01 1.665335e-16 2.607346e-01
-6.970000e-01 0.000000e+00 2.610354e-01
-6.960000e-01 2.775558e-16 2.612777e-01
-6.950000e-01 2.220446e-16 2.614621e-01
-6.940000e-01 1.665335e-16 2.615892e-01
-6.930000e-01 1.110223e-16 2.616596e-01
-6.920000e-01 5.551115e-17 2.616738e-01
-6.910000e-01 1.942890e-16 2.616323e-01
-6.900000e-01 3.608225e-16 2.615359e-01
-6.890000e-01 3.053113e-16 2.613850e-01
-6.880000e-01 5.551115e-17 2.611802e-01
-6.870000e-01 3.330669e-16 2.609221e-01
-6.860000e-01 1.110223e-16 2.606114e-01
-6.850000e-01 1.110223e-16 2.602485e-01
-6.840000e-01 8.326673e-17 2.598341e-01
-6.830000e-01 1.387779e-16 2.593687e-01
-6.820000e-01 2.775558e-16 2.588529e-01
-6.810000e-01 5.551115e-17 2.582874e-01
-6.800000e-01 2.220446e-16 2.576726e-01
-6.790000e-01 1.110223e-16 2.570093e-01
-6.780000e-01 5.551115e-17 2.562979e-01
-6.770000e-01 2.775558e-17 2.555390e-01
-6.760000e-01 2.498002e-16 2.547334e-01
-6.750000e-01 5.551115e-17 2.538814e-01
-6.740000e-01 1.665335e-16 2.529838e-01
-6.730000e-01 3.330669e-16 2.520412e-01
-6.720000e-01 2.775558e-17 2.510540e-01
-6.710000e-01 1.387779e-16 2.500230e-01
-6.700000e-01 0.000000e+00 2.489487e-01
-6.690000e-01 1.665335e-16 2.478317e-01
-6.680000e-01 1.942890e-16 2.466727e-01
-6.670000e-01 8.326673e-17 2.454721e-01
-6.660000e-01 2.775558e-17 2.442307e-01
-6.650000e-01 1.387779e-17 2.429489e-01
-6.640000e-01 1.387779e-16 2.416275e-01
-6.630000e-01 1.387779e-16 2.402670e-01
-6.620000e-01 8.326673e-17 2.388680e-01
-6.610000e-01 2.498002e-16 2.374312e-01
-6.600000e-01 2.220446e-16 2.359571e-01
-6.590000e-01 6.938894e-17 2.344463e-01
-6.580000e-01 2.012279e-16 2.328995e-01
-6.570000e-01 1.734723e-16 2.313172e-01
-6.560000e-01 9.714451e-17 2.297001e-01
-6.550000e-01 6.938894e-18 2.280488e-01
-6.540000e-01 3.955170e-16 2.263638e-01
-6.530000e-01 1.526557e-16 2.246459e-01
-6.520000e-01 1.040834e-16 2.228955e-01
-6.510000e-01 1.734723e-16 2.211134e-01
-6.500000e-01 1.387779e-17 2.193002e-01
-6.490000e-01 1.977585e-16 2.174564e-01
-6.480000e-01 1.526557e-16 2.155827e-01
-6.470000e-01 2.307182e-16 2.136797e-01
-6.460000e-01 2.515349e-16 2.117480e-01
-6.450000e-01 7.632783e-17 2.097882e-01
-6.440000e-01 1.249001e-16 2.078010e-01
-6.430000e-01 2.758210e-16 2.057869e-01
-6.420000e-01 1.092876e-16 2.037467e-01
-6.410000e-01 1.838807e-16 2.016809e-01
-6.400000e-01 1.526557e-16 1.995901e-01
-6.390000e-01 1.387779e-17 1.974750e-01
-6.380000e-01 1.318390e-16 1.953362e-01
-6.370000e-01 3.469447e-17 1.931744e-01
-6.360000e-01 1.110223e-16 1.909901e-01
-6.350000e-01 1.734723e-16 1.887839e-01
-6.340000e-01 9.714451e-17 1.865566e-01
-6.330000e-01 1.387779e-17 1.843088e-01
-6.320000e-01 1.040834e-16 1.820410e-01
-6.310000e-01 9.020562e-17 1.797540e-01
-6.300000e-01 4.163336e-17 1.774482e-01
-6.290000e-01 0.000000e+00 1.751245e-01
-6.280000e-01 6.938894e-17 1.727834e-01
-6.270000e-01 4.163336e-17 1.704255e-01
-6.260000e-01 8.326673e-17 1.680515e-01
-6.250000e-01 6.938894e-17 1.656621e-01
-6.240000e-01 5.551115e-17 1.632578e-01
-6.230000e-01 2.775558e-16 1.608393e-01
-6.220000e-01 1.942890e-16 1.584073e-01
-6.210000e-01 2.775558e-17 1.559624e-01
-6.200000e-01 2.220446e-16 1.535052e-01
-6.190000e-01 5.551115e-17 1.510364e-01
-6.180000e-01 1.387779e-17 1.485566e-01
-6.170000e-01 1.387779e-16 1.460664e-01
-6.160000e-01 8.326673e-17 1.435666e-01
-6.150000e-01 2.775558e-17 1.410577e-01
-6.140000e-01 1.110223e-16 1.385405e-01
-6.130000e-01 5.551115e-17 1.360155e-01
-6.120000e-01 0.000000e+00 1.334834e-01
-6.110000e-01 1.942890e-16 1.309449e-01
-6.100000e-01 6.938894e-17 1.284006e-01
-6.090000e-01 2.775558e-17 1.258512e-01
-6.080000e-01 1.110223e-16 1.232972e-01
-6.070000e-01 5.551115e-17 1.207395e-01
-6.060000e-01 5.551115e-17 1.181786e-01
-6.050000e-01 2.775558e-17 1.156151e-01
-6.040000e-01 2.775558e-17 1.130498e-01
-6.030000e-01 0.000000e+00 1.104833e-01
-6.020000e-01 1.387779e-16 1.079163e-01
-6.010000e-01 0.000000e+00 1.053493e-01
-6.000000e-01 5.551115e-17 1.027832e-01
-5.990000e-01 1.942890e-16 1.002184e-01
-5.980000e-01 2.775558e-17 9.765582e-02
-5.970000e-01 2.775558e-17 9.509597e-02
-5.960000e-01 8.326673e-17 9.253954e-02
-5.950000e-01 5.551115e-17 8.998720e-02
-5.940000e-01 1.942890e-16 8.743962e-02
-5.930000e-01 2.775558e-17 8.489747e-02
-5.920000e-01 2.775558e-17 8.236140e-02
-5.910000e-01 1.942890e-16 7.983210e-02
-5.900000e-01 1.387779e-16 7.731022e-02
-5.890000e-01 2.775558e-17 7.479644e-02
-5.880000e-01 2.775558e-17 7.229143e-02
-5.870000e-01 8.326673e-17 6.979587e-02
-5.860000e-01 8.326673e-17 6.731041e-02
-5.850000e-01 1.665335e-16 6.483574e-02
-5.840000e-01 5.551115e-17 6.237254e-02
-5.830000e-01 8.326673e-17 5.992146e-02
-5.820000e-01 2.775558e-17 5.748320e-02
-5.810000e-01 1.110223e-16 5.505843e-02
-5.800000e-01 2.775558e-17 5.264782e-02
-5.790000e-01 1.110223e-16 5.025206e-02
-5.780000e-01 2.775558e-17 4.787182e-02
-5.770000e-01 1.110223e-16 4.550778e-02
-5.760000e-01 8.326673e-17 4.316063e-02
-5.750000e-01 8.326673e-17 4.083104e-02
-5.740000e-01 1.665335e-16 3.851970e-02
-5.730000e-01 2.775558e-17 3.622729e-02
-5.720000e-01 5.551115e-17 3.395450e-02
-5.710000e-01 1.942890e-16 3.170201e-02
-5.700000e-01 1.387779e-16 2.947050e-02
-5.690000e-01 1.387779e-16 2.726067e-02
-5.680000e-01 5.551115e-17 2.507320e-02
-5.670000e-01 5.551115e-17 2.290877e-02
-5.660000e-01 2.775558e-17 2.076809e-02
-5.650000e-01 8.326673e-17 1.865183e-02
-5.640000e-01 0.000000e+00 1.656069e-02
-5.630000e-01 1.110223e-16 1.449535e-02
-5.620000e-01 2.775558e-17 1.245653e-02
-5.610000e-01 5.551115e-17 1.044489e-02
-5.600000e-01 2.775558e-17 8.461146e-03
-5.590000e-01 1.110223e-16 6.505985e-03
-5.580000e-01 5.551115e-17 4.580103e-03
-5.570000e-01 1.110223e-16 2.684197e-03
-5.560000e-01 8.326673e-17 8.189642e-04
-5.550000e-01 1.387779e-16 1.014925e-03
-5.540000e-01 2.775558e-17 2.817282e-03
-5.530000e-01 5.551115e-17 4.588340e-03
-5.520000e-01 2.775558e-17 6.328340e-03
-5.510000e-01 5.551115e-17 8.037528e-03
-5.500000e-01 2.775558e-17 9.716144e-03
-5.490000e-01 1.110223e-16 1.136443e-02
-5.480000e-01 8.326673e-17 1.298263e-02
-5.470000e-01 2.775558e-17 1.457098e-02
-5.460000e-01 2.775558e-17 1.612972e-02
-5.450000e-01 5.551115e-17 1.765908e-02
-5.440000e-01 2.775558e-17 1.915932e-02
-5.430000e-01 1.665335e-16 2.063066e-02
-5.420000e-01 8.326673e-17 2.207333e-02
-5.410000e-01 1.665335e-16 2.348758e-02
-5.400000e-01 2.775558e-17 2.487364e-02
-5.390000e-01 2.775558e-17 2.623175e-02
-5.380000e-01 5.551115e-17 2.756212e-02
-5.370000e-01 8.326673e-17 2.886501e-02
-5.360000e-01 5.551115e-17 3.014063e-02
-5.350000e-01 1.665335e-16 3.138922e-02
-5.340000e-01 0.000000e+00 3.261102e-02
-5.330000e-01 8.326673e-17 3.380624e-02
-5.320000e-01 1.110223e-16 3.497511e-02
-5.310000e-01 0.000000e+00 3.611787e-02
-5.300000e-01 8.326673e-17 3.723474e-02
-5.290000e-01 0.000000e+00 3.832595e-02
-5.280000e-01 1.387779e-16 3.939172e-02
-5.270000e-01 2.775558e-17 4.043228e-02
-5.260000e-01 5.551115e-17 4.144785e-02
-5.250000e-01 1.665335e-16 4.243864e-02
-5.240000e-01 8.326673e-17 4.340490e-02
-5.230000e-01 5.551115e-17 4.434683e-02
-5.220000e-01 1.942890e-16 4.526466e-02
-5.210000e-01 2.775558e-17 4.615860e-02
-5.200000e-01 2.775558e-17 4.702888e-02
-5.190000e-01 1.110223e-16 4.787572e-02
-5.180000e-01 2.775558e-17 4.869933e-02
-5.170000e-01 5.551115e-17 4.949992e-02
-5.160000e-01 5.551115e-17 5.027772e-02
-5.150000e-01 2.775558e-17 5.103295e-02
-5.140000e-01 2.775558e-17 5.176580e-02
-5.130000e-01 0.000000e+00 5.247651e-02
-5.120000e-01 0.000000e+00 5.316528e-02
-5.110000e-01 5.551115e-17 5.383233e-02
-5.100000e-01 8.326673e-17 5.447786e-02
-5.090000e-01 8.326673e-17 5.510208e-02
-5.080000e-01 1.665335e-16 5.570522e-02
-5.070000e-01 1.110223e-16 5.628747e-02
-5.060000e-01 1.110223e-16 5.684905e-02
-5.050000e-01 1.110223e-16 5.739017e-02
-5.040000e-01 5.551115e-17 5.791102e-02
-5.030000e-01 5.551115e-17 5.841183e-02
-5.020000e-01 0.000000e+00 5.889278e-02
-5.010000e-01 0.000000e+00 5.935410e-02
-5.000000e-01 5.551115e-17 5.979598e-02
-4.990000e-01 8.326673e-17 6.021863e-02
-4.980000e-01 5.551115e-17 6.062224e-02
-4.970000e-01 2.775558e-17 6.100703e-02
-4.960000e-01 8.326673e-17 6.137320e-02
-4.950000e-01 2.775558e-17 6.172093e-02
-4.940000e-01 5.551115e-17 6.205045e-02
-4.930000e-01 5.551115e-17 6.236193e-02
-4.920000e-01 2.775558e-17 6.265559e-02
-4.910000e-01 8.326673e-17 6.293163e-02
-4.900000e-01 0.000000e+00 6.319022e-02
-4.890000e-01 5.551115e-17 6.343159e-02
-4.880000e-01 8.326673e-17 6.365591e-02
-4.870000e-01 0.000000e+00 6.386339e-02
-4.860000e-01 2.775558e-17 6.405422e-02
-4.850000e-01 8.326673e-17 6.422860e-02
-4.840000e-01 5.551115e-17 6.438671e-02
-4.830000e-01 1.110223e-16 6.452875e-02
-4.820000e-01 1.110223e-16 6.465491e-02
-4.810000e-01 5.551115e-17 6.476538e-02
-4.800000e-01 0.000000e+00 6.486036e-02
-4.790000e-01 5.551115e-17 6.494002e-02
-4.780000e-01 0.000000e+00 6.500457e-02
-4.770000e-01 1.110223e-16 6.505419e-02
-4.760000e-01 5.551115e-17 6.508906e-02
-4.750000e-01 2.775558e-17 6.510938e-02
-4.740000e-01 1.110223e-16 6.511532e-02
-4.730000e-01 5.551115e-17 6.510708e-02
-4.720000e-01 5.551115e-17 6.508484e-02
-4.710000e-01 2.775558e-17 6.504878e-02
-4.700000e-01 5.551115e-17 6.499909e-02
-4.690000e-01 2.775558e-17 6.493595e-02
-4.680000e-01 5.551115e-17 6.485954e-02
-4.670000e-01 1.110223e-16 6.477005e-02
-4.660000e-01 1.387779e-16 6.466764e-02
-4.650000e-01 8.326673e-17 6.455251e-02
-4.640000e-01 8.326673e-17 6.442484e-02
-4.630000e-01 0.000000e+00 6.428480e-02
-4.620000e-01 1.110223e-16 6.413256e-02
-4.610000e-01 1.110223e-16 6.396831e-02
-4.600000e-01 5.551115e-17 6.379223e-02
-4.590000e-01 0.000000e+00 6.360449e-02
-4.580000e-01 0.000000e+00 6.340526e-02
-4.570000e-01 8.326673e-17 6.319472e-02
-4.560000e-01 2.775558e-17 6.297305e-02
-4.550000e-01 2.775558e-17 6.274041e-02
-4.540000e-01 5.551115e-17 6.249698e-02
-4.530000e-01 2.775558e-17 6.224294e-02
-4.520000e-01 2.775558e-17 6.197845e-02
-4.510000e-01 2.775558e-17 6.170368e-02
-4.500000e-01 8.326673e-17 6.141881e-02
-4.490000e-01 8.326673e-17 6.112400e-02
-4.480000e-01 2.775558e-17 6.081942e-02
-4.470000e-01 2.775558e-17 6.050525e-02
-4.460000e-01 5.551115e-17 6.018164e-02
-4.450000e-01 0.000000e+00 5.984877e-02
-4.440000e-01 1.387779e-16 5.950680e-02
-4.430000e-01 8.326673e-17 5.915589e-02
-4.420000e-01 8.326673e-17 5.879622e-02
-4.410000e-01 0.000000e+00 5.842794e-02
-4.400000e-01 1.387779e-16 5.805123e-02
-4.390000e-01 8.326673e-17 5.766624e-02
-4.380000e-01 1.110223e-16 5.727313e-02
-4.370000e-01 8.326673e-17 5.687207e-02
-4.360000e-01 2.775558e-17 5.646322e-02
-4.350000e-01 2.775558e-17 5.604673e-02
-4.340000e-01 1.110223e-16 5.562278e-02
-4.330000e-01 8.326673e-17 5.519151e-02
-4.320000e-01 8.326673e-17 5.475309e-02
-4.310000e-01 2.775558e-17 5.430768e-02
-4.300000e-01 5.551115e-17 5.385543e-02
-4.290000e-01 2.775558e-17 5.339649e-02
-4.280000e-01 5.551115e-17 5.293103e-02
-4.270000e-01 2.775558e-17 5.245920e-02
-4.260000e-01 1.110223e-16 5.198116e-02
-4.250000e-01 5.551115e-17 5.149706e-02
-4.240000e-01 1.110223e-16 5.100705e-02
-4.230000e-01 0.000000e+00 5.051128e-02
-4.220000e-01 1.110223e-16 5.000992e-02
-4.210000e-01 1.387779e-16 4.950310e-02
-4.200000e-01 5.551115e-17 4.899099e-02
-4.190000e-01 1.110223e-16 4.847373e-02
-4.180000e-01 5.551115e-17 4.795148e-02
-4.170000e-01 5.551115e-17 4.742437e-02
-4.160000e-01 1.665335e-16 4.689257e-02
-4.150000e-01 0.000000e+00 4.635621e-02
-4.140000e-01 1.110223e-16 4.581546e-02
-4.130000e-01 1.110223e-16 4.527044e-02
-4.120000e-01 0.000000e+00 4.472132e-02
-4.110000e-01 5.551115e-17 4.416823e-02
-4.100000e-01 1.110223e-16 4.361133e-02
-4.090000e-01 5.551115e-17 4.305075e-02
-4.080000e-01 8.326673e-17 4.248664e-02
-4.070000e-01 0.000000e+00 4.191915e-02
-4.060000e-01 5.551115e-17 4.134841e-02
-4.050000e-01 8.326673e-17 4.077457e-02
-4.040000e-01 2.775558e-17 4.019777e-02
-4.030000e-01 5.551115e-17 3.961815e-02
-4.020000e-01 1.110223e-16 3.903585e-02
-4.010000e-01 5.551115e-17 3.845102e-02
-4.000000e-01 8.326673e-17 3.786379e-02
-3.990000e-01 2.775558e-17 3.727430e-02
-3.980000e-01 5.551115e-17 3.668269e-02
-3.970000e-01 2.775558e-17 3.608909e-02
-3.960000e-01 8.326673e-17 3.549365e-02
-3.950000e-01 0.000000e+00 3.489650e-02
-3.940000e-01 0.000000e+00 3.429777e-02
-3.930000e-01 8.326673e-17 3.369760e-02
-3.920000e-01 2.775558e-17 3.309613e-02
-3.910000e-01 2.775558e-17 3.249350e-02
-3.900000e-01 1.110223e-16 3.188982e-02
-3.890000e-01 5.551115e-17 3.128525e-02
-3.880000e-01 2.775558e-17 3.067990e-02
-3.870000e-01 0.000000e+00 3.007391e-02
-3.860000e-01 8.326673e-17 2.946742e-02
-3.850000e-01 1.110223e-16 2.886055e-02
-3.840000e-01 8.326673e-17 2.825344e-02
-3.830000e-01 0.000000e+00 2.764621e-02
-3.820000e-01 8.326673e-17 2.703899e-02
-3.810000e-01 1.110223e-16 2.643192e-02
-3.800000e-01 8.326673e-17 2.582512e-02
-3.790000e-01 2.775558e-17 2.521871e-02
-3.780000e-01 5.551115e-17 2.461283e-02
-3.770000e-01 5.551115e-17 2.400760e-02
-3.760000e-01 0.000000e+00 2.340315e-02
-3.750000e-01 5.551115e-17 2.279960e-02
-3.740000e-01 1.110223e-16 2.219708e-02
-3.730000e-01 5.551115e-17 2.159571e-02
-3.720000e-01 8.326673e-17 2.099562e-02
-3.710000e-01 1.387779e-16 2.039692e-02
-3.700000e-01 1.387779e-16 1.979975e-02
-3.690000e-01 8.326673e-17 1.920422e-02
-3.680000e-01 1.110223e-16 1.861045e-02
-3.670000e-01 0.000000e+00 1.801858e-02
-3.660000e-01 5.551115e-17 1.742871e-02
-3.650000e-01 8.326673e-17 1.684096e-02
-3.640000e-01 2.775558e-17 1.625547e-02
-3.630000e-01 2.775558e-17 1.567233e-02
-3.620000e-01 8.326673e-17 1.509169e-02
-3.610000e-01 5.551115e-17 1.451364e-02
-3.600000e-01 1.110223e-16 1.393832e-02
-3.590000e-01 5.551115e-17 1.336583e-02
-3.580000e-01 8.326673e-17 1.279629e-02
-3.570000e-01 5.551115e-17 1.222982e-02
-3.560000e-01 5.551115e-17 1.166654e-02
-3.550000e-01 8.326673e-17 1.110655e-02
-3.540000e-01 8.326673e-17 1.054998e-02
-3.530000e-01 8.326673e-17 9.996937e-03
-3.520000e-01 1.110223e-16 9.447532e-03
-3.510000e-01 5.551115e-17 8.901880e-03
-3.500000e-01 0.000000e+00 8.360094e-03
-3.490000e-01 5.551115e-17 7.822285e-03
-3.480000e-01 5.551115e-17 7.288564e-03
-3.470000e-01 2.775558e-17 6.759043e-03
-3.460000e-01 1.387779e-16 6.233831e-03
-3.450000e-01 8.326673e-17 5.713038e-03
-3.440000e-01 2.775558e-17 5.196774e-03
-3.430000e-01 2.775558e-17 4.685148e-03
-3.420000e-01 2.775558e-17 4.178266e-03
-3.410000e-01 1.110223e-16 3.676239e-03
-3.400000e-01 2.775558e-17 3.179172e-03
-3.390000e-01 5.551115e-17 2.687172e-03
-3.380000e-01 8.326673e-17 2.200347e-03
-3.370000e-01 2.775558e-17 1.718801e-03
-3.360000e-01 5.551115e-17 1.242640e-03
-3.350000e-01 8.326673e-17 7.719687e-04
-3.340000e-01 1.110223e-16 3.068919e-04
-3.330000e-01 0.000000e+00 1.524873e-04
-3.320000e-01 5.551115e-17 6.061042e-04
-3.310000e-01 2.775558e-17 1.053953e-03
-3.300000e-01 2.775558e-17 1.496034e-03
-3.290000e-01 2.775558e-17 1.932347e-03
-3.280000e-01 1.387779e-16 2.362893e-03
-3.270000e-01 0.000000e+00 2.787674e-03
-3.260000e-01 2.775558e-17 3.206691e-03
-3.250000e-01 0.000000e+00 3.619947e-03
-3.240000e-01 5.551115e-17 4.027445e-03
-3.230000e-01 2.775558e-17 4.429187e-03
-3.220000e-01 5.551115e-17 4.825177e-03
-3.210000e-01 4.163336e-17 5.215420e-03
-3.200000e-01 5.551115e-17 5.599920e-03
-3.190000e-01 2.775558e-17 5.978682e-03
-3.180000e-01 2.775558e-17 6.351712e-03
-3.170000e-01 2.775558e-17 6.719016e-03
-3.160000e-01 4.163336e-17 7.080600e-03
-3.150000e-01 4.163336e-17 7.436472e-03
-3.140000e-01 4.163336e-17 7.786637e-03
-3.130000e-01 1.387779e-17 8.131106e-03
-3.120000e-01 0.000000e+00 8.469885e-03
-3.110000e-01 1.387779e-17 8.802983e-03
-3.100000e-01 5.551115e-17 9.130410e-03
-3.090000e-01 2.775558e-17 9.452176e-03
-3.080000e-01 2.775558e-17 9.768289e-03
-3.070000e-01 2.775558e-17 1.007876e-02
-3.060000e-01 4.163336e-17 1.038360e-02
-3.050000e-01 2.775558e-17 1.068283e-02
-3.040000e-01 8.326673e-17 1.097644e-02
-3.030000e-01 0.000000e+00 1.126447e-02
-3.020000e-01 0.000000e+00 1.154691e-02
-3.010000e-01 1.387779e-17 1.182378e-02
-3.000000e-01 5.551115e-17 1.209509e-02
-2.990000e-01 0.000000e+00 1.236087e-02
-2.980000e-01 5.551115e-17 1.262112e-02
-2.970000e-01 1.387779e-17 1.287585e-02
-2.960000e-01 6.938894e-17 1.312509e-02
-2.950000e-01 2.775558e-17 1.336885e-02
-2.940000e-01 1.387779e-17 1.360715e-02
-2.930000e-01 1.387779e-17 1.383999e-02
-2.920000e-01 6.938894e-17 1.406741e-02
-2.910000e-01 1.387779e-17 1.428941e-02
-2.900000e-01 2.775558e-17 1.450602e-02
-2.890000e-01 4.163336e-17 1.471725e-02
-2.880000e-01 5.551115e-17 1.492312e-02
-2.870000e-01 4.163336e-17 1.512365e-02
-2.860000e-01 2.775558e-17 1.531886e-02
-2.850000e-01 5.551115e-17 1.550877e-02
-2.840000e-01 5.551115e-17 1.569341e-02
-2.830000e-01 1.387779e-17 1.587278e-02
-2.820000e-01 5.551115e-17 1.604692e-02
-2.810000e-01 4.163336e-17 1.621583e-02
-2.800000e-01 6.938894e-17 1.637956e-02
-2.790000e-01 2.775558e-17 1.653811e-02
-2.780000e-01 1.387779e-17 1.669152e-02
-2.770000e-01 0.000000e+00 1.683980e-02
-2.760000e-01 4.163336e-17 1.698297e-02
-2.750000e-01 1.387779e-17 1.712107e-02
-2.740000e-01 2.775558e-17 1.725412e-02
-2.730000e-01 2.775558e-17 1.738213e-02
-2.720000e-01 2.775558e-17 1.750515e-02
-2.710000e-01 5.551115e-17 1.762318e-02
-2.700000e-01 2.775558e-17 1.773626e-02
-2.690000e-01 5.551115e-17 1.784442e-02
-2.680000e-01 1.387779e-17 1.794768e-02
-2.670000e-01 1.387779e-17 1.804606e-02
-2.660000e-01 4.163336e-17 1.813960e-02
-2.650000e-01 1.387779e-17 1.822833e-02
-2.640000e-01 0.000000e+00 1.831227e-02
-2.630000e-01 0.000000e+00 1.839144e-02
-2.620000e-01 1.387779e-17 1.846589e-02
-2.610000e-01 1.387779e-17 1.853564e-02
-2.600000e-01 2.775558e-17 1.860071e-02
-2.590000e-01 0.000000e+00 1.866114e-02
-2.580000e-01 2.775558e-17 1.871697e-02
-2.570000e-01 0.000000e+00 1.876821e-02
-2.560000e-01 2.775558e-17 1.881491e-02
-2.550000e-01 1.387779e-17 1.885709e-02
-2.540000e-01 1.387779e-17 1.889478e-02
-2.530000e-01 0.000000e+00 1.892802e-02
-2.520000e-01 0.000000e+00 1.895685e-02
-2.510000e-01 4.163336e-17 1.898128e-02
-2.500000e-01 1.387779e-17 1.900137e-02
-2.490000e-01 5.551115e-17 1.901713e-02
-2.480000e-01 4.163336e-17 1.902861e-02
-2.470000e-01 1.387779e-17 1.903585e-02
-2.460000e-01 1.387779e-17 1.903886e-02
-2.450000e-01 2.775558e-17 1.903770e-02
-2.440000e-01 6.938894e-18 1.903239e-02
-2.430000e-01 6.938894e-18 1.902297e-02
-2.420000e-01 2.081668e-17 1.900949e-02
-2.410000e-01 1.387779e-17 1.899197e-02
-2.400000e-01 2.775558e-17 1.897045e-02
-2.390000e-01 1.387779e-17 1.894496e-02
-2.380000e-01 2.775558e-17 1.891556e-02
-2.370000e-01 1.387779e-17 1.888227e-02
-2.360000e-01 3.469447e-17 1.884514e-02
-2.350000e-01 1.387779e-17 1.880420e-02
-2.340000e-01 2.081668e-17 1.875949e-02
-2.330000e-01 1.387779e-17 1.871105e-02
-2.320000e-01 2.775558e-17 1.865892e-02
-2.310000e-01 2.775558e-17 1.860314e-02
-2.300000e-01 4.163336e-17 1.854376e-02
-2.290000e-01 6.938894e-18 1.848080e-02
-2.280000e-01 6.938894e-18 1.841432e-02
-2.270000e-01 1.387779e-17 1.834436e-02
-2.260000e-01 3.469447e-17 1.827095e-02
-2.250000e-01 3.469447e-17 1.819414e-02
-2.240000e-01 2.081668e-17 1.811397e-02
-2.230000e-01 6.938894e-18 1.803049e-02
-2.220000e-01 4.163336e-17 1.794373e-02
-2.210000e-01 6.938894e-18 1.785374e-02
-2.200000e-01 2.081668e-17 1.776057e-02
-2.190000e-01 1.387779e-17 1.766425e-02
-2.180000e-01 3.469447e-17 1.756484e-02
-2.170000e-01 2.775558e-17 1.746238e-02
-2.160000e-01 6.938894e-18 1.735690e-02
-2.150000e-01 0.000000e+00 1.724847e-02
-2.140000e-01 2.081668e-17 1.713712e-02
-2.130000e-01 2.081668e-17 1.702289e-02
-2.120000e-01 2.775558e-17 1.690585e-02
-2.110000e-01 6.938894e-18 1.678602e-02
-2.100000e-01 6.938894e-18 1.666346e-02
-2.090000e-01 1.387779e-17 1.653822e-02
-2.080000e-01 4.163336e-17 1.641034e-02
-2.070000e-01 4.163336e-17 1.627987e-02
-2.060000e-01 2.775558e-17 1.614687e-02
-2.050000e-01 1.387779e-17 1.601137e-02
-2.040000e-01 2.775558e-17 1.587342e-02
-2.030000e-01 2.081668e-17 1.573308e-02
-2.020000e-01 2.775558e-17 1.559039e-02
-2.010000e-01 2.775558e-17 1.544541e-02
-2.000000e-01 3.469447e-17 1.529818e-02
-1.990000e-01 0.000000e+00 1.514876e-02
-1.980000e-01 2.081668e-17 1.499719e-02
-1.970000e-01 2.081668e-17 1.484352e-02
-1.960000e-01 1.387779e-17 1.468781e-02
-1.950000e-01 6.938894e-18 1.453011e-02
-1.940000e-01 6.938894e-18 1.437046e-02
-1.930000e-01 6.938894e-18 1.420893e-02
-1.920000e-01 6.938894e-18 1.404555e-02
-1.910000e-01 6.938894e-18 1.388040e-02
-1.900000e-01 3.469447e-17 1.371350e-02
-1.890000e-01 3.469447e-18 1.354493e-02
-1.880000e-01 2.775558e-17 1.337474e-02
-1.870000e-01 0.000000e+00 1.320297e-02
-1.860000e-01 1.734723e-17 1.302968e-02
-1.850000e-01 3.469447e-18 1.285492e-02
-1.840000e-01 3.122502e-17 1.267876e-02
-1.830000e-01 6.938894e-18 1.250123e-02
-1.820000e-01 1.734723e-17 1.232241e-02
-1.810000e-01 3.469447e-18 1.214234e-02
-1.800000e-01 1.040834e-17 1.196108e-02
-1.790000e-01 1.040834e-17 1.177868e-02
-1.780000e-01 1.387779e-17 1.159520e-02
-1.770000e-01 6.938894e-18 1.141070e-02
-1.760000e-01 1.387779e-17 1.122523e-02
-1.750000e-01 3.469447e-18 1.103885e-02
-1.740000e-01 2.081668e-17 1.085162e-02
-1.730000e-01 1.040834e-17 1.066359e-02
-1.720000e-01 1.387779e-17 1.047482e-02
-1.710000e-01 6.938894e-18 1.028536e-02
-1.700000e-01 2.081668e-17 1.009529e-02
-1.690000e-01 1.040834e-17 9.904647e-03
-1.680000e-01 1.387779e-17 9.713498e-03
-1.670000e-01 1.734723e-17 9.521900e-03
-1.660000e-01 1.387779e-17 9.329912e-03
-1.650000e-01 6.938894e-18 9.137593e-03
-1.640000e-01 1.040834e-17 8.945002e-03
-1.630000e-01 0.000000e+00 8.752200e-03
-1.620000e-01 2.428613e-17 8.559245e-03
-1.610000e-01 6.938894e-18 8.366198e-03
-1.600000e-01 6.938894e-18 8.173119e-03
-1.590000e-01 1.040834e-17 7.980068e-03
-1.580000e-01 1.387779e-17 7.787107e-03
-1.570000e-01 6.938894e-18 7.594296e-03
-1.560000e-01 1.387779e-17 7.401697e-03
-1.550000e-01 3.469447e-18 7.209370e-03
-1.540000e-01 6.938894e-18 7.017378e-03
-1.530000e-01 6.938894e-18 6.825782e-03
-1.520000e-01 1.387779e-17 6.634645e-03
-1.510000e-01 0.000000e+00 6.444028e-03
-1.500000e-01 3.469447e-18 6.253995e-03
-1.490000e-01 3.469447e-18 6.064608e-03
-1.480000e-01 1.040834e-17 5.875929e-03
-1.470000e-01 3.469447e-18 5.688023e-03
-1.460000e-01 1.040834e-17 5.500952e-03
-1.450000e-01 5.204170e-18 5.314781e-03
-1.440000e-01 3.469447e-18 5.129572e-03
-1.430000e-01 3.469447e-18 4.945390e-03
-1.420000e-01 5.204170e-18 4.762299e-03
-1.410000e-01 6.938894e-18 4.580364e-03
-1.400000e-01 5.204170e-18 4.399649e-03
-1.390000e-01 1.734723e-18 4.220219e-03
-1.380000e-01 3.469447e-18 4.042140e-03
-1.370000e-01 6.938894e-18 3.865475e-03
-1.360000e-01 3.469447e-18 3.690291e-03
-1.350000e-01 0.000000e+00 3.516654e-03
-1.340000e-01 3.469447e-18 3.344629e-03
-1.330000e-01 1.734723e-18 3.174282e-03
-1.320000e-01 5.204170e-18 3.005679e-03
-1.310000e-01 0.000000e+00 2.838887e-03
-1.300000e-01 6.938894e-18 2.673973e-03
-1.290000e-01 3.469447e-18 2.511003e-03
-1.280000e-01 1.734723e-18 2.350044e-03
-1.270000e-01 1.734723e-18 2.191164e-03
-1.260000e-01 3.469447e-18 2.034429e-03
-1.250000e-01 0.000000e+00 1.879907e-03
-1.240000e-01 3.469447e-18 1.727667e-03
-1.230000e-01 1.734723e-18 1.577775e-03
-1.220000e-01 3.469447e-18 1.430300e-03
-1.210000e-01 1.734723e-18 1.285310e-03
-1.200000e-01 1.734723e-18 1.142874e-03
-1.190000e-01 1.734723e-18 1.003060e-03
-1.180000e-01 1.734723e-18 8.659366e-04
-1.170000e-01 2.602085e-18 7.315732e-04
-1.160000e-01 0.000000e+00 6.000388e-04
-1.150000e-01 8.673617e-19 4.714027e-04
-1.140000e-01 1.734723e-18 3.457342e-04
-1.130000e-01 4.336809e-18 2.231030e-04
-1.120000e-01 0.000000e+00 1.035788e-04
-1.110000e-01 4.336809e-18 1.276842e-05
-1.100000e-01 8.673617e-19 1.258926e-04
-1.090000e-01 8.673617e-19 2.358163e-04
-1.080000e-01 8.673617e-19 3.425745e-04
-1.070000e-01 0.000000e+00 4.462017e-04
-1.060000e-01 1.734723e-18 5.467325e-04
-1.050000e-01 1.734723e-18 6.442013e-04
-1.040000e-01 0.000000e+00 7.386423e-04
-1.030000e-01 3.469447e-18 8.300894e-04
-1.020000e-01 3.469447e-18 9.185767e-04
-1.010000e-01 2.602085e-18 1.004138e-03
-1.000000e-01 1.734723e-18 1.086806e-03
-9.900000e-02 1.734723e-18 1.166616e-03
-9.800000e-02 3.469447e-18 1.243600e-03
-9.700000e-02 1.734723e-18 1.317791e-03
-9.600000e-02 6.071532e-18 1.389223e-03
-9.500000e-02 1.734723e-18 1.457928e-03
-9.400000e-02 1.734723e-18 1.523939e-03
-9.300000e-02 2.602085e-18 1.587289e-03
-9.200000e-02 5.637851e-18 1.648010e-03
-9.100000e-02 3.035766e-18 1.706135e-03
-9.000000e-02 8.239937e-18 1.761696e-03
-8.900000e-02 3.035766e-18 1.814724e-03
-8.800000e-02 4.770490e-18 1.865252e-03
-8.700000e-02 3.035766e-18 1.913312e-03
-8.600000e-02 4.336809e-18 1.958936e-03
-8.500000e-02 4.770490e-18 2.002154e-03
-8.400000e-02 3.903128e-18 2.042999e-03
-8.300000e-02 4.336809e-19 2.081501e-03
-8.200000e-02 6.505213e-18 2.117693e-03
-8.100000e-02 4.770490e-18 2.151604e-03
-8.000000e-02 2.168404e-18 2.183266e-03
-7.900000e-02 5.637851e-18 2.212711e-03
-7.800000e-02 1.301043e-18 2.239968e-03
-7.700000e-02 2.602085e-18 2.265068e-03
-7.600000e-02 3.035766e-18 2.288042e-03
-7.500000e-02 4.336809e-19 2.308920e-03
-7.400000e-02 4.336809e-18 2.327733e-03
-7.300000e-02 5.421011e-18 2.344510e-03
-7.200000e-02 2.168404e-18 2.359282e-03
-7.100000e-02 1.084202e-17 2.372078e-03
-7.000000e-02 1.951564e-18 2.382929e-03
-6.900000e-02 4.987330e-18 2.391865e-03
-6.800000e-02 9.324139e-18 2.398915e-03
-6.700000e-02 4.119968e-18 2.404108e-03
-6.600000e-02 8.023096e-18 2.407474e-03
-6.500000e-02 2.168404e-18 2.409042e-03
-6.400000e-02 6.071532e-18 2.408843e-03
-6.300000e-02 4.119968e-18 2.406904e-03
-6.200000e-02 6.938894e-18 2.403255e-03
-6.100000e-02 4.553649e-18 2.397925e-03
-6.000000e-02 3.035766e-18 2.390943e-03
-5.900000e-02 3.035766e-18 2.382338e-03
-5.800000e-02 3.686287e-18 2.372138e-03
-5.700000e-02 6.505213e-18 2.360372e-03
-5.600000e-02 3.794708e-18 2.347069e-03
-5.500000e-02 1.734723e-18 2.332258e-03
-5.400000e-02 3.686287e-18 2.315966e-03
-5.300000e-02 7.372575e-18 2.298221e-03
-5.200000e-02 1.658829e-17 2.279053e-03
-5.100000e-02 8.673617e-19 2.258489e-03
-5.000000e-02 1.084202e-17 2.236558e-03
-4.900000e-02 1.192622e-18 2.213287e-03
-4.800000e-02 2.602085e-18 2.188705e-03
-4.700000e-02 3.686287e-18 2.162839e-03
-4.600000e-02 1.843144e-18 2.135717e-03
-4.500000e-02 5.800482e-18 2.107366e-03
-4.400000e-02 4.607859e-18 2.077816e-03
-4.300000e-02 2.168404e-19 2.047092e-03
-4.200000e-02 1.951564e-18 2.015224e-03
-4.100000e-02 1.040834e-17 1.982237e-03
-4.000000e-02 4.174178e-18 1.948160e-03
-3.900000e-02 1.116728e-17 1.913021e-03
-3.800000e-02 7.589415e-18 1.876845e-03
-3.700000e-02 7.372575e-18 1.839661e-03
-3.600000e-02 1.149254e-17 1.801496e-03
-3.500000e-02 1.707618e-18 1.762377e-03
-3.400000e-02 1.547699e-17 1.722331e-03
-3.300000e-02 1.092334e-17 1.681385e-03
-3.200000e-02 5.963112e-18 1.639566e-03
-3.100000e-02 3.713392e-18 1.596901e-03
-3.000000e-02 3.361027e-18 1.553417e-03
-2.900000e-02 1.219727e-18 1.509141e-03
-2.800000e-02 1.077426e-17 1.464099e-03
-2.700000e-02 6.816921e-18 1.418319e-03
-2.600000e-02 6.085085e-18 1.371827e-03
-2.500000e-02 4.363914e-18 1.324650e-03
-2.400000e-02 6.369688e-19 1.276814e-03
-2.300000e-02 7.020209e-18 1.228347e-03
-2.200000e-02 5.021211e-18 1.179274e-03
-2.100000e-02 3.645630e-18 1.129622e-03
-2.000000e-02 1.173649e-17 1.079418e-03
-1.900000e-02 6.437450e-19 1.028689e-03
-1.800000e-02 5.746272e-18 9.774596e-04
-1.700000e-02 1.182458e-18 9.257579e-04
-1.600000e-02 6.085085e-18 8.736098e-04
-1.500000e-02 2.676624e-18 8.210416e-04
-1.400000e-02 4.404571e-20 7.680798e-04
-1.300000e-02 5.087280e-18 7.147506e-04
-1.200000e-02 1.000685e-17 6.610805e-04
-1.100000e-02 7.486924e-18 6.070956e-04
-1.000000e-02 1.198043e-17 5.528223e-04
-9.000000e-03 8.570703e-18 4.982869e-04
-8.000000e-03 8.502093e-18 4.435156e-04
-7.000000e-03 1.074461e-18 3.885346e-04
-6.000000e-03 6.150942e-18 3.333702e-04
-5.000000e-03 1.173045e-17 2.780486e-04
-4.000000e-03 6.506431e-18 2.225961e-04
-3.000000e-03 7.114547e-19 1.670387e-04
-2.000000e-03 1.313606e-17 1.114028e-04
-1.000000e-03 1.768602e-18 5.571449e-05
8.812395e-16 7.372575e-18 5.984796e-17
1.000000e-03 5.196728e-18 5.571449e-05
2.000000e-03 2.253151e-17 1.114028e-04
3.000000e-03 1.774108e-17 1.670387e-04
4.000000e-03 1.083011e-17 2.225961e-04
5.000000e-03 1.528683e-18 2.780486e-04
6.000000e-03 1.084668e-17 3.333702e-04
7.000000e-03 1.539927e-17 3.885346e-04
8.000000e-03 8.801943e-18 4.435156e-04
9.000000e-03 1.004962e-17 4.982869e-04
1.000000e-02 8.007849e-18 5.528223e-04
1.100000e-02 5.250757e-18 6.070956e-04
1.200000e-02 1.417933e-17 6.610805e-04
1.300000e-02 4.148767e-18 7.147506e-04
1.400000e-02 6.000381e-18 7.680798e-04
1.500000e-02 6.606857e-19 8.210416e-04
1.600000e-02 5.011047e-18 8.736098e-04
1.700000e-02 3.415237e-18 9.257579e-04
1.800000e-02 7.142182e-18 9.774596e-04
1.900000e-02 1.496199e-17 1.028689e-03
2.000000e-02 2.283601e-18 1.079418e-03
2.100000e-02 2.419126e-18 1.129622e-03
2.200000e-02 1.252254e-17 1.179274e-03
2.300000e-02 4.763713e-18 1.228347e-03
2.400000e-02 6.776264e-19 1.276814e-03
2.500000e-02 5.177065e-18 1.324650e-03
2.600000e-02 1.085557e-17 1.371827e-03
2.700000e-02 1.572093e-18 1.418319e-03
2.800000e-02 9.446111e-18 1.464099e-03
2.900000e-02 5.583641e-18 1.509141e-03
3.000000e-02 1.775381e-17 1.553417e-03
3.100000e-02 6.830474e-18 1.596901e-03
3.200000e-02 1.897354e-19 1.639566e-03
3.300000e-02 3.442342e-18 1.681385e-03
3.400000e-02 4.960225e-18 1.722331e-03
3.500000e-02 1.485357e-17 1.762377e-03
3.600000e-02 1.135702e-17 1.801496e-03
3.700000e-02 8.619407e-18 1.839661e-03
3.800000e-02 1.132991e-17 1.876845e-03
3.900000e-02 2.764716e-18 1.913021e-03
4.000000e-02 7.914676e-18 1.948160e-03
4.100000e-02 1.463673e-17 1.982237e-03
4.200000e-02 9.649399e-18 2.015224e-03
4.300000e-02 3.252607e-18 2.047092e-03
4.400000e-02 7.535205e-18 2.077816e-03
4.500000e-02 5.637851e-18 2.107366e-03
4.600000e-02 3.252607e-18 2.135717e-03
4.700000e-02 6.938894e-18 2.162839e-03
4.800000e-02 9.974660e-18 2.188705e-03
4.900000e-02 4.878910e-18 2.213287e-03
5.000000e-02 1.029992e-17 2.236558e-03
5.100000e-02 7.264155e-18 2.258489e-03
5.200000e-02 3.361027e-18 2.279053e-03
5.300000e-02 1.745565e-17 2.298221e-03
5.400000e-02 7.047314e-18 2.315966e-03
5.500000e-02 1.301043e-18 2.332258e-03
5.600000e-02 5.204170e-18 2.347069e-03
5.700000e-02 1.105886e-17 2.360372e-03
5.800000e-02 8.565197e-18 2.372138e-03
5.900000e-02 1.105886e-17 2.382338e-03
6.000000e-02 8.890458e-18 2.390943e-03
6.100000e-02 3.469447e-18 2.397925e-03
6.200000e-02 4.119968e-18 2.403255e-03
6.300000e-02 8.023096e-18 2.406904e-03
6.400000e-02 4.987330e-18 2.408843e-03
6.500000e-02 4.119968e-18 2.409042e-03
6.600000e-02 1.084202e-18 2.407474e-03
6.700000e-02 4.987330e-18 2.404108e-03
6.800000e-02 6.722053e-18 2.398915e-03
6.900000e-02 3.252607e-18 2.391865e-03
7.000000e-02 2.385245e-18 2.382929e-03
7.100000e-02 7.372575e-18 2.372078e-03
7.200000e-02 1.734723e-18 2.359282e-03
7.300000e-02 1.084202e-17 2.344510e-03
7.400000e-02 4.336809e-19 2.327733e-03
7.500000e-02 2.168404e-18 2.308920e-03
7.600000e-02 1.084202e-17 2.288042e-03
7.700000e-02 4.770490e-18 2.265068e-03
7.800000e-02 6.071532e-18 2.239968e-03
7.900000e-02 2.602085e-18 2.212711e-03
8.000000e-02 1.301043e-18 2.183266e-03
8.100000e-02 1.301043e-18 2.151604e-03
8.200000e-02 1.734723e-18 2.117693e-03
8.300000e-02 3.469447e-18 2.081501e-03
8.400000e-02 3.903128e-18 2.042999e-03
8.500000e-02 3.903128e-18 2.002154e-03
8.600000e-02 1.734723e-18 1.958936e-03
8.700000e-02 6.938894e-18 1.913312e-03
8.800000e-02 3.903128e-18 1.865252e-03
8.900000e-02 5.204170e-18 1.814724e-03
9.000000e-02 1.734723e-18 1.761696e-03
9.100000e-02 3.469447e-18 1.706135e-03
9.200000e-02 6.938894e-18 1.648010e-03
9.300000e-02 2.602085e-18 1.587289e-03
9.400000e-02 8.673617e-19 1.523939e-03
9.500000e-02 2.602085e-18 1.457928e-03
9.600000e-02 8.673617e-19 1.389223e-03
9.700000e-02 1.734723e-18 1.317791e-03
9.800000e-02 1.734723e-18 1.243600e-03
9.900000e-02 8.673617e-19 1.166616e-03
1.000000e-01 0.000000e+00 1.086806e-03
1.010000e-01 1.734723e-18 1.004138e-03
1.020000e-01 8.673617e-19 9.185767e-04
1.030000e-01 2.602085e-18 8.300894e-04
1.040000e-01 8.673617e-19 7.386423e-04
1.050000e-01 3.469447e-18 6.442013e-04
1.060000e-01 2.602085e-18 5.467325e-04
1.070000e-01 8.673617e-19 4.462017e-04
1.080000e-01 2.602085e-18 3.425745e-04
1.090000e-01 8.673617e-19 2.358163e-04
1.100000e-01 3.469447e-18 1.258926e-04
1.110000e-01 0.000000e+00 1.276842e-05
1.120000e-01 0.000000e+00 1.035788e-04
1.130000e-01 3.469447e-18 2.231030e-04
1.140000e-01 8.673617e-19 3.457342e-04
1.150000e-01 0.000000e+00 4.714027e-04
1.160000e-01 0.000000e+00 6.000388e-04
1.170000e-01 0.000000e+00 7.315732e-04
1.180000e-01 0.000000e+00 8.659366e-04
1.190000e-01 1.734723e-18 1.003060e-03
1.200000e-01 0.000000e+00 1.142874e-03
1.210000e-01 0.000000e+00 1.285310e-03
1.220000e-01 1.734723e-18 1.430300e-03
1.230000e-01 1.734723e-18 1.577775e-03
1.240000e-01 0.000000e+00 1.727667e-03
1.250000e-01 1.734723e-18 1.879907e-03
1.260000e-01 0.000000e+00 2.034429e-03
1.270000e-01 1.734723e-18 2.191164e-03
1.280000e-01 1.734723e-18 2.350044e-03
1.290000e-01 3.469447e-18 2.511003e-03
1.300000e-01 1.734723e-18 2.673973e-03
1.310000e-01 3.469447e-18 2.838887e-03
1.320000e-01 1.734723e-18 3.005679e-03
1.330000e-01 1.734723e-18 3.174282e-03
1.340000e-01 1.734723e-18 3.344629e-03
1.350000e-01 1.734723e-18 3.516654e-03
1.360000e-01 3.469447e-18 3.690291e-03
1.370000e-01 0.000000e+00 3.865475e-03
1.380000e-01 1.734723e-18 4.042140e-03
1.390000e-01 6.938894e-18 4.220219e-03
1.400000e-01 3.469447e-18 4.399649e-03
1.410000e-01 1.734723e-18 4.580364e-03
1.420000e-01 1.734723e-18 4.762299e-03
1.430000e-01 3.469447e-18 4.945390e-03
1.440000e-01 1.734723e-18 5.129572e-03
1.450000e-01 3.469447e-18 5.314781e-03
1.460000e-01 0.000000e+00 5.500952e-03
1.470000e-01 3.469447e-18 5.688023e-03
1.480000e-01 0.000000e+00 5.875929e-03
1.490000e-01 3.469447e-18 6.064608e-03
1.500000e-01 3.469447e-18 6.253995e-03
1.510000e-01 3.469447e-18 6.444028e-03
1.520000e-01 3.469447e-18 6.634645e-03
1.530000e-01 3.469447e-18 6.825782e-03
1.540000e-01 3.469447e-18 7.017378e-03
1.550000e-01 6.938894e-18 7.209370e-03
1.560000e-01 1.040834e-17 7.401697e-03
1.570000e-01 0.000000e+00 7.594296e-03
1.580000e-01 1.387779e-17 7.787107e-03
1.590000e-01 3.469447e-18 7.980068e-03
1.600000e-01 1.040834e-17 8.173119e-03
1.610000e-01 6.938894e-18 8.366198e-03
1.620000e-01 6.938894e-18 8.559245e-03
1.630000e-01 0.000000e+00 8.752200e-03
1.640000e-01 3.469447e-18 8.945002e-03
1.650000e-01 3.469447e-18 9.137593e-03
1.660000e-01 6.938894e-18 9.329912e-03
1.670000e-01 3.469447e-18 9.521900e-03
1.680000e-01 6.938894e-18 9.713498e-03
1.690000e-01 0.000000e+00 9.904647e-03
1.700000e-01 3.469447e-18 1.009529e-02
1.710000e-01 0.000000e+00 1.028536e-02
1.720000e-01 6.938894e-18 1.047482e-02
1.730000e-01 1.387779e-17 1.066359e-02
1.740000e-01 6.938894e-18 1.085162e-02
1.750000e-01 3.469447e-18 1.103885e-02
1.760000e-01 3.469447e-18 1.122523e-02
1.770000e-01 3.469447e-18 1.141070e-02
1.780000e-01 1.734723e-17 1.159520e-02
1.790000e-01 3.469447e-18 1.177868e-02
1.800000e-01 0.000000e+00 1.196108e-02
1.810000e-01 1.040834e-17 1.214234e-02
1.820000e-01 1.387779e-17 1.232241e-02
1.830000e-01 6.938894e-18 1.250123e-02
1.840000e-01 3.469447e-18 1.267876e-02
1.850000e-01 2.081668e-17 1.285492e-02
1.860000e-01 6.938894e-18 1.302968e-02
1.870000e-01 3.469447e-18 1.320297e-02
1.880000e-01 1.040834e-17 1.337474e-02
1.890000e-01 6.938894e-18 1.354493e-02
1.900000e-01 0.000000e+00 1.371350e-02
1.910000e-01 6.938894e-18 1.388040e-02
1.920000e-01 0.000000e+00 1.404555e-02
1.930000e-01 6.938894e-18 1.420893e-02
1.940000e-01 6.938894e-18 1.437046e-02
1.950000e-01 0.000000e+00 1.453011e-02
1.960000e-01 1.387779e-17 1.468781e-02
1.970000e-01 6.938894e-18 1.484352e-02
1.980000e-01 0.000000e+00 1.499719e-02
1.990000e-01 1.387779e-17 1.514876e-02
2.000000e-01 6.938894e-18 1.529818e-02
2.010000e-01 1.387779e-17 1.544541e-02
2.020000e-01 1.387779e-17 1.559039e-02
2.030000e-01 6.938894e-18 1.573308e-02
2.040000e-01 1.387779e-17 1.587342e-02
2.050000e-01 0.000000e+00 1.601137e-02
2.060000e-01 6.938894e-18 1.614687e-02
2.070000e-01 6.938894e-18 1.627987e-02
2.080000e-01 0.000000e+00 1.641034e-02
2.090000e-01 1.387779e-17 1.653822e-02
2.100000e-01 6.938894e-18 1.666346e-02
2.110000e-01 6.938894e-18 1.678602e-02
2.120000e-01 6.938894e-18 1.690585e-02
2.130000e-01 0.000000e+00 1.702289e-02
2.140000e-01 6.938894e-18 1.713712e-02
2.150000e-01 0.000000e+00 1.724847e-02
2.160000e-01 6.938894e-18 1.735690e-02
2.170000e-01 1.387779e-17 1.746238e-02
2.180000e-01 2.775558e-17 1.756484e-02
2.190000e-01 1.387779e-17 1.766425e-02
2.200000e-01 1.387779e-17 1.776057e-02
2.210000e-01 6.938894e-18 1.785374e-02
2.220000e-01 2.081668e-17 1.794373e-02
2.230000e-01 6.938894e-18 1.803049e-02
2.240000e-01 0.000000e+00 1.811397e-02
2.250000e-01 0.000000e+00 1.819414e-02
2.260000e-01 6.938894e-18 1.827095e-02
2.270000e-01 6.938894e-18 1.834436e-02
2.280000e-01 6.938894e-18 1.841432e-02
2.290000e-01 1.387779e-17 1.848080e-02
2.300000e-01 1.387779e-17 1.854376e-02
2.310000e-01 0.000000e+00 1.860314e-02
2.320000e-01 2.081668e-17 1.865892e-02
2.330000e-01 0.000000e+00 1.871105e-02
2.340000e-01 6.938894e-18 1.875949e-02
2.350000e-01 6.938894e-18 1.880420e-02
2.360000e-01 6.938894e-18 1.884514e-02
2.370000e-01 2.775558e-17 1.888227e-02
2.380000e-01 1.387779e-17 1.891556e-02
2.390000e-01 0.000000e+00 1.894496e-02
2.400000e-01 1.387779e-17 1.897045e-02
2.410000e-01 2.081668e-17 1.899197e-02
2.420000e-01 6.938894e-18 1.900949e-02
2.430000e-01 6.938894e-18 1.902297e-02
2.440000e-01 0.000000e+00 1.903239e-02
2.450000e-01 0.000000e+00 1.903770e-02
2.460000e-01 1.387779e-17 1.903886e-02
2.470000e-01 2.775558e-17 1.903585e-02
2.480000e-01 1.387779e-17 1.902861e-02
2.490000e-01 1.387779e-17 1.901713e-02
2.500000e-01 4.163336e-17 1.900137e-02
2.510000e-01 4.163336e-17 1.898128e-02
2.520000e-01 1.387779e-17 1.895685e-02
2.530000e-01 1.387779e-17 1.892802e-02
2.540000e-01 1.387779e-17 1.889478e-02
2.550000e-01 4.163336e-17 1.885709e-02
2.560000e-01 2.775558e-17 1.881491e-02
2.570000e-01 2.775558e-17 1.876821e-02
2.580000e-01 1.387779e-17 1.871697e-02
2.590000e-01 2.775558e-17 1.866114e-02
2.600000e-01 4.163336e-17 1.860071e-02
2.610000e-01 0.000000e+00 1.853564e-02
2.620000e-01 2.775558e-17 1.846589e-02
2.630000e-01 2.775558e-17 1.839144e-02
2.640000e-01 4.163336e-17 1.831227e-02
2.650000e-01 2.775558e-17 1.822833e-02
2.660000e-01 2.775558e-17 1.813960e-02
2.670000e-01 2.775558e-17 1.804606e-02
2.680000e-01 1.387779e-17 1.794768e-02
2.690000e-01 0.000000e+00 1.784442e-02
2.700000e-01 0.000000e+00 1.773626e-02
2.710000e-01 1.387779e-17 1.762318e-02
2.720000e-01 4.163336e-17 1.750515e-02
2.730000e-01 2.775558e-17 1.738213e-02
2.740000e-01 2.775558e-17 1.725412e-02
2.750000e-01 2.775558e-17 1.712107e-02
2.760000e-01 4.163336e-17 1.698297e-02
2.770000e-01 0.000000e+00 1.683980e-02
2.780000e-01 0.000000e+00 1.669152e-02
2.790000e-01 1.387779e-17 1.653811e-02
2.800000e-01 2.775558e-17 1.637956e-02
2.810000e-01 0.000000e+00 1.621583e-02
2.820000e-01 1.387779e-17 1.604692e-02
2.830000e-01 2.775558e-17 1.587278e-02
2.840000e-01 9.714451e-17 1.569341e-02
2.850000e-01 4.163336e-17 1.550877e-02
2.860000e-01 1.387779e-17 1.531886e-02
2.870000e-01 0.000000e+00 1.512365e-02
2.880000e-01 2.775558e-17 1.492312e-02
2.890000e-01 0.000000e+00 1.471725e-02
2.900000e-01 2.775558e-17 1.450602e-02
2.910000e-01 2.775558e-17 1.428941e-02
2.920000e-01 5.551115e-17 1.406741e-02
2.930000e-01 1.387779e-17 1.383999e-02
2.940000e-01 4.163336e-17 1.360715e-02
2.950000e-01 2.775558e-17 1.336885e-02
2.960000e-01 1.387779e-17 1.312509e-02
2.970000e-01 4.163336e-17 1.287585e-02
2.980000e-01 2.775558e-17 1.262112e-02
2.990000e-01 4.163336e-17 1.236087e-02
3.000000e-01 4.163336e-17 1.209509e-02
3.010000e-01 2.775558e-17 1.182378e-02
3.020000e-01 4.163336e-17 1.154691e-02
3.030000e-01 1.387779e-17 1.126447e-02
3.040000e-01 5.551115e-17 1.097644e-02
3.050000e-01 1.387779e-17 1.068283e-02
3.060000e-01 2.775558e-17 1.038360e-02
3.070000e-01 0.000000e+00 1.007876e-02
3.080000e-01 8.326673e-17 9.768289e-03
3.090000e-01 0.000000e+00 9.452176e-03
3.100000e-01 1.387779e-17 9.130410e-03
3.110000e-01 5.551115e-17 8.802983e-03
3.120000e-01 6.938894e-17 8.469885e-03
3.130000e-01 2.775558e-17 8.131106e-03
3.140000e-01 2.775558e-17 7.786637e-03
3.150000e-01 2.775558e-17 7.436472e-03
3.160000e-01 2.775558e-17 7.080600e-03
3.170000e-01 0.000000e+00 6.719016e-03
3.180000e-01 2.775558e-17 6.351712e-03
3.190000e-01 1.387779e-17 5.978682e-03
3.200000e-01 5.551115e-17 5.599920e-03
3.210000e-01 2.775558e-17 5.215420e-03
3.220000e-01 5.551115e-17 4.825177e-03
3.230000e-01 2.775558e-17 4.429187e-03
3.240000e-01 2.775558e-17 4.027445e-03
3.250000e-01 0.000000e+00 3.619947e-03
3.260000e-01 2.775558e-17 3.206691e-03
3.270000e-01 2.775558e-17 2.787674e-03
3.280000e-01 0.000000e+00 2.362893e-03
3.290000e-01 5.551115e-17 1.932347e-03
3.300000e-01 5.551115e-17 1.496034e-03
3.310000e-01 0.000000e+00 1.053953e-03
3.320000e-01 8.326673e-17 6.061042e-04
3.330000e-01 2.775558e-17 1.524873e-04
3.340000e-01 8.326673e-17 3.068919e-04
3.350000e-01 2.775558e-17 7.719687e-04
3.360000e-01 5.551115e-17 1.242640e-03
3.370000e-01 0.000000e+00 1.718801e-03
3.380000e-01 5.551115e-17 2.200347e-03
3.390000e-01 2.775558e-17 2.687172e-03
3.400000e-01 0.000000e+00 3.179172e-03
3.410000e-01 5.551115e-17 3.676239e-03
3.420000e-01 2.775558e-17 4.178266e-03
3.430000e-01 5.551115e-17 4.685148e-03
3.440000e-01 2.775558e-17 5.196774e-03
3.450000e-01 2.775558e-17 5.713038e-03
3.460000e-01 2.775558e-17 6.233831e-03
3.470000e-01 0.000000e+00 6.759043e-03
3.480000e-01 5.551115e-17 7.288564e-03
3.490000e-01 2.775558e-17 7.822285e-03
3.500000e-01 2.775558e-17 8.360094e-03
3.510000e-01 5.551115e-17 8.901880e-03
3.520000e-01 2.775558e-17 9.447532e-03
3.530000e-01 0.000000e+00 9.996937e-03
3.540000e-01 8.326673e-17 1.054998e-02
3.550000e-01 2.775558e-17 1.110655e-02
3.560000e-01 2.775558e-17 1.166654e-02
3.570000e-01 5.551115e-17 1.222982e-02
3.580000e-01 5.551115e-17 1.279629e-02
3.590000e-01 0.000000e+00 1.336583e-02
3.600000e-01 0.000000e+00 1.393832e-02
3.610000e-01 5.551115e-17 1.451364e-02
3.620000e-01 5.551115e-17 1.509169e-02
3.630000e-01 2.775558e-17 1.567233e-02
3.640000e-01 5.551115e-17 1.625547e-02
3.650000e-01 5.551115e-17 1.684096e-02
3.660000e-01 2.775558e-17 1.742871e-02
3.670000e-01 2.775558e-17 1.801858e-02
3.680000e-01 2.775558e-17 1.861045e-02
3.690000e-01 2.775558e-17 1.920422e-02
3.700000e-01 5.551115e-17 1.979975e-02
3.710000e-01 2.775558e-17 2.039692e-02
3.720000e-01 0.000000e+00 2.099562e-02
3.730000e-01 0.000000e+00 2.159571e-02
3.740000e-01 2.775558e-17 2.219708e-02
3.750000e-01 2.775558e-17 2.279960e-02
3.760000e-01 2.775558e-17 2.340315e-02
3.770000e-01 5.551115e-17 2.400760e-02
3.780000e-01 8.326673e-17 2.461283e-02
3.790000e-01 0.000000e+00 2.521871e-02
3.800000e-01 0.000000e+00 2.582512e-02
3.810000e-01 5.551115e-17 2.643192e-02
3.820000e-01 5.551115e-17 2.703899e-02
3.830000e-01 8.326673e-17 2.764621e-02
3.840000e-01 1.110223e-16 2.825344e-02
3.850000e-01 2.775558e-17 2.886055e-02
3.860000e-01 8.326673e-17 2.946742e-02
3.870000e-01 1.110223e-16 3.007391e-02
3.880000e-01 2.775558e-17 3.067990e-02
3.890000e-01 2.775558e-17 3.128525e-02
3.900000e-01 0.000000e+00 3.188982e-02
3.910000e-01 2.775558e-17 3.249350e-02
3.920000e-01 5.551115e-17 3.309613e-02
3.930000e-01 8.326673e-17 3.369760e-02
3.940000e-01 8.326673e-17 3.429777e-02
3.950000e-01 2.775558e-17 3.489650e-02
3.960000e-01 8.326673e-17 3.549365e-02
3.970000e-01 8.326673e-17 3.608909e-02
3.980000e-01 8.326673e-17 3.668269e-02
3.990000e-01 5.551115e-17 3.727430e-02
4.000000e-01 2.775558e-17 3.786379e-02
4.010000e-01 5.551115e-17 3.845102e-02
4.020000e-01 5.551115e-17 3.903585e-02
4.030000e-01 2.775558e-17 3.961815e-02
4.040000e-01 5.551115e-17 4.019777e-02
4.050000e-01 8.326673e-17 4.077457e-02
4.060000e-01 5.551115e-17 4.134841e-02
4.070000e-01 5.551115e-17 4.191915e-02
4.080000e-01 2.775558e-17 4.248664e-02
4.090000e-01 2.775558e-17 4.305075e-02
4.100000e-01 5.551115e-17 4.361133e-02
4.110000e-01 2.775558e-17 4.416823e-02
4.120000e-01 0.000000e+00 4.472132e-02
4.130000e-01 1.110223e-16 4.527044e-02
4.140000e-01 0.000000e+00 4.581546e-02
4.150000e-01 5.551115e-17 4.635621e-02
4.160000e-01 8.326673e-17 4.689257e-02
4.170000e-01 1.387779e-16 4.742437e-02
4.180000e-01 2.775558e-17 4.795148e-02
4.190000e-01 5.551115e-17 4.847373e-02
4.200000e-01 5.551115e-17 4.899099e-02
4.210000e-01 2.775558e-17 4.950310e-02
4.220000e-01 2.775558e-17 5.000992e-02
4.230000e-01 5.551115e-17 5.051128e-02
4.240000e-01 8.326673e-17 5.100705e-02
4.250000e-01 5.551115e-17 5.149706e-02
4.260000e-01 5.551115e-17 5.198116e-02
4.270000e-01 2.775558e-17 5.245920e-02
4.280000e-01 8.326673e-17 5.293103e-02
4.290000e-01 8.326673e-17 5.339649e-02
4.300000e-01 2.775558e-17 5.385543e-02
4.310000e-01 0.000000e+00 5.430768e-02
4.320000e-01 2.775558e-17 5.475309e-02
4.330000e-01 5.551115e-17 5.519151e-02
4.340000e-01 8.326673e-17 5.562278e-02
4.350000e-01 5.551115e-17 5.604673e-02
4.360000e-01 5.551115e-17 5.646322e-02
4.370000e-01 1.665335e-16 5.687207e-02
4.380000e-01 8.326673e-17 5.727313e-02
4.390000e-01 5.551115e-17 5.766624e-02
4.400000e-01 8.326673e-17 5.805123e-02
4.410000e-01 0.000000e+00 5.842794e-02
4.420000e-01 8.326673e-17 5.879622e-02
4.430000e-01 2.775558e-17 5.915589e-02
4.440000e-01 5.551115e-17 5.950680e-02
4.450000e-01 5.551115e-17 5.984877e-02
4.460000e-01 5.551115e-17 6.018164e-02
4.470000e-01 0.000000e+00 6.050525e-02
4.480000e-01 8.326673e-17 6.081942e-02
4.490000e-01 0.000000e+00 6.112400e-02
4.500000e-01 2.775558e-17 6.141881e-02
4.510000e-01 2.775558e-17 6.170368e-02
4.520000e-01 5.551115e-17 6.197845e-02
4.530000e-01 5.551115e-17 6.224294e-02
4.540000e-01 5.551115e-17 6.249698e-02
4.550000e-01 5.551115e-17 6.274041e-02
4.560000e-01 0.000000e+00 6.297305e-02
4.570000e-01 5.551115e-17 6.319472e-02
4.580000e-01 5.551115e-17 6.340526e-02
4.590000e-01 0.000000e+00 6.360449e-02
4.600000e-01 0.000000e+00 6.379223e-02
4.610000e-01 2.775558e-17 6.396831e-02
4.620000e-01 8.326673e-17 6.413256e-02
4.630000e-01 5.551115e-17 6.428480e-02
4.640000e-01 1.110223e-16 6.442484e-02
4.650000e-01 5.551115e-17 6.455251e-02
4.660000e-01 0.000000e+00 6.466764e-02
4.670000e-01 2.775558e-17 6.477005e-02
4.680000e-01 0.000000e+00 6.485954e-02
4.690000e-01 5.551115e-17 6.493595e-02
4.700000e-01 1.387779e-16 6.499909e-02
4.710000e-01 8.326673e-17 6.504878e-02
4.720000e-01 8.326673e-17 6.508484e-02
4.730000e-01 8.326673e-17 6.510708e-02
4.740000e-01 5.551115e-17 6.511532e-02
4.750000e-01 0.000000e+00 6.510938e-02
4.760000e-01 0.000000e+00 6.508906e-02
4.770000e-01 1.110223e-16 6.505419e-02
4.780000e-01 0.000000e+00 6.500457e-02
4.790000e-01 5.551115e-17 6.494002e-02
4.800000e-01 0.000000e+00 6.486036e-02
4.810000e-01 1.110223e-16 6.476538e-02
4.820000e-01 0.000000e+00 6.465491e-02
4.830000e-01 0.000000e+00 6.452875e-02
4.840000e-01 5.551115e-17 6.438671e-02
4.850000e-01 5.551115e-17 6.422860e-02
4.860000e-01 2.775558e-17 6.405422e-02
4.870000e-01 5.551115e-17 6.386339e-02
4.880000e-01 1.387779e-16 6.365591e-02
4.890000e-01 2.775558e-17 6.343159e-02
4.900000e-01 5.551115e-17 6.319022e-02
4.910000e-01 1.110223e-16 6.293163e-02
4.920000e-01 0.000000e+00 6.265559e-02
4.930000e-01 2.775558e-17 6.236193e-02
4.940000e-01 2.775558e-17 6.205045e-02
4.950000e-01 2.775558e-17 6.172093e-02
4.960000e-01 1.387779e-16 6.137320e-02
4.970000e-01 8.326673e-17 6.100703e-02
4.980000e-01 1.665335e-16 6.062224e-02
4.990000e-01 5.551115e-17 6.021863e-02
5.000000e-01 8.326673e-17 5.979598e-02
5.010000e-01 1.942890e-16 5.935410e-02
5.020000e-01 5.551115e-17 5.889278e-02
5.030000e-01 2.775558e-17 5.841183e-02
5.040000e-01 2.220446e-16 5.791102e-02
5.050000e-01 5.551115e-17 5.739017e-02
5.060000e-01 1.110223e-16 5.684905e-02
5.070000e-01 1.387779e-16 5.628747e-02
5.080000e-01 0.000000e+00 5.570522e-02
5.090000e-01 1.387779e-16 5.510208e-02
5.100000e-01 2.775558e-17 5.447786e-02
5.110000e-01 1.387779e-16 5.383233e-02
5.120000e-01 8.326673e-17 5.316528e-02
5.130000e-01 1.387779e-16 5.247651e-02
5.140000e-01 2.775558e-17 5.176580e-02
5.150000e-01 2.775558e-17 5.103295e-02
5.160000e-01 8.326673e-17 5.027772e-02
5.170000e-01 0.000000e+00 4.949992e-02
5.180000e-01 1.387779e-16 4.869933e-02
5.190000e-01 8.326673e-17 4.787572e-02
5.200000e-01 0.000000e+00 4.702888e-02
5.210000e-01 8.326673e-17 4.615860e-02
5.220000e-01 8.326673e-17 4.526466e-02
5.230000e-01 2.775558e-17 4.434683e-02
5.240000e-01 2.775558e-17 4.340490e-02
5.250000e-01 5.551115e-17 4.243864e-02
5.260000e-01 5.551115e-17 4.144785e-02
5.270000e-01 8.326673e-17 4.043228e-02
5.280000e-01 1.110223e-16 3.939172e-02
5.290000e-01 1.665335e-16 3.832595e-02
5.300000e-01 2.775558e-17 3.723474e-02
5.310000e-01 2.775558e-17 3.611787e-02
5.320000e-01 2.775558e-17 3.497511e-02
5.330000e-01 1.665335e-16 3.380624e-02
5.340000e-01 8.326673e-17 3.261102e-02
5.350000e-01 2.775558e-17 3.138922e-02
5.360000e-01 5.551115e-17 3.014063e-02
5.370000e-01 1.387779e-16 2.886501e-02
5.380000e-01 5.551115e-17 2.756212e-02
5.390000e-01 1.110223e-16 2.623175e-02
5.400000e-01 2.775558e-17 2.487364e-02
5.410000e-01 0.000000e+00 2.348758e-02
5.420000e-01 5.551115e-17 2.207333e-02
5.430000e-01 0.000000e+00 2.063066e-02
5.440000e-01 1.387779e-16 1.915932e-02
5.450000e-01 1.387779e-16 1.765908e-02
5.460000e-01 8.326673e-17 1.612972e-02
5.470000e-01 5.551115e-17 1.457098e-02
5.480000e-01 5.551115e-17 1.298263e-02
5.490000e-01 5.551115e-17 1.136443e-02
5.500000e-01 1.110223e-16 9.716144e-03
5.510000e-01 5.551115e-17 8.037528e-03
5.520000e-01 5.551115e-17 6.328340e-03
5.530000e-01 8.326673e-17 4.588340e-03
5.540000e-01 1.110223e-16 2.817282e-03
5.550000e-01 5.551115e-17 1.014925e-03
5.560000e-01 8.326673e-17 8.189642e-04
5.570000e-01 1.387779e-16 2.684197e-03
5.580000e-01 8.326673e-17 4.580103e-03
5.590000e-01 1.110223e-16 6.505985e-03
5.600000e-01 2.775558e-17 8.461146e-03
5.610000e-01 1.665335e-16 1.044489e-02
5.620000e-01 1.110223e-16 1.245653e-02
5.630000e-01 5.551115e-17 1.449535e-02
5.640000e-01 8.326673e-17 1.656069e-02
5.650000e-01 1.942890e-16 1.865183e-02
5.660000e-01 2.775558e-17 2.076809e-02
5.670000e-01 1.110223e-16 2.290877e-02
5.680000e-01 0.000000e+00 2.507320e-02
5.690000e-01 1.387779e-16 2.726067e-02
5.700000e-01 0.000000e+00 2.947050e-02
5.710000e-01 0.000000e+00 3.170201e-02
5.720000e-01 1.110223e-16 3.395450e-02
5.730000e-01 1.110223e-16 3.622729e-02
5.740000e-01 8.326673e-17 3.851970e-02
5.750000e-01 8.326673e-17 4.083104e-02
5.760000e-01 5.551115e-17 4.316063e-02
5.770000e-01 8.326673e-17 4.550778e-02
5.780000e-01 5.551115e-17 4.787182e-02
5.790000e-01 1.110223e-16 5.025206e-02
5.800000e-01 1.110223e-16 5.264782e-02
5.810000e-01 5.551115e-17 5.505843e-02
5.820000e-01 5.551115e-17 5.748320e-02
5.830000e-01 2.775558e-17 5.992146e-02
5.840000e-01 8.326673e-17 6.237254e-02
5.850000e-01 8.326673e-17 6.483574e-02
5.860000e-01 2.775558e-16 6.731041e-02
5.870000e-01 1.387779e-16 6.979587e-02
5.880000e-01 1.387779e-16 7.229143e-02
5.890000e-01 1.942890e-16 7.479644e-02
5.900000e-01 5.551115e-17 7.731022e-02
5.910000e-01 8.326673e-17 7.983210e-02
5.920000e-01 1.665335e-16 8.236140e-02
5.930000e-01 8.326673e-17 8.489747e-02
5.940000e-01 5.551115e-17 8.743962e-02
5.950000e-01 1.110223e-16 8.998720e-02
5.960000e-01 2.775558e-17 9.253954e-02
5.970000e-01 5.551115e-17 9.509597e-02
5.980000e-01 8.326673e-17 9.765582e-02
5.990000e-01 5.551115e-17 1.002184e-01
6.000000e-01 1.110223e-16 1.027832e-01
6.010000e-01 5.551115e-17 1.053493e-01
6.020000e-01 2.775558e-17 1.079163e-01
6.030000e-01 5.551115e-17 1.104833e-01
6.040000e-01 2.775558e-17 1.130498e-01
6.050000e-01 1.110223e-16 1.156151e-01
6.060000e-01 8.326673e-17 1.181786e-01
6.070000e-01 1.387779e-16 1.207395e-01
6.080000e-01 8.326673e-17 1.232972e-01
6.090000e-01 1.387779e-16 1.258512e-01
6.100000e-01 5.551115e-17 1.284006e-01
6.110000e-01 2.775558e-17 1.309449e-01
6.120000e-01 0.000000e+00 1.334834e-01
6.130000e-01 8.326673e-17 1.360155e-01
6.140000e-01 8.326673e-17 1.385405e-01
6.150000e-01 2.775558e-17 1.410577e-01
6.160000e-01 1.110223e-16 1.435666e-01
6.170000e-01 0.000000e+00 1.460664e-01
6.180000e-01 1.387779e-17 1.485566e-01
6.190000e-01 6.938894e-17 1.510364e-01
6.200000e-01 2.220446e-16 1.535052e-01
6.210000e-01 8.326673e-17 1.559624e-01
6.220000e-01 1.526557e-16 1.584073e-01
6.230000e-01 1.110223e-16 1.608393e-01
6.240000e-01 2.081668e-16 1.632578e-01
6.250000e-01 5.551115e-17 1.656621e-01
6.260000e-01 5.551115e-17 1.680515e-01
6.270000e-01 9.714451e-17 1.704255e-01
6.280000e-01 2.775558e-17 1.727834e-01
6.290000e-01 2.220446e-16 1.751245e-01
6.300000e-01 6.938894e-17 1.774482e-01
6.310000e-01 2.775558e-17 1.797540e-01
6.320000e-01 6.938894e-18 1.820410e-01
6.330000e-01 9.020562e-17 1.843088e-01
6.340000e-01 4.857226e-17 1.865566e-01
6.350000e-01 7.632783e-17 1.887839e-01
6.360000e-01 1.110223e-16 1.909901e-01
6.370000e-01 1.526557e-16 1.931744e-01
6.380000e-01 1.804112e-16 1.953362e-01
6.390000e-01 2.428613e-16 1.974750e-01
6.400000e-01 1.387779e-17 1.995901e-01
6.410000e-01 2.775558e-17 2.016809e-01
6.420000e-01 9.020562e-17 2.037467e-01
6.430000e-01 2.081668e-17 2.057869e-01
6.440000e-01 1.873501e-16 2.078010e-01
6.450000e-01 4.163336e-17 2.097882e-01
6.460000e-01 4.857226e-17 2.117480e-01
6.470000e-01 5.551115e-17 2.136797e-01
6.480000e-01 1.179612e-16 2.155827e-01
6.490000e-01 1.804112e-16 2.174564e-01
6.500000e-01 4.163336e-17 2.193002e-01
6.510000e-01 4.024558e-16 2.211134e-01
6.520000e-01 5.551115e-17 2.228955e-01
6.530000e-01 1.387779e-16 2.246459e-01
6.540000e-01 2.220446e-16 2.263638e-01
6.550000e-01 3.330669e-16 2.280488e-01
6.560000e-01 9.714451e-17 2.297001e-01
6.570000e-01 4.579670e-16 2.313172e-01
6.580000e-01 1.249001e-16 2.328995e-01
6.590000e-01 1.249001e-16 2.344463e-01
6.600000e-01 1.665335e-16 2.359571e-01
6.610000e-01 2.914335e-16 2.374312e-01
6.620000e-01 2.081668e-16 2.388680e-01
6.630000e-01 2.914335e-16 2.402670e-01
6.640000e-01 4.024558e-16 2.416275e-01
6.650000e-01 4.718448e-16 2.429489e-01
6.660000e-01 2.775558e-17 2.442307e-01
6.670000e-01 4.302114e-16 2.454721e-01
6.680000e-01 2.359224e-16 2.466727e-01
6.690000e-01 1.249001e-16 2.478317e-01
6.700000e-01 1.804112e-16 2.489487e-01
6.710000e-01 4.440892e-16 2.500230e-01
6.720000e-01 1.110223e-16 2.510540e-01
6.730000e-01 1.665335e-16 2.520412e-01
6.740000e-01 3.053113e-16 2.529838e-01
6.750000e-01 3.885781e-16 2.538814e-01
6.760000e-01 3.053113e-16 2.547334e-01
6.770000e-01 1.110223e-16 2.555390e-01
6.780000e-01 0.000000e+00 2.562979e-01
6.790000e-01 3.330669e-16 2.570093e-01
6.800000e-01 4.440892e-16 2.576726e-01
6.810000e-01 2.220446e-16 2.582874e-01
6.820000e-01 1.665335e-16 2.588529e-01
6.830000e-01 2.775558e-16 2.593687e-01
6.840000e-01 5.551115e-17 2.598341e-01
6.850000e-01 5.551115e-17 2.602485e-01
6.860000e-01 5.273559e-16 2.606114e-01
6.870000e-01 2.775558e-16 2.609221e-01
6.880000e-01 3.885781e-16 2.611802e-01
6.890000e-01 0.000000e+00 2.613850e-01
6.900000e-01 1.387779e-16 2.615359e-01
6.910000e-01 1.665335e-16 2.616323e-01
6.920000e-01 1.665335e-16 2.616738e-01
6.930000e-01 1.110223e-16 2.616596e-01
6.940000e-01 3.330669e-16 2.615892e-01
6.950000e-01 2.775558e-16 2.614621e-01
6.960000e-01 1.110223e-16 2.612777e-01
6.970000e-01 2.775558e-16 2.610354e-01
6.980000e-01 2.220446e-16 2.607346e-01
6.990000e-01 4.996004e-16 2.603748e-01
7.000000e-01 5.551115e-17 2.599554e-01
7.010000e-01 0.000000e+00 2.594758e-01
7.020000e-01 1.665335e-16 2.589354e-01
7.030000e-01 5.551115e-16 2.583338e-01
7.040000e-01 3.330669e-16 2.576702e-01
7.050000e-01 7.216450e-16 2.569442e-01
7.060000e-01 3.885781e-16 2.561552e-01
7.070000e-01 2.220446e-16 2.553027e-01
7.080000e-01 6.661338e-16 2.543860e-01
7.090000e-01 1.110223e-16 2.534046e-01
7.100000e-01 3.885781e-16 2.523580e-01
7.110000e-01 3.885781e-16 2.512456e-01
7.120000e-01 1.110223e-16 2.500668e-01
7.130000e-01 3.885781e-16 2.488210e-01
7.140000e-01 5.551115e-16 2.475078e-01
7.150000e-01 1.665335e-16 2.461266e-01
7.160000e-01 4.440892e-16 2.446768e-01
7.170000e-01 2.220446e-16 2.431578e-01
7.180000e-01 2.220446e-16 2.415692e-01
7.190000e-01 2.220446e-16 2.399103e-01
7.200000e-01 4.996004e-16 2.381806e-01
7.210000e-01 0.000000e+00 2.363796e-01
7.220000e-01 3.330669e-16 2.345067e-01
7.230000e-01 0.000000e+00 2.325614e-01
7.240000e-01 3.885781e-16 2.305431e-01
7.250000e-01 5.551115e-17 2.284513e-01
7.260000e-01 4.440892e-16 2.262854e-01
7.270000e-01 2.220446e-16 2.240449e-01
7.280000e-01 3.330669e-16 2.217293e-01
7.290000e-01 0.000000e+00 2.193380e-01
7.300000e-01 6.661338e-16 2.168704e-01
7.310000e-01 7.771561e-16 2.143261e-01
7.320000e-01 5.551115e-16 2.117045e-01
7.330000e-01 2.220446e-16 2.090051e-01
7.340000e-01 5.551115e-16 2.062273e-01
7.350000e-01 7.771561e-16 2.033706e-01
7.360000e-01 3.330669e-16 2.004345e-01
7.370000e-01 4.440892e-16 1.974184e-01
7.380000e-01 3.330669e-16 1.943218e-01
7.390000e-01 8.881784e-16 1.911441e-01
7.400000e-01 4.440892e-16 1.878850e-01
7.410000e-01 7.771561e-16 1.845437e-01
7.420000e-01 6.661338e-16 1.811198e-01
7.430000e-01 4.440892e-16 1.776128e-01
7.440000e-01 4.440892e-16 1.740222e-01
7.450000e-01 2.220446e-16 1.703473e-01
7.460000e-01 3.330669e-16 1.665878e-01
7.470000e-01 6.661338e-16 1.627430e-01
7.480000e-01 5.551115e-16 1.588125e-01
7.490000e-01 2.220446e-16 1.547957e-01
7.500000e-01 1.110223e-16 1.506922e-01
7.510000e-01 3.330669e-16 1.465013e-01
7.520000e-01 8.881784e-16 1.422227e-01
7.530000e-01 1.110223e-16 1.378557e-01
7.540000e-01 5.551115e-16 1.333999e-01
7.550000e-01 7.771561e-16 1.288547e-01
7.560000e-01 3.330669e-16 1.242197e-01
7.570000e-01 1.110223e-16 1.194943e-01
7.580000e-01 1.110223e-16 1.146780e-01
7.590000e-01 5.551115e-16 1.097704e-01
7.600000e-01 1.110223e-16 1.047708e-01
7.610000e-01 4.440892e-16 9.967885e-02
7.620000e-01 9.992007e-16 9.449399e-02
7.630000e-01 2.220446e-16 8.921572e-02
7.640000e-01 1.110223e-16 8.384353e-02
7.650000e-01 0.000000e+00 7.837694e-02
7.660000e-01 4.440892e-16 7.281543e-02
7.670000e-01 4.440892e-16 6.715852e-02
7.680000e-01 4.440892e-16 6.140569e-02
7.690000e-01 7.771561e-16 5.555646e-02
7.700000e-01 2.220446e-16 4.961033e-02
7.710000e-01 9.992007e-16 4.356680e-02
7.720000e-01 1.110223e-16 3.742538e-02
7.730000e-01 4.440892e-16 3.118558e-02
7.740000e-01 2.220446e-16 2.484691e-02
7.750000e-01 2.220446e-16 1.840887e-02
7.760000e-01 1.110223e-15 1.187098e-02
7.770000e-01 0.000000e+00 5.232750e-03
7.780000e-01 4.440892e-16 1.506302e-03
7.790000e-01 4.440892e-16 8.345883e-03
7.800000e-01 1.110223e-15 1.528407e-02
7.810000e-01 4.440892e-16 2.231875e-02
7.820000e-01 2.220446e-16 2.944778e-02
7.830000e-01 2.220446e-16 3.666905e-02
7.840000e-01 0.000000e+00 4.398043e-02
7.850000e-01 4.440892e-16 5.137977e-02
7.860000e-01 6.661338e-16 5.886497e-02
7.870000e-01 6.661338e-16 6.643387e-02
7.880000e-01 1.110223e-15 7.408436e-02
7.890000e-01 4.440892e-16 8.181430e-02
7.900000e-01 2.220446e-16 8.962155e-02
7.910000e-01 6.661338e-16 9.750397e-02
7.920000e-01 8.881784e-16 1.054594e-01
7.930000e-01 4.440892e-16 1.134858e-01
7.940000e-01 4.440892e-16 1.215809e-01
7.950000e-01 6.661338e-16 1.297427e-01
7.960000e-01 6.661338e-16 1.379689e-01
7.970000e-01 0.000000e+00 1.462575e-01
7.980000e-01 4.440892e-16 1.546062e-01
7.990000e-01 4.440892e-16 1.630131e-01
8.000000e-01 0.000000e+00 1.714758e-01
8.010000e-01 6.661338e-16 1.799922e-01
8.020000e-01 2.220446e-16 1.885603e-01
8.030000e-01 8.881784e-16 1.971778e-01
8.040000e-01 8.881784e-16 2.058427e-01
8.050000e-01 4.440892e-16 2.145527e-01
8.060000e-01 4.440892e-16 2.233057e-01
8.070000e-01 2.220446e-16 2.320995e-01
8.080000e-01 6.661338e-16 2.409320e-01
8.090000e-01 4.440892e-16 2.498011e-01
8.100000e-01 4.440892e-16 2.587045e-01
8.110000e-01 8.881784e-16 2.676402e-01
8.120000e-01 4.440892e-16 2.766059e-01
8.130000e-01 1.110223e-15 2.855995e-01
8.140000e-01 4.440892e-16 2.946188e-01
8.150000e-01 8.881784e-16 3.036618e-01
8.160000e-01 6.661338e-16 3.127261e-01
8.170000e-01 2.220446e-16 3.218096e-01
8.180000e-01 4.440892e-16 3.309103e-01
8.190000e-01 1.110223e-15 3.400258e-01
8.200000e-01 0.000000e+00 3.491541e-01
8.210000e-01 6.661338e-16 3.582929e-01
8.220000e-01 0.000000e+00 3.674401e-01
8.230000e-01 4.440892e-16 3.765936e-01
8.240000e-01 4.440892e-16 3.857511e-01
8.250000e-01 4.440892e-16 3.949104e-01
8.260000e-01 4.440892e-16 4.040695e-01
8.270000e-01 0.000000e+00 4.132260e-01
8.280000e-01 1.776357e-15 4.223779e-01
8.290000e-01 6.661338e-16 4.315230e-01
8.300000e-01 6.661338e-16 4.406590e-01
8.310000e-01 8.881784e-16 4.497838e-01
8.320000e-01 1.332268e-15 4.588953e-01
8.330000e-01 0.000000e+00 4.679911e-01
8.340000e-01 8.881784e-16 4.770692e-01
8.350000e-01 6.661338e-16 4.861273e-01
8.360000e-01 8.881784e-16 4.951633e-01
8.370000e-01 4.440892e-16 5.041750e-01
8.380000e-01 0.000000e+00 5.131602e-01
8.390000e-01 1.332268e-15 5.221166e-01
8.400000e-01 1.332268e-15 5.310421e-01
8.410000e-01 4.440892e-16 5.399346e-01
8.420000e-01 1.332268e-15 5.487917e-01
8.430000e-01 8.881784e-16 5.576113e-01
8.440000e-01 1.332268e-15 5.663913e-01
8.450000e-01 4.440892e-16 5.751294e-01
8.460000e-01 4.440892e-16 5.838233e-01
8.470000e-01 1.332268e-15 5.924710e-01
8.480000e-01 8.881784e-16 6.010702e-01
8.490000e-01 0.000000e+00 6.096187e-01
8.500000e-01 4.440892e-16 6.181143e-01
8.510000e-01 1.332268e-15 6.265547e-01
8.520000e-01 8.881784e-16 6.349379e-01
8.530000e-01 8.881784e-16 6.432615e-01
8.540000e-01 1.332268e-15 6.515234e-01
8.550000e-01 8.881784e-16 6.597213e-01
8.560000e-01 1.776357e-15 6.678531e-01
8.570000e-01 4.440892e-16 6.759164e-01
8.580000e-01 0.000000e+00 6.839092e-01
8.590000e-01 8.881784e-16 6.918292e-01
8.600000e-01 8.881784e-16 6.996742e-01
8.610000e-01 4.440892e-16 7.074419e-01
8.620000e-01 1.332268e-15 7.151301e-01
8.630000e-01 8.881784e-16 7.227366e-01
8.640000e-01 4.440892e-16 7.302593e-01
8.650000e-01 0.000000e+00 7.376958e-01
8.660000e-01 0.000000e+00 7.450439e-01
8.670000e-01 0.000000e+00 7.523015e-01
8.680000e-01 4.440892e-16 7.594662e-01
8.690000e-01 8.881784e-16 7.665359e-01
8.700000e-01 4.440892e-16 7.735083e-01
8.710000e-01 8.881784e-16 7.803812e-01
8.720000e-01 1.776357e-15 7.871524e-01
8.730000e-01 1.332268e-15 7.938196e-01
8.740000e-01 8.881784e-16 8.003806e-01
8.750000e-01 1.776357e-15 8.068331e-01
8.760000e-01 1.332268e-15 8.131750e-01
8.770000e-01 8.881784e-16 8.194039e-01
8.780000e-01 8.881784e-16 8.255177e-01
8.790000e-01 8.881784e-16 8.315141e-01
8.800000e-01 8.881784e-16 8.373908e-01
8.810000e-01 1.776357e-15 8.431457e-01
8.820000e-01 4.440892e-16 8.487764e-01
8.830000e-01 8.881784e-16 8.542807e-01
8.840000e-01 8.881784e-16 8.596564e-01
8.850000e-01 1.776357e-15 8.649012e-01
8.860000e-01 4.440892e-16 8.700129e-01
8.870000e-01 1.332268e-15 8.749892e-01
8.880000e-01 2.220446e-15 8.798279e-01
8.890000e-01 8.881784e-16 8.845267e-01
8.900000e-01 4.440892e-16 8.890833e-01
8.910000e-01 1.332268e-15 8.934956e-01
8.920000e-01 1.776357e-15 8.977612e-01
8.930000e-01 8.881784e-16 9.018778e-01
8.940000e-01 4.440892e-16 9.058433e-01
8.950000e-01 1.332268e-15 9.096554e-01
8.960000e-01 0.000000e+00 9.133117e-01
8.970000e-01 8.881784e-16 9.168101e-01
8.980000e-01 1.332268e-15 9.201482e-01
8.990000e-01 4.440892e-16 9.233238e-01
9.000000e-01 8.881784e-16 9.263347e-01
9.010000e-01 4.440892e-16 9.291785e-01
9.020000e-01 2.220446e-15 9.318531e-01
9.030000e-01 8.881784e-16 9.343560e-01
9.040000e-01 4.440892e-16 9.366851e-01
9.050000e-01 0.000000e+00 9.388380e-01
9.060000e-01 8.881784e-16 9.408126e-01
9.070000e-01 1.776357e-15 9.426064e-01
9.080000e-01 8.881784e-16 9.442173e-01
9.090000e-01 1.332268e-15 9.456429e-01
9.100000e-01 4.440892e-16 9.468811e-01
9.110000e-01 4.440892e-16 9.479294e-01
9.120000e-01 4.440892e-16 9.487856e-01
9.130000e-01 8.881784e-16 9.494475e-01
9.140000e-01 1.776357e-15 9.499126e-01
9.150000e-01 0.000000e+00 9.501789e-01
9.160000e-01 0.000000e+00 9.502438e-01
9.170000e-01 4.440892e-16 9.501053e-01
9.180000e-01 1.776357e-15 9.497609e-01
9.190000e-01 8.881784e-16 9.492084e-01
9.200000e-01 0.000000e+00 9.484456e-01
9.210000e-01 8.881784e-16 9.474699e-01
9.220000e-01 1.776357e-15 9.462793e-01
9.230000e-01 1.776357e-15 9.448714e-01
9.240000e-01 8.881784e-16 9.432439e-01
9.250000e-01 2.664535e-15 9.413945e-01
9.260000e-01 8.881784e-16 9.393209e-01
9.270000e-01 1.776357e-15 9.370207e-01
9.280000e-01 0.000000e+00 9.344918e-01
9.290000e-01 1.776357e-15 9.317317e-01
9.300000e-01 8.881784e-16 9.287382e-01
9.310000e-01 8.881784e-16 9.255090e-01
9.320000e-01 0.000000e+00 9.220417e-01
9.330000e-01 8.881784e-16 9.183340e-01
9.340000e-01 0.000000e+00 9.143837e-01
9.350000e-01 0.000000e+00 9.101884e-01
9.360000e-01 2.664535e-15 9.057457e-01
9.370000e-01 0.000000e+00 9.010535e-01
9.380000e-01 8.881784e-16 8.961093e-01
9.390000e-01 8.881784e-16 8.909108e-01
9.400000e-01 1.776357e-15 8.854558e-01
9.410000e-01 2.664535e-15 8.797419e-01
9.420000e-01 8.881784e-16 8.737667e-01
9.430000e-01 1.776357e-15 8.675280e-01
9.440000e-01 8.881784e-16 8.610234e-01
9.450000e-01 1.776357e-15 8.542505e-01
9.460000e-01 1.776357e-15 8.472072e-01
9.470000e-01 1.776357e-15 8.398910e-01
9.480000e-01 8.881784e-16 8.322995e-01
9.490000e-01 8.881784e-16 8.244306e-01
9.500000e-01 0.000000e+00 8.162817e-01
9.510000e-01 1.776357e-15 8.078507e-01
9.520000e-01 8.881784e-16 7.991351e-01
9.530000e-01 0.000000e+00 7.901327e-01
9.540000e-01 2.664535e-15 7.808410e-01
9.550000e-01 8.881784e-16 7.712577e-01
9.560000e-01 0.000000e+00 7.613805e-01
9.570000e-01 1.776357e-15 7.512071e-01
9.580000e-01 8.881784e-16 7.407351e-01
9.590000e-01 0.000000e+00 7.299622e-01
9.600000e-01 0.000000e+00 7.188859e-01
9.610000e-01 0.000000e+00 7.075040e-01
9.620000e-01 1.776357e-15 6.958141e-01
9.630000e-01 8.881784e-16 6.838139e-01
9.640000e-01 8.881784e-16 6.715009e-01
9.650000e-01 8.881784e-16 6.588729e-01
9.660000e-01 8.881784e-16 6.459275e-01
9.670000e-01 8.881784e-16 6.326623e-01
9.680000e-01 0.000000e+00 6.190749e-01
9.690000e-01 8.881784e-16 6.051631e-01
9.700000e-01 8.881784e-16 5.909244e-01
9.710000e-01 1.776357e-15 5.763565e-01
9.720000e-01 1.776357e-15 5.614570e-01
9.730000e-01 8.881784e-16 5.462236e-01
9.740000e-01 8.881784e-16 5.306538e-01
9.750000e-01 8.881784e-16 5.147454e-01
9.760000e-01 8.881784e-16 4.984959e-01
9.770000e-01 8.881784e-16 4.819029e-01
9.780000e-01 1.776357e-15 4.649642e-01
9.790000e-01 2.664535e-15 4.476772e-01
9.800000e-01 8.881784e-16 4.300397e-01
9.810000e-01 0.000000e+00 4.120493e-01
9.820000e-01 0.000000e+00 3.937035e-01
9.830000e-01 0.000000e+00 3.750001e-01
9.840000e-01 8.881784e-16 3.559366e-01
9.850000e-01 0.000000e+00 3.365106e-01
9.860000e-01 8.881784e-16 3.167197e-01
9.870000e-01 8.881784e-16 2.965617e-01
9.880000e-01 1.776357e-15 2.760340e-01
9.890000e-01 8.881784e-16 2.551343e-01
9.900000e-01 0.000000e+00 2.338602e-01
9.910000e-01 0.000000e+00 2.122093e-01
9.920000e-01 2.664535e-15 1.901792e-01
9.930000e-01 8.881784e-16 1.677675e-01
9.940000e-01 0.000000e+00 1.449718e-01
9.950000e-01 0.000000e+00 1.217898e-01
9.960000e-01 0.000000e+00 9.821901e-02
9.970000e-01 0.000000e+00 7.425703e-02
9.980000e-01 8.881784e-16 4.990147e-02
9.990000e-01 8.881784e-16 2.514993e-02
