-1.000000e+00 0.000000e+00 0.000000e+00
-9.990000e-01 3.119872e-02 9.420842e-03
-9.980000e-01 6.218405e-02 1.911728e-02
-9.970000e-01 9.298006e-02 2.910705e-02
-9.960000e-01 1.236127e-01 3.940978e-02
-9.950000e-01 1.541099e-01 5.004727e-02
-9.940000e-01 1.845022e-01 6.104380e-02
-9.930000e-01 2.148229e-01 7.242652e-02
-9.920000e-01 2.451086e-01 8.422598e-02
-9.910000e-01 2.753997e-01 9.647663e-02
-9.900000e-01 3.057413e-01 1.092176e-01
-9.890000e-01 3.361838e-01 1.224934e-01
-9.880000e-01 3.667844e-01 1.363553e-01
-9.870000e-01 3.976079e-01 1.508624e-01
-9.860000e-01 4.287289e-01 1.660835e-01
-9.850000e-01 4.602338e-01 1.820993e-01
-9.840000e-01 4.922237e-01 1.990054e-01
-9.830000e-01 5.248185e-01 2.169160e-01
-9.820000e-01 5.581617e-01 2.359691e-01
-9.810000e-01 5.924279e-01 2.563339e-01
-9.800000e-01 6.278328e-01 2.782205e-01
-9.790000e-01 6.646474e-01 3.018947e-01
-9.780000e-01 7.032198e-01 3.276992e-01
-9.770000e-01 7.440081e-01 3.560868e-01
-9.760000e-01 7.876327e-01 3.876728e-01
-9.750000e-01 8.349658e-01 4.233240e-01
-9.740000e-01 8.872892e-01 4.643172e-01
-9.730000e-01 9.466031e-01 5.126476e-01
-9.720000e-01 1.016291e+00 5.716938e-01
-9.710000e-01 1.102798e+00 6.478949e-01
-9.700000e-01 1.220999e+00 7.561228e-01
-9.690000e-01 1.421583e+00 9.470603e-01
-9.680000e-01 1.941125e+00 1.457277e+00
-9.670000e-01 1.385437e+00 8.925812e-01
-9.660000e-01 1.235993e+00 7.344426e-01
-9.650000e-01 1.149459e+00 6.395211e-01
-9.640000e-01 1.089809e+00 5.717870e-01
-9.630000e-01 1.045083e+00 5.192745e-01
-9.620000e-01 1.009812e+00 4.765114e-01
-9.610000e-01 9.810354e-01 4.405325e-01
-9.600000e-01 9.569700e-01 4.095495e-01
-9.590000e-01 9.364578e-01 3.824001e-01
-9.580000e-01 9.187051e-01 3.582864e-01
-9.570000e-01 9.031445e-01 3.366366e-01
-9.560000e-01 8.893564e-01 3.170268e-01
-9.550000e-01 8.770226e-01 2.991345e-01
-9.540000e-01 8.658956e-01 2.827081e-01
-9.530000e-01 8.557799e-01 2.675477e-01
-9.520000e-01 8.465181e-01 2.534921e-01
-9.510000e-01 8.379822e-01 2.404089e-01
-9.500000e-01 8.300663e-01 2.281885e-01
-9.490000e-01 8.226827e-01 2.167388e-01
-9.480000e-01 8.157571e-01 2.059819e-01
-9.470000e-01 8.092270e-01 1.958511e-01
-9.460000e-01 8.030388e-01 1.862891e-01
-9.450000e-01 7.971466e-01 1.772462e-01
-9.440000e-01 7.915107e-01 1.686787e-01
-9.430000e-01 7.860968e-01 1.605486e-01
-9.420000e-01 7.808747e-01 1.528221e-01
-9.410000e-01 7.758183e-01 1.454693e-01
-9.400000e-01 7.709045e-01 1.384636e-01
-9.390000e-01 7.661130e-01 1.317809e-01
-9.380000e-01 7.614260e-01 1.253999e-01
-9.370000e-01 7.568274e-01 1.193011e-01
-9.360000e-01 7.523033e-01 1.134669e-01
-9.350000e-01 7.478412e-01 1.078815e-01
-9.340000e-01 7.434299e-01 1.025302e-01
-9.330000e-01 7.390595e-01 9.739977e-02
-9.320000e-01 7.347212e-01 9.247803e-02
-9.310000e-01 7.304071e-01 8.775377e-02
-9.300000e-01 7.261102e-01 8.321669e-02
-9.290000e-01 7.218241e-01 7.885726e-02
-9.280000e-01 7.175433e-01 7.466669e-02
-9.270000e-01 7.132628e-01 7.063681e-02
-9.260000e-01 7.089781e-01 6.676004e-02
-9.250000e-01 7.046853e-01 6.302931e-02
-9.240000e-01 7.003808e-01 5.943806e-02
-9.230000e-01 6.960616e-01 5.598013e-02
-9.220000e-01 6.917249e-01 5.264978e-02
-9.210000e-01 6.873683e-01 4.944162e-02
-9.200000e-01 6.829896e-01 4.635061e-02
-9.190000e-01 6.785870e-01 4.337199e-02
-9.180000e-01 6.741589e-01 4.050129e-02
-9.170000e-01 6.697039e-01 3.773430e-02
-9.160000e-01 6.652209e-01 3.506706e-02
-9.150000e-01 6.607089e-01 3.249582e-02
-9.140000e-01 6.561670e-01 3.001701e-02
-9.130000e-01 6.515946e-01 2.762730e-02
-9.120000e-01 6.469912e-01 2.532348e-02
-9.110000e-01 6.423564e-01 2.310254e-02
-9.100000e-01 6.376900e-01 2.096161e-02
-9.090000e-01 6.329918e-01 1.889797e-02
-9.080000e-01 6.282618e-01 1.690900e-02
-9.070000e-01 6.235000e-01 1.499225e-02
-9.060000e-01 6.187065e-01 1.314534e-02
-9.050000e-01 6.138816e-01 1.136603e-02
-9.040000e-01 6.090256e-01 9.652174e-03
-9.030000e-01 6.041388e-01 8.001705e-03
-9.020000e-01 5.992215e-01 6.412660e-03
-9.010000e-01 5.942744e-01 4.883154e-03
-9.000000e-01 5.892978e-01 3.411383e-03
-8.990000e-01 5.842924e-01 1.995615e-03
-8.980000e-01 5.792587e-01 6.341879e-04
-8.970000e-01 5.741974e-01 6.744934e-04
-8.960000e-01 5.691092e-01 1.931963e-03
-8.950000e-01 5.639948e-01 3.139696e-03
-8.940000e-01 5.588549e-01 4.299112e-03
-8.930000e-01 5.536903e-01 5.411577e-03
-8.920000e-01 5.485017e-01 6.478410e-03
-8.910000e-01 5.432900e-01 7.500880e-03
-8.900000e-01 5.380560e-01 8.480212e-03
-8.890000e-01 5.328005e-01 9.417591e-03
-8.880000e-01 5.275244e-01 1.031416e-02
-8.870000e-01 5.222286e-01 1.117102e-02
-8.860000e-01 5.169139e-01 1.198924e-02
-8.850000e-01 5.115813e-01 1.276985e-02
-8.840000e-01 5.062316e-01 1.351386e-02
-8.830000e-01 5.008657e-01 1.422223e-02
-8.820000e-01 4.954846e-01 1.489590e-02
-8.810000e-01 4.900891e-01 1.553579e-02
-8.800000e-01 4.846802e-01 1.614276e-02
-8.790000e-01 4.792588e-01 1.671770e-02
-8.780000e-01 4.738259e-01 1.726141e-02
-8.770000e-01 4.683823e-01 1.777472e-02
-8.760000e-01 4.629290e-01 1.825840e-02
-8.750000e-01 4.574669e-01 1.871322e-02
-8.740000e-01 4.519969e-01 1.913993e-02
-8.730000e-01 4.465199e-01 1.953925e-02
-8.720000e-01 4.410369e-01 1.991187e-02
-8.710000e-01 4.355488e-01 2.025849e-02
-8.700000e-01 4.300564e-01 2.057978e-02
-8.690000e-01 4.245607e-01 2.087637e-02
-8.680000e-01 4.190626e-01 2.114892e-02
-8.670000e-01 4.135629e-01 2.139803e-02
-8.660000e-01 4.080626e-01 2.162432e-02
-8.650000e-01 4.025625e-01 2.182837e-02
-8.640000e-01 3.970636e-01 2.201076e-02
-8.630000e-01 3.915665e-01 2.217205e-02
-8.620000e-01 3.860723e-01 2.231279e-02
-8.610000e-01 3.805818e-01 2.243351e-02
-8.600000e-01 3.750958e-01 2.253476e-02
-8.590000e-01 3.696151e-01 2.261703e-02
-8.580000e-01 3.641406e-01 2.268083e-02
-8.570000e-01 3.586730e-01 2.272666e-02
-8.560000e-01 3.532133e-01 2.275500e-02
-8.550000e-01 3.477621e-01 2.276632e-02
-8.540000e-01 3.423203e-01 2.276108e-02
-8.530000e-01 3.368887e-01 2.273974e-02
-8.520000e-01 3.314680e-01 2.270274e-02
-8.510000e-01 3.260589e-01 2.265053e-02
-8.500000e-01 3.206623e-01 2.258352e-02
-8.490000e-01 3.152788e-01 2.250215e-02
-8.480000e-01 3.099092e-01 2.240681e-02
-8.470000e-01 3.045543e-01 2.229793e-02
-8.460000e-01 2.992146e-01 2.217589e-02
-8.450000e-01 2.938910e-01 2.204108e-02
-8.440000e-01 2.885840e-01 2.189390e-02
-8.430000e-01 2.832945e-01 2.173472e-02
-8.420000e-01 2.780229e-01 2.156391e-02
-8.410000e-01 2.727701e-01 2.138183e-02
-8.400000e-01 2.675366e-01 2.118885e-02
-8.390000e-01 2.623231e-01 2.098533e-02
-8.380000e-01 2.571302e-01 2.077159e-02
-8.370000e-01 2.519585e-01 2.054800e-02
-8.360000e-01 2.468086e-01 2.031489e-02
-8.350000e-01 2.416812e-01 2.007259e-02
-8.340000e-01 2.365767e-01 1.982142e-02
-8.330000e-01 2.314958e-01 1.956172e-02
-8.320000e-01 2.264390e-01 1.929379e-02
-8.310000e-01 2.214068e-01 1.901796e-02
-8.300000e-01 2.163999e-01 1.873453e-02
-8.290000e-01 2.114187e-01 1.844380e-02
-8.280000e-01 2.064637e-01 1.814609e-02
-8.270000e-01 2.015356e-01 1.784167e-02
-8.260000e-01 1.966346e-01 1.753086e-02
-8.250000e-01 1.917614e-01 1.721393e-02
-8.240000e-01 1.869164e-01 1.689117e-02
-8.230000e-01 1.821002e-01 1.656287e-02
-8.220000e-01 1.773130e-01 1.622930e-02
-8.210000e-01 1.725554e-01 1.589074e-02
-8.200000e-01 1.678279e-01 1.554745e-02
-8.190000e-01 1.631307e-01 1.519971e-02
-8.180000e-01 1.584645e-01 1.484779e-02
-8.170000e-01 1.538295e-01 1.449194e-02
-8.160000e-01 1.492261e-01 1.413242e-02
-8.150000e-01 1.446548e-01 1.376950e-02
-8.140000e-01 1.401160e-01 1.340342e-02
-8.130000e-01 1.356099e-01 1.303443e-02
-8.120000e-01 1.311369e-01 1.266279e-02
-8.110000e-01 1.266974e-01 1.228874e-02
-8.100000e-01 1.222917e-01 1.191253e-02
-8.090000e-01 1.179202e-01 1.153438e-02
-8.080000e-01 1.135831e-01 1.115455e-02
-8.070000e-01 1.092808e-01 1.077326e-02
-8.060000e-01 1.050136e-01 1.039076e-02
-8.050000e-01 1.007818e-01 1.000727e-02
-8.040000e-01 9.658553e-02 9.623023e-03
-8.030000e-01 9.242521e-02 9.238245e-03
-8.020000e-01 8.830107e-02 8.853160e-03
-8.010000e-01 8.421335e-02 8.467993e-03
-8.000000e-01 8.016231e-02 8.082964e-03
-7.990000e-01 7.614816e-02 7.698293e-03
-7.980000e-01 7.217116e-02 7.314197e-03
-7.970000e-01 6.823150e-02 6.930891e-03
-7.960000e-01 6.432941e-02 6.548589e-03
-7.950000e-01 6.046508e-02 6.167503e-03
-7.940000e-01 5.663871e-02 5.787842e-03
-7.930000e-01 5.285048e-02 5.409816e-03
-7.920000e-01 4.910057e-02 5.033631e-03
-7.910000e-01 4.538914e-02 4.659492e-03
-7.900000e-01 4.171637e-02 4.287603e-03
-7.890000e-01 3.808239e-02 3.918167e-03
-7.880000e-01 3.448737e-02 3.551383e-03
-7.870000e-01 3.093142e-02 3.187452e-03
-7.860000e-01 2.741469e-02 2.826570e-03
-7.850000e-01 2.393729e-02 2.468934e-03
-7.840000e-01 2.049934e-02 2.114739e-03
-7.830000e-01 1.710094e-02 1.764179e-03
-7.820000e-01 1.374220e-02 1.417446e-03
-7.810000e-01 1.042321e-02 1.074731e-03
-7.800000e-01 7.144045e-03 7.362243e-04
-7.790000e-01 3.904790e-03 4.021137e-04
-7.780000e-01 7.055143e-04 7.258694e-05
-7.770000e-01 2.453718e-03 2.521838e-04
-7.760000e-01 5.572851e-03 5.721376e-04
-7.750000e-01 8.651834e-03 8.872673e-04
-7.740000e-01 1.169062e-02 1.197567e-03
-7.730000e-01 1.468919e-02 1.503033e-03
-7.720000e-01 1.764749e-02 1.803660e-03
-7.710000e-01 2.056551e-02 2.099447e-03
-7.700000e-01 2.344322e-02 2.390392e-03
-7.690000e-01 2.628063e-02 2.676494e-03
-7.680000e-01 2.907773e-02 2.957755e-03
-7.670000e-01 3.183451e-02 3.234175e-03
-7.660000e-01 3.455098e-02 3.505756e-03
-7.650000e-01 3.722716e-02 3.772503e-03
-7.640000e-01 3.986307e-02 4.034418e-03
-7.630000e-01 4.245874e-02 4.291508e-03
-7.620000e-01 4.501418e-02 4.543779e-03
-7.610000e-01 4.752945e-02 4.791236e-03
-7.600000e-01 5.000459e-02 5.033889e-03
-7.590000e-01 5.243964e-02 5.271744e-03
-7.580000e-01 5.483465e-02 5.504812e-03
-7.570000e-01 5.718969e-02 5.733103e-03
-7.560000e-01 5.950482e-02 5.956627e-03
-7.550000e-01 6.178011e-02 6.175396e-03
-7.540000e-01 6.401564e-02 6.389422e-03
-7.530000e-01 6.621148e-02 6.598719e-03
-7.520000e-01 6.836772e-02 6.803300e-03
-7.510000e-01 7.048445e-02 7.003180e-03
-7.500000e-01 7.256176e-02 7.198374e-03
-7.490000e-01 7.459976e-02 7.388898e-03
-7.480000e-01 7.659855e-02 7.574769e-03
-7.470000e-01 7.855823e-02 7.756003e-03
-7.460000e-01 8.047893e-02 7.932618e-03
-7.450000e-01 8.236075e-02 8.104634e-03
-7.440000e-01 8.420383e-02 8.272068e-03
-7.430000e-01 8.600828e-02 8.434942e-03
-7.420000e-01 8.777424e-02 8.593275e-03
-7.410000e-01 8.950185e-02 8.747088e-03
-7.400000e-01 9.119124e-02 8.896402e-03
-7.390000e-01 9.284256e-02 9.041240e-03
-7.380000e-01 9.445596e-02 9.181625e-03
-7.370000e-01 9.603159e-02 9.317579e-03
-7.360000e-01 9.756959e-02 9.449127e-03
-7.350000e-01 9.907014e-02 9.576291e-03
-7.340000e-01 1.005334e-01 9.699099e-03
-7.330000e-01 1.019595e-01 9.817573e-03
-7.320000e-01 1.033487e-01 9.931742e-03
-7.310000e-01 1.047011e-01 1.004163e-02
-7.300000e-01 1.060169e-01 1.014726e-02
-7.290000e-01 1.072962e-01 1.024867e-02
-7.280000e-01 1.085393e-01 1.034588e-02
-7.270000e-01 1.097464e-01 1.043892e-02
-7.260000e-01 1.109176e-01 1.052782e-02
-7.250000e-01 1.120531e-01 1.061260e-02
-7.240000e-01 1.131532e-01 1.069331e-02
-7.230000e-01 1.142179e-01 1.076996e-02
-7.220000e-01 1.152477e-01 1.084258e-02
-7.210000e-01 1.162425e-01 1.091122e-02
-7.200000e-01 1.172027e-01 1.097589e-02
-7.190000e-01 1.181285e-01 1.103664e-02
-7.180000e-01 1.190200e-01 1.109349e-02
-7.170000e-01 1.198775e-01 1.114648e-02
-7.160000e-01 1.207012e-01 1.119563e-02
-7.150000e-01 1.214914e-01 1.124099e-02
-7.140000e-01 1.222482e-01 1.128258e-02
-7.130000e-01 1.229718e-01 1.132044e-02
-7.120000e-01 1.236626e-01 1.135461e-02
-7.110000e-01 1.243208e-01 1.138511e-02
-7.100000e-01 1.249465e-01 1.141199e-02
-7.090000e-01 1.255400e-01 1.143528e-02
-7.080000e-01 1.261016e-01 1.145501e-02
-7.070000e-01 1.266315e-01 1.147123e-02
-7.060000e-01 1.271299e-01 1.148396e-02
-7.050000e-01 1.275971e-01 1.149325e-02
-7.040000e-01 1.280333e-01 1.149913e-02
-7.030000e-01 1.284388e-01 1.150163e-02
-7.020000e-01 1.288138e-01 1.150081e-02
-7.010000e-01 1.291586e-01 1.149669e-02
-7.000000e-01 1.294734e-01 1.148931e-02
-6.990000e-01 1.297585e-01 1.147872e-02
-6.980000e-01 1.300142e-01 1.146494e-02
-6.970000e-01 1.302406e-01 1.144803e-02
-6.960000e-01 1.304382e-01 1.142802e-02
-6.950000e-01 1.306070e-01 1.140494e-02
-6.940000e-01 1.307475e-01 1.137885e-02
-6.930000e-01 1.308597e-01 1.134977e-02
-6.920000e-01 1.309441e-01 1.131776e-02
-6.910000e-01 1.310009e-01 1.128285e-02
-6.900000e-01 1.310304e-01 1.124508e-02
-6.890000e-01 1.310327e-01 1.120450e-02
-6.880000e-01 1.310083e-01 1.116114e-02
-6.870000e-01 1.309573e-01 1.111505e-02
-6.860000e-01 1.308801e-01 1.106628e-02
-6.850000e-01 1.307769e-01 1.101485e-02
-6.840000e-01 1.306480e-01 1.096082e-02
-6.830000e-01 1.304936e-01 1.090423e-02
-6.820000e-01 1.303141e-01 1.084513e-02
-6.810000e-01 1.301097e-01 1.078355e-02
-6.800000e-01 1.298807e-01 1.071953e-02
-6.790000e-01 1.296274e-01 1.065313e-02
-6.780000e-01 1.293500e-01 1.058439e-02
-6.770000e-01 1.290489e-01 1.051335e-02
-6.760000e-01 1.287242e-01 1.044006e-02
-6.750000e-01 1.283764e-01 1.036455e-02
-6.740000e-01 1.280057e-01 1.028689e-02
-6.730000e-01 1.276123e-01 1.020710e-02
-6.720000e-01 1.271966e-01 1.012525e-02
-6.710000e-01 1.267588e-01 1.004136e-02
-6.700000e-01 1.262993e-01 9.955495e-03
-6.690000e-01 1.258182e-01 9.867693e-03
-6.680000e-01 1.253159e-01 9.778002e-03
-6.670000e-01 1.247927e-01 9.686468e-03
-6.660000e-01 1.242488e-01 9.593138e-03
-6.650000e-01 1.236846e-01 9.498059e-03
-6.640000e-01 1.231003e-01 9.401278e-03
-6.630000e-01 1.224963e-01 9.302843e-03
-6.620000e-01 1.218727e-01 9.202800e-03
-6.610000e-01 1.212299e-01 9.101197e-03
-6.600000e-01 1.205682e-01 8.998082e-03
-6.590000e-01 1.198878e-01 8.893502e-03
-6.580000e-01 1.191891e-01 8.787508e-03
-6.570000e-01 1.184723e-01 8.680145e-03
-6.560000e-01 1.177378e-01 8.571463e-03
-6.550000e-01 1.169857e-01 8.461511e-03
-6.540000e-01 1.162164e-01 8.350337e-03
-6.530000e-01 1.154302e-01 8.237991e-03
-6.520000e-01 1.146273e-01 8.124521e-03
-6.510000e-01 1.138081e-01 8.009977e-03
-6.500000e-01 1.129728e-01 7.894409e-03
-6.490000e-01 1.121217e-01 7.777865e-03
-6.480000e-01 1.112551e-01 7.660397e-03
-6.470000e-01 1.103733e-01 7.542053e-03
-6.460000e-01 1.094766e-01 7.422884e-03
-6.450000e-01 1.085652e-01 7.302940e-03
-6.440000e-01 1.076394e-01 7.182271e-03
-6.430000e-01 1.066995e-01 7.060929e-03
-6.420000e-01 1.057458e-01 6.938964e-03
-6.410000e-01 1.047785e-01 6.816426e-03
-6.400000e-01 1.037980e-01 6.693367e-03
-6.390000e-01 1.028046e-01 6.569838e-03
-6.380000e-01 1.017984e-01 6.445890e-03
-6.370000e-01 1.007798e-01 6.321574e-03
-6.360000e-01 9.974909e-02 6.196943e-03
-6.350000e-01 9.870650e-02 6.072047e-03
-6.340000e-01 9.765231e-02 5.946939e-03
-6.330000e-01 9.658681e-02 5.821671e-03
-6.320000e-01 9.551027e-02 5.696294e-03
-6.310000e-01 9.442296e-02 5.570861e-03
-6.300000e-01 9.332516e-02 5.445425e-03
-6.290000e-01 9.221713e-02 5.320037e-03
-6.280000e-01 9.109914e-02 5.194751e-03
-6.270000e-01 8.997148e-02 5.069619e-03
-6.260000e-01 8.883439e-02 4.944694e-03
-6.250000e-01 8.768816e-02 4.820029e-03
-6.240000e-01 8.653305e-02 4.695677e-03
-6.230000e-01 8.536932e-02 4.571692e-03
-6.220000e-01 8.419724e-02 4.448126e-03
-6.210000e-01 8.301707e-02 4.325033e-03
-6.200000e-01 8.182908e-02 4.202467e-03
-6.190000e-01 8.063352e-02 4.080482e-03
-6.180000e-01 7.943066e-02 3.959131e-03
-6.170000e-01 7.822076e-02 3.838468e-03
-6.160000e-01 7.700408e-02 3.718548e-03
-6.150000e-01 7.578086e-02 3.599424e-03
-6.140000e-01 7.455137e-02 3.481151e-03
-6.130000e-01 7.331586e-02 3.363782e-03
-6.120000e-01 7.207459e-02 3.247374e-03
-6.110000e-01 7.082781e-02 3.131980e-03
-6.100000e-01 6.957576e-02 3.017654e-03
-6.090000e-01 6.831870e-02 2.904453e-03
-6.080000e-01 6.705687e-02 2.792430e-03
-6.070000e-01 6.579053e-02 2.681641e-03
-6.060000e-01 6.451991e-02 2.572140e-03
-6.050000e-01 6.324527e-02 2.463984e-03
-6.040000e-01 6.196684e-02 2.357227e-03
-6.030000e-01 6.068487e-02 2.251925e-03
-6.020000e-01 5.939959e-02 2.148133e-03
-6.010000e-01 5.811125e-02 2.045907e-03
-6.000000e-01 5.682008e-02 1.945303e-03
-5.990000e-01 5.552632e-02 1.846376e-03
-5.980000e-01 5.423020e-02 1.749183e-03
-5.970000e-01 5.293195e-02 1.653779e-03
-5.960000e-01 5.163181e-02 1.560221e-03
-5.950000e-01 5.033001e-02 1.468565e-03
-5.940000e-01 4.902677e-02 1.378867e-03
-5.930000e-01 4.772232e-02 1.291183e-03
-5.920000e-01 4.641689e-02 1.205570e-03
-5.910000e-01 4.511070e-02 1.122085e-03
-5.900000e-01 4.380397e-02 1.040784e-03
-5.890000e-01 4.249693e-02 9.617246e-04
-5.880000e-01 4.118979e-02 8.849626e-04
-5.870000e-01 3.988276e-02 8.105555e-04
-5.860000e-01 3.857608e-02 7.385603e-04
-5.850000e-01 3.726994e-02 6.690339e-04
-5.840000e-01 3.596456e-02 6.020338e-04
-5.830000e-01 3.466016e-02 5.376171e-04
-5.820000e-01 3.335694e-02 4.758412e-04
-5.810000e-01 3.205511e-02 4.167636e-04
-5.800000e-01 3.075488e-02 3.604419e-04
-5.790000e-01 2.945644e-02 3.069336e-04
-5.780000e-01 2.816001e-02 2.562965e-04
-5.770000e-01 2.686578e-02 2.085884e-04
-5.760000e-01 2.557396e-02 1.638671e-04
-5.750000e-01 2.428473e-02 1.221906e-04
-5.740000e-01 2.299831e-02 8.361695e-05
-5.730000e-01 2.171487e-02 4.820429e-05
-5.720000e-01 2.043461e-02 1.601081e-05
-5.710000e-01 1.915773e-02 1.290522e-05
-5.700000e-01 1.788441e-02 3.848544e-05
-5.690000e-01 1.661484e-02 6.067140e-05
-5.680000e-01 1.534920e-02 7.940458e-05
-5.670000e-01 1.408768e-02 9.462640e-05
-5.660000e-01 1.283046e-02 1.062782e-04
-5.650000e-01 1.157772e-02 1.143012e-04
-5.640000e-01 1.032964e-02 1.186365e-04
-5.630000e-01 9.086391e-03 1.192254e-04
-5.620000e-01 7.848149e-03 1.160087e-04
-5.610000e-01 6.615089e-03 1.089275e-04
-5.600000e-01 5.387380e-03 9.792262e-05
-5.590000e-01 4.165192e-03 8.293485e-05
-5.580000e-01 2.948692e-03 6.390492e-05
-5.570000e-01 1.738046e-03 4.077348e-05
-5.560000e-01 5.334169e-04 1.348111e-05
-5.550000e-01 6.650333e-04 1.802813e-05
-5.540000e-01 1.857145e-03 5.374642e-05
-5.530000e-01 3.042759e-03 9.361075e-05
-5.520000e-01 4.221721e-03 1.375564e-04
-5.510000e-01 5.393875e-03 1.855187e-04
-5.500000e-01 6.559070e-03 2.374331e-04
-5.490000e-01 7.717154e-03 2.932350e-04
-5.480000e-01 8.867978e-03 3.528600e-04
-5.470000e-01 1.001140e-02 4.162437e-04
-5.460000e-01 1.114726e-02 4.833219e-04
-5.450000e-01 1.227544e-02 5.540301e-04
-5.440000e-01 1.339577e-02 6.283044e-04
-5.430000e-01 1.450814e-02 7.060806e-04
-5.420000e-01 1.561239e-02 7.872946e-04
-5.410000e-01 1.670839e-02 8.718825e-04
-5.400000e-01 1.779601e-02 9.597803e-04
-5.390000e-01 1.887512e-02 1.050924e-03
-5.380000e-01 1.994558e-02 1.145251e-03
-5.370000e-01 2.100727e-02 1.242696e-03
-5.360000e-01 2.206006e-02 1.343196e-03
-5.350000e-01 2.310383e-02 1.446688e-03
-5.340000e-01 2.413845e-02 1.553108e-03
-5.330000e-01 2.516381e-02 1.662392e-03
-5.320000e-01 2.617979e-02 1.774478e-03
-5.310000e-01 2.718626e-02 1.889301e-03
-5.300000e-01 2.818312e-02 2.006800e-03
-5.290000e-01 2.917025e-02 2.126910e-03
-5.280000e-01 3.014754e-02 2.249568e-03
-5.270000e-01 3.111488e-02 2.374712e-03
-5.260000e-01 3.207216e-02 2.502278e-03
-5.250000e-01 3.301928e-02 2.632204e-03
-5.240000e-01 3.395614e-02 2.764427e-03
-5.230000e-01 3.488263e-02 2.898883e-03
-5.220000e-01 3.579865e-02 3.035511e-03
-5.210000e-01 3.670410e-02 3.174248e-03
-5.200000e-01 3.759890e-02 3.315031e-03
-5.190000e-01 3.848293e-02 3.457797e-03
-5.180000e-01 3.935612e-02 3.602484e-03
-5.170000e-01 4.021838e-02 3.749030e-03
-5.160000e-01 4.106960e-02 3.897372e-03
-5.150000e-01 4.190971e-02 4.047449e-03
-5.140000e-01 4.273862e-02 4.199198e-03
-5.130000e-01 4.355626e-02 4.352556e-03
-5.120000e-01 4.436252e-02 4.507462e-03
-5.110000e-01 4.515735e-02 4.663854e-03
-5.100000e-01 4.594066e-02 4.821670e-03
-5.090000e-01 4.671237e-02 4.980848e-03
-5.080000e-01 4.747241e-02 5.141326e-03
-5.070000e-01 4.822071e-02 5.303042e-03
-5.060000e-01 4.895721e-02 5.465935e-03
-5.050000e-01 4.968182e-02 5.629944e-03
-5.040000e-01 5.039449e-02 5.795006e-03
-5.030000e-01 5.109514e-02 5.961059e-03
-5.020000e-01 5.178373e-02 6.128044e-03
-5.010000e-01 5.246018e-02 6.295898e-03
-5.000000e-01 5.312444e-02 6.464560e-03
-4.990000e-01 5.377645e-02 6.633968e-03
-4.980000e-01 5.441615e-02 6.804062e-03
-4.970000e-01 5.504350e-02 6.974781e-03
-4.960000e-01 5.565843e-02 7.146063e-03
-4.950000e-01 5.626090e-02 7.317848e-03
-4.940000e-01 5.685087e-02 7.490074e-03
-4.930000e-01 5.742827e-02 7.662680e-03
-4.920000e-01 5.799308e-02 7.835607e-03
-4.910000e-01 5.854524e-02 8.008792e-03
-4.900000e-01 5.908472e-02 8.182176e-03
-4.890000e-01 5.961148e-02 8.355698e-03
-4.880000e-01 6.012547e-02 8.529297e-03
-4.870000e-01 6.062666e-02 8.702913e-03
-4.860000e-01 6.111503e-02 8.876485e-03
-4.850000e-01 6.159052e-02 9.049954e-03
-4.840000e-01 6.205313e-02 9.223258e-03
-4.830000e-01 6.250281e-02 9.396337e-03
-4.820000e-01 6.293954e-02 9.569132e-03
-4.810000e-01 6.336329e-02 9.741582e-03
-4.800000e-01 6.377404e-02 9.913628e-03
-4.790000e-01 6.417176e-02 1.008521e-02
-4.780000e-01 6.455645e-02 1.025626e-02
-4.770000e-01 6.492807e-02 1.042674e-02
-4.760000e-01 6.528661e-02 1.059656e-02
-4.750000e-01 6.563206e-02 1.076569e-02
-4.740000e-01 6.596440e-02 1.093405e-02
-4.730000e-01 6.628362e-02 1.110158e-02
-4.720000e-01 6.658971e-02 1.126824e-02
-4.710000e-01 6.688266e-02 1.143395e-02
-4.700000e-01 6.716246e-02 1.159866e-02
-4.690000e-01 6.742912e-02 1.176231e-02
-4.680000e-01 6.768261e-02 1.192484e-02
-4.670000e-01 6.792295e-02 1.208619e-02
-4.660000e-01 6.815013e-02 1.224630e-02
-4.650000e-01 6.836415e-02 1.240511e-02
-4.640000e-01 6.856502e-02 1.256257e-02
-4.630000e-01 6.875273e-02 1.271861e-02
-4.620000e-01 6.892730e-02 1.287318e-02
-4.610000e-01 6.908874e-02 1.302622e-02
-4.600000e-01 6.923704e-02 1.317766e-02
-4.590000e-01 6.937223e-02 1.332745e-02
-4.580000e-01 6.949430e-02 1.347553e-02
-4.570000e-01 6.960329e-02 1.362185e-02
-4.560000e-01 6.969920e-02 1.376634e-02
-4.550000e-01 6.978205e-02 1.390895e-02
-4.540000e-01 6.985185e-02 1.404961e-02
-4.530000e-01 6.990863e-02 1.418827e-02
-4.520000e-01 6.995241e-02 1.432487e-02
-4.510000e-01 6.998321e-02 1.445936e-02
-4.500000e-01 7.000106e-02 1.459167e-02
-4.490000e-01 7.000597e-02 1.472175e-02
-4.480000e-01 6.999799e-02 1.484953e-02
-4.470000e-01 6.997712e-02 1.497497e-02
-4.460000e-01 6.994342e-02 1.509800e-02
-4.450000e-01 6.989690e-02 1.521857e-02
-4.440000e-01 6.983760e-02 1.533661e-02
-4.430000e-01 6.976556e-02 1.545208e-02
-4.420000e-01 6.968081e-02 1.556491e-02
-4.410000e-01 6.958338e-02 1.567504e-02
-4.400000e-01 6.947332e-02 1.578242e-02
-4.390000e-01 6.935067e-02 1.588700e-02
-4.380000e-01 6.921546e-02 1.598870e-02
-4.370000e-01 6.906774e-02 1.608749e-02
-4.360000e-01 6.890756e-02 1.618329e-02
-4.350000e-01 6.873495e-02 1.627606e-02
-4.340000e-01 6.854998e-02 1.636573e-02
-4.330000e-01 6.835267e-02 1.645225e-02
-4.320000e-01 6.814309e-02 1.653557e-02
-4.310000e-01 6.792128e-02 1.661562e-02
-4.300000e-01 6.768730e-02 1.669235e-02
-4.290000e-01 6.744120e-02 1.676570e-02
-4.280000e-01 6.718304e-02 1.683562e-02
-4.270000e-01 6.691286e-02 1.690204e-02
-4.260000e-01 6.663073e-02 1.696493e-02
-4.250000e-01 6.633670e-02 1.702421e-02
-4.240000e-01 6.603085e-02 1.707983e-02
-4.230000e-01 6.571321e-02 1.713174e-02
-4.220000e-01 6.538387e-02 1.717987e-02
-4.210000e-01 6.504288e-02 1.722419e-02
-4.200000e-01 6.469030e-02 1.726461e-02
-4.190000e-01 6.432621e-02 1.730111e-02
-4.180000e-01 6.395066e-02 1.733360e-02
-4.170000e-01 6.356373e-02 1.736205e-02
-4.160000e-01 6.316549e-02 1.738640e-02
-4.150000e-01 6.275601e-02 1.740658e-02
-4.140000e-01 6.233535e-02 1.742255e-02
-4.130000e-01 6.190360e-02 1.743425e-02
-4.120000e-01 6.146082e-02 1.744163e-02
-4.110000e-01 6.100710e-02 1.744463e-02
-4.100000e-01 6.054250e-02 1.744319e-02
-4.090000e-01 6.006710e-02 1.743726e-02
-4.080000e-01 5.958099e-02 1.742678e-02
-4.070000e-01 5.908424e-02 1.741171e-02
-4.060000e-01 5.857693e-02 1.739198e-02
-4.050000e-01 5.805915e-02 1.736755e-02
-4.040000e-01 5.753097e-02 1.733835e-02
-4.030000e-01 5.699249e-02 1.730434e-02
-4.020000e-01 5.644378e-02 1.726545e-02
-4.010000e-01 5.588493e-02 1.722165e-02
-4.000000e-01 5.531603e-02 1.717286e-02
-3.990000e-01 5.473717e-02 1.711903e-02
-3.980000e-01 5.414843e-02 1.706013e-02
-3.970000e-01 5.354991e-02 1.699608e-02
-3.960000e-01 5.294170e-02 1.692683e-02
-3.950000e-01 5.232388e-02 1.685234e-02
-3.940000e-01 5.169655e-02 1.677255e-02
-3.930000e-01 5.105981e-02 1.668741e-02
-3.920000e-01 5.041375e-02 1.659685e-02
-3.910000e-01 4.975846e-02 1.650084e-02
-3.900000e-01 4.909405e-02 1.639931e-02
-3.890000e-01 4.842060e-02 1.629222e-02
-3.880000e-01 4.773822e-02 1.617951e-02
-3.870000e-01 4.704701e-02 1.606113e-02
-3.860000e-01 4.634706e-02 1.593702e-02
-3.850000e-01 4.563848e-02 1.580713e-02
-3.840000e-01 4.492137e-02 1.567142e-02
-3.830000e-01 4.419584e-02 1.552982e-02
-3.820000e-01 4.346198e-02 1.538229e-02
-3.810000e-01 4.271990e-02 1.522878e-02
-3.800000e-01 4.196970e-02 1.506922e-02
-3.790000e-01 4.121150e-02 1.490358e-02
-3.780000e-01 4.044540e-02 1.473180e-02
-3.770000e-01 3.967150e-02 1.455382e-02
-3.760000e-01 3.888992e-02 1.436960e-02
-3.750000e-01 3.810076e-02 1.417909e-02
-3.740000e-01 3.730414e-02 1.398223e-02
-3.730000e-01 3.650016e-02 1.377897e-02
-3.720000e-01 3.568894e-02 1.356926e-02
-3.710000e-01 3.487059e-02 1.335305e-02
-3.700000e-01 3.404522e-02 1.313030e-02
-3.690000e-01 3.321295e-02 1.290094e-02
-3.680000e-01 3.237389e-02 1.266493e-02
-3.670000e-01 3.152815e-02 1.242222e-02
-3.660000e-01 3.067586e-02 1.217276e-02
-3.650000e-01 2.981712e-02 1.191649e-02
-3.640000e-01 2.895206e-02 1.165338e-02
-3.630000e-01 2.808079e-02 1.138336e-02
-3.620000e-01 2.720343e-02 1.110639e-02
-3.610000e-01 2.632011e-02 1.082243e-02
-3.600000e-01 2.543093e-02 1.053141e-02
-3.590000e-01 2.453603e-02 1.023329e-02
-3.580000e-01 2.363552e-02 9.928024e-03
-3.570000e-01 2.272952e-02 9.615561e-03
-3.560000e-01 2.181816e-02 9.295851e-03
-3.550000e-01 2.090157e-02 8.968847e-03
-3.540000e-01 1.997985e-02 8.634499e-03
-3.530000e-01 1.905314e-02 8.292759e-03
-3.520000e-01 1.812157e-02 7.943579e-03
-3.510000e-01 1.718525e-02 7.586911e-03
-3.500000e-01 1.624431e-02 7.222708e-03
-3.490000e-01 1.529889e-02 6.850920e-03
-3.480000e-01 1.434910e-02 6.471501e-03
-3.470000e-01 1.339508e-02 6.084403e-03
-3.460000e-01 1.243694e-02 5.689579e-03
-3.450000e-01 1.147483e-02 5.286982e-03
-3.440000e-01 1.050887e-02 4.876564e-03
-3.430000e-01 9.539185e-03 4.458280e-03
-3.420000e-01 8.565911e-03 4.032082e-03
-3.410000e-01 7.589175e-03 3.597923e-03
-3.400000e-01 6.609111e-03 3.155759e-03
-3.390000e-01 5.625848e-03 2.705541e-03
-3.380000e-01 4.639518e-03 2.247226e-03
-3.370000e-01 3.650254e-03 1.780766e-03
-3.360000e-01 2.658189e-03 1.306116e-03
-3.350000e-01 1.663456e-03 8.232312e-04
-3.340000e-01 6.661875e-04 3.320659e-04
-3.330000e-01 3.334814e-04 1.674235e-04
-3.320000e-01 1.335417e-03 6.752099e-04
-3.310000e-01 2.339483e-03 1.191156e-03
-3.300000e-01 3.345546e-03 1.715114e-03
-3.290000e-01 4.353470e-03 2.246938e-03
-3.280000e-01 5.363118e-03 2.786479e-03
-3.270000e-01 6.374355e-03 3.333590e-03
-3.260000e-01 7.387043e-03 3.888123e-03
-3.250000e-01 8.401046e-03 4.449931e-03
-3.240000e-01 9.416226e-03 5.018864e-03
-3.230000e-01 1.043245e-02 5.594775e-03
-3.220000e-01 1.144957e-02 6.177514e-03
-3.210000e-01 1.246745e-02 6.766933e-03
-3.200000e-01 1.348596e-02 7.362882e-03
-3.190000e-01 1.450495e-02 7.965213e-03
-3.180000e-01 1.552429e-02 8.573775e-03
-3.170000e-01 1.654383e-02 9.188419e-03
-3.160000e-01 1.756344e-02 9.808994e-03
-3.150000e-01 1.858298e-02 1.043535e-02
-3.140000e-01 1.960230e-02 1.106734e-02
-3.130000e-01 2.062126e-02 1.170481e-02
-3.120000e-01 2.163973e-02 1.234760e-02
-3.110000e-01 2.265756e-02 1.299558e-02
-3.100000e-01 2.367461e-02 1.364858e-02
-3.090000e-01 2.469073e-02 1.430645e-02
-3.080000e-01 2.570579e-02 1.496905e-02
-3.070000e-01 2.671965e-02 1.563621e-02
-3.060000e-01 2.773216e-02 1.630780e-02
-3.050000e-01 2.874317e-02 1.698365e-02
-3.040000e-01 2.975255e-02 1.766361e-02
-3.030000e-01 3.076015e-02 1.834752e-02
-3.020000e-01 3.176583e-02 1.903525e-02
-3.010000e-01 3.276944e-02 1.972662e-02
-3.000000e-01 3.377084e-02 2.042149e-02
-2.990000e-01 3.476989e-02 2.111970e-02
-2.980000e-01 3.576644e-02 2.182110e-02
-2.970000e-01 3.676034e-02 2.252552e-02
-2.960000e-01 3.775146e-02 2.323283e-02
-2.950000e-01 3.873964e-02 2.394285e-02
-2.940000e-01 3.972475e-02 2.465544e-02
-2.930000e-01 4.070663e-02 2.537044e-02
-2.920000e-01 4.168514e-02 2.608769e-02
-2.910000e-01 4.266014e-02 2.680703e-02
-2.900000e-01 4.363148e-02 2.752831e-02
-2.890000e-01 4.459901e-02 2.825137e-02
-2.880000e-01 4.556258e-02 2.897604e-02
-2.870000e-01 4.652206e-02 2.970218e-02
-2.860000e-01 4.747729e-02 3.042963e-02
-2.850000e-01 4.842813e-02 3.115822e-02
-2.840000e-01 4.937442e-02 3.188779e-02
-2.830000e-01 5.031603e-02 3.261819e-02
-2.820000e-01 5.125281e-02 3.334925e-02
-2.810000e-01 5.218460e-02 3.408082e-02
-2.800000e-01 5.311127e-02 3.481273e-02
-2.790000e-01 5.403266e-02 3.554482e-02
-2.780000e-01 5.494862e-02 3.627693e-02
-2.770000e-01 5.585902e-02 3.700889e-02
-2.760000e-01 5.676369e-02 3.774056e-02
-2.750000e-01 5.766249e-02 3.847175e-02
-2.740000e-01 5.855528e-02 3.920231e-02
-2.730000e-01 5.944190e-02 3.993208e-02
-2.720000e-01 6.032221e-02 4.066088e-02
-2.710000e-01 6.119605e-02 4.138856e-02
-2.700000e-01 6.206329e-02 4.211495e-02
-2.690000e-01 6.292376e-02 4.283989e-02
-2.680000e-01 6.377732e-02 4.356320e-02
-2.670000e-01 6.462383e-02 4.428472e-02
-2.660000e-01 6.546312e-02 4.500428e-02
-2.650000e-01 6.629506e-02 4.572172e-02
-2.640000e-01 6.711949e-02 4.643687e-02
-2.630000e-01 6.793626e-02 4.714956e-02
-2.620000e-01 6.874522e-02 4.785961e-02
-2.610000e-01 6.954622e-02 4.856687e-02
-2.600000e-01 7.033912e-02 4.927115e-02
-2.590000e-01 7.112376e-02 4.997229e-02
-2.580000e-01 7.189999e-02 5.067012e-02
-2.570000e-01 7.266765e-02 5.136447e-02
-2.560000e-01 7.342661e-02 5.205515e-02
-2.550000e-01 7.417670e-02 5.274201e-02
-2.540000e-01 7.491778e-02 5.342486e-02
-2.530000e-01 7.564970e-02 5.410353e-02
-2.520000e-01 7.637230e-02 5.477785e-02
-2.510000e-01 7.708542e-02 5.544763e-02
-2.500000e-01 7.778893e-02 5.611271e-02
-2.490000e-01 7.848266e-02 5.677291e-02
-2.480000e-01 7.916647e-02 5.742805e-02
-2.470000e-01 7.984020e-02 5.807794e-02
-2.460000e-01 8.050370e-02 5.872242e-02
-2.450000e-01 8.115682e-02 5.936130e-02
-2.440000e-01 8.179939e-02 5.999441e-02
-2.430000e-01 8.243128e-02 6.062155e-02
-2.420000e-01 8.305232e-02 6.124255e-02
-2.410000e-01 8.366236e-02 6.185723e-02
-2.400000e-01 8.426125e-02 6.246539e-02
-2.390000e-01 8.484883e-02 6.306687e-02
-2.380000e-01 8.542495e-02 6.366147e-02
-2.370000e-01 8.598945e-02 6.424901e-02
-2.360000e-01 8.654217e-02 6.482929e-02
-2.350000e-01 8.708297e-02 6.540214e-02
-2.340000e-01 8.761168e-02 6.596737e-02
-2.330000e-01 8.812815e-02 6.652478e-02
-2.320000e-01 8.863222e-02 6.707418e-02
-2.310000e-01 8.912373e-02 6.761539e-02
-2.300000e-01 8.960254e-02 6.814820e-02
-2.290000e-01 9.006847e-02 6.867244e-02
-2.280000e-01 9.052137e-02 6.918790e-02
-2.270000e-01 9.096108e-02 6.969439e-02
-2.260000e-01 9.138745e-02 7.019172e-02
-2.250000e-01 9.180031e-02 7.067968e-02
-2.240000e-01 9.219950e-02 7.115807e-02
-2.230000e-01 9.258487e-02 7.162671e-02
-2.220000e-01 9.295625e-02 7.208538e-02
-2.210000e-01 9.331347e-02 7.253389e-02
-2.200000e-01 9.365639e-02 7.297204e-02
-2.190000e-01 9.398483e-02 7.339961e-02
-2.180000e-01 9.429863e-02 7.381642e-02
-2.170000e-01 9.459763e-02 7.422223e-02
-2.160000e-01 9.488167e-02 7.461687e-02
-2.150000e-01 9.515058e-02 7.500010e-02
-2.140000e-01 9.540418e-02 7.537173e-02
-2.130000e-01 9.564233e-02 7.573154e-02
-2.120000e-01 9.586484e-02 7.607931e-02
-2.110000e-01 9.607156e-02 7.641484e-02
-2.100000e-01 9.626231e-02 7.673791e-02
-2.090000e-01 9.643692e-02 7.704830e-02
-2.080000e-01 9.659523e-02 7.734579e-02
-2.070000e-01 9.673706e-02 7.763017e-02
-2.060000e-01 9.686224e-02 7.790121e-02
-2.050000e-01 9.697060e-02 7.815868e-02
-2.040000e-01 9.706196e-02 7.840237e-02
-2.030000e-01 9.713615e-02 7.863204e-02
-2.020000e-01 9.719299e-02 7.884747e-02
-2.010000e-01 9.723231e-02 7.904843e-02
-2.000000e-01 9.725392e-02 7.923468e-02
-1.990000e-01 9.725766e-02 7.940600e-02
-1.980000e-01 9.724333e-02 7.956214e-02
-1.970000e-01 9.721076e-02 7.970288e-02
-1.960000e-01 9.715976e-02 7.982796e-02
-1.950000e-01 9.709015e-02 7.993715e-02
-1.940000e-01 9.700175e-02 8.003020e-02
-1.930000e-01 9.689436e-02 8.010687e-02
-1.920000e-01 9.676780e-02 8.016692e-02
-1.910000e-01 9.662188e-02 8.021008e-02
-1.900000e-01 9.645641e-02 8.023611e-02
-1.890000e-01 9.627120e-02 8.024476e-02
-1.880000e-01 9.606604e-02 8.023576e-02
-1.870000e-01 9.584075e-02 8.020885e-02
-1.860000e-01 9.559512e-02 8.016379e-02
-1.850000e-01 9.532896e-02 8.010029e-02
-1.840000e-01 9.504205e-02 8.001809e-02
-1.830000e-01 9.473421e-02 7.991693e-02
-1.820000e-01 9.440523e-02 7.979652e-02
-1.810000e-01 9.405488e-02 7.965660e-02
-1.800000e-01 9.368297e-02 7.949688e-02
-1.790000e-01 9.328929e-02 7.931709e-02
-1.780000e-01 9.287361e-02 7.911693e-02
-1.770000e-01 9.243572e-02 7.889612e-02
-1.760000e-01 9.197540e-02 7.865437e-02
-1.750000e-01 9.149242e-02 7.839139e-02
-1.740000e-01 9.098657e-02 7.810686e-02
-1.730000e-01 9.045761e-02 7.780050e-02
-1.720000e-01 8.990531e-02 7.747200e-02
-1.710000e-01 8.932945e-02 7.712105e-02
-1.700000e-01 8.872977e-02 7.674732e-02
-1.690000e-01 8.810604e-02 7.635052e-02
-1.680000e-01 8.745802e-02 7.593031e-02
-1.670000e-01 8.678546e-02 7.548638e-02
-1.660000e-01 8.608811e-02 7.501838e-02
-1.650000e-01 8.536572e-02 7.452599e-02
-1.640000e-01 8.461802e-02 7.400886e-02
-1.630000e-01 8.384475e-02 7.346665e-02
-1.620000e-01 8.304566e-02 7.289902e-02
-1.610000e-01 8.222045e-02 7.230561e-02
-1.600000e-01 8.136887e-02 7.168606e-02
-1.590000e-01 8.049063e-02 7.104000e-02
-1.580000e-01 7.958545e-02 7.036707e-02
-1.570000e-01 7.865304e-02 6.966689e-02
-1.560000e-01 7.769309e-02 6.893908e-02
-1.550000e-01 7.670532e-02 6.818324e-02
-1.540000e-01 7.568942e-02 6.739899e-02
-1.530000e-01 7.464507e-02 6.658592e-02
-1.520000e-01 7.357196e-02 6.574363e-02
-1.510000e-01 7.246977e-02 6.487170e-02
-1.500000e-01 7.133816e-02 6.396972e-02
-1.490000e-01 7.017680e-02 6.303724e-02
-1.480000e-01 6.898534e-02 6.207383e-02
-1.470000e-01 6.776344e-02 6.107906e-02
-1.460000e-01 6.651073e-02 6.005246e-02
-1.450000e-01 6.522685e-02 5.899357e-02
-1.440000e-01 6.391143e-02 5.790193e-02
-1.430000e-01 6.256409e-02 5.677705e-02
-1.420000e-01 6.118443e-02 5.561844e-02
-1.410000e-01 5.977205e-02 5.442561e-02
-1.400000e-01 5.832654e-02 5.319804e-02
-1.390000e-01 5.684749e-02 5.193522e-02
-1.380000e-01 5.533447e-02 5.063661e-02
-1.370000e-01 5.378703e-02 4.930168e-02
-1.360000e-01 5.220473e-02 4.792986e-02
-1.350000e-01 5.058710e-02 4.652060e-02
-1.340000e-01 4.893366e-02 4.507330e-02
-1.330000e-01 4.724394e-02 4.358739e-02
-1.320000e-01 4.551743e-02 4.206225e-02
-1.310000e-01 4.375362e-02 4.049727e-02
-1.300000e-01 4.195197e-02 3.889180e-02
-1.290000e-01 4.011196e-02 3.724519e-02
-1.280000e-01 3.823301e-02 3.555679e-02
-1.270000e-01 3.631456e-02 3.382589e-02
-1.260000e-01 3.435601e-02 3.205182e-02
-1.250000e-01 3.235677e-02 3.023383e-02
-1.240000e-01 3.031619e-02 2.837120e-02
-1.230000e-01 2.823364e-02 2.646316e-02
-1.220000e-01 2.610845e-02 2.450893e-02
-1.210000e-01 2.393993e-02 2.250772e-02
-1.200000e-01 2.172737e-02 2.045869e-02
-1.190000e-01 1.947005e-02 1.836100e-02
-1.180000e-01 1.716721e-02 1.621378e-02
-1.170000e-01 1.481806e-02 1.401612e-02
-1.160000e-01 1.242180e-02 1.176711e-02
-1.150000e-01 9.977591e-03 9.465772e-03
-1.140000e-01 7.484573e-03 7.111137e-03
-1.130000e-01 4.941849e-03 4.702185e-03
-1.120000e-01 2.348491e-03 2.237864e-03
-1.110000e-01 2.964622e-04 2.829080e-04
-1.100000e-01 2.994007e-03 2.861205e-03
-1.090000e-01 5.745178e-03 5.497997e-03
-1.080000e-01 8.551050e-03 8.194272e-03
-1.070000e-01 1.141274e-02 1.095106e-02
-1.060000e-01 1.433140e-02 1.376943e-02
-1.050000e-01 1.730824e-02 1.665051e-02
-1.040000e-01 2.034452e-02 1.959546e-02
-1.030000e-01 2.344155e-02 2.260552e-02
-1.020000e-01 2.660068e-02 2.568196e-02
-1.010000e-01 2.982333e-02 2.882611e-02
-1.000000e-01 3.311098e-02 3.203938e-02
-9.900000e-02 3.646519e-02 3.532324e-02
-9.800000e-02 3.988756e-02 3.867921e-02
-9.700000e-02 4.337978e-02 4.210890e-02
-9.600000e-02 4.694362e-02 4.561401e-02
-9.500000e-02 5.058092e-02 4.919631e-02
-9.400000e-02 5.429363e-02 5.285765e-02
-9.300000e-02 5.808378e-02 5.659999e-02
-9.200000e-02 6.195348e-02 6.042539e-02
-9.100000e-02 6.590499e-02 6.433600e-02
-9.000000e-02 6.994065e-02 6.833412e-02
-8.900000e-02 7.406293e-02 7.242213e-02
-8.800000e-02 7.827445e-02 7.660257e-02
-8.700000e-02 8.257794e-02 8.087811e-02
-8.600000e-02 8.697631e-02 8.525159e-02
-8.500000e-02 9.147260e-02 8.972598e-02
-8.400000e-02 9.607005e-02 9.430445e-02
-8.300000e-02 1.007721e-01 9.899036e-02
-8.200000e-02 1.055823e-01 1.037872e-01
-8.100000e-02 1.105046e-01 1.086989e-01
-8.000000e-02 1.155430e-01 1.137293e-01
-7.900000e-02 1.207019e-01 1.188828e-01
-7.800000e-02 1.259858e-01 1.241639e-01
-7.700000e-02 1.313998e-01 1.295774e-01
-7.600000e-02 1.369490e-01 1.351286e-01
-7.500000e-02 1.426391e-01 1.408230e-01
-7.400000e-02 1.484760e-01 1.466665e-01
-7.300000e-02 1.544663e-01 1.526655e-01
-7.200000e-02 1.606168e-01 1.588270e-01
-7.100000e-02 1.669350e-01 1.651582e-01
-7.000000e-02 1.734289e-01 1.716671e-01
-6.900000e-02 1.801072e-01 1.783624e-01
-6.800000e-02 1.869792e-01 1.852534e-01
-6.700000e-02 1.940552e-01 1.923502e-01
-6.600000e-02 2.013461e-01 1.996637e-01
-6.500000e-02 2.088641e-01 2.072060e-01
-6.400000e-02 2.166223e-01 2.149902e-01
-6.300000e-02 2.246351e-01 2.230306e-01
-6.200000e-02 2.329182e-01 2.313430e-01
-6.100000e-02 2.414892e-01 2.399447e-01
-6.000000e-02 2.503672e-01 2.488550e-01
-5.900000e-02 2.595737e-01 2.580951e-01
-5.800000e-02 2.691324e-01 2.676888e-01
-5.700000e-02 2.790697e-01 2.776625e-01
-5.600000e-02 2.894156e-01 2.880460e-01
-5.500000e-02 3.002035e-01 2.988728e-01
-5.400000e-02 3.114716e-01 3.101808e-01
-5.300000e-02 3.232630e-01 3.220134e-01
-5.200000e-02 3.356275e-01 3.344202e-01
-5.100000e-02 3.486223e-01 3.474582e-01
-5.000000e-02 3.623139e-01 3.611940e-01
-4.900000e-02 3.767800e-01 3.757053e-01
-4.800000e-02 3.921125e-01 3.910839e-01
-4.700000e-02 4.084211e-01 4.074394e-01
-4.600000e-02 4.258377e-01 4.249037e-01
-4.500000e-02 4.445235e-01 4.436382e-01
-4.400000e-02 4.646784e-01 4.638422e-01
-4.300000e-02 4.865536e-01 4.857673e-01
-4.200000e-02 5.104716e-01 5.097360e-01
-4.100000e-02 5.368561e-01 5.361716e-01
-4.000000e-02 5.662787e-01 5.656459e-01
-3.900000e-02 5.995372e-01 5.989567e-01
-3.800000e-02 6.377938e-01 6.372660e-01
-3.700000e-02 6.828366e-01 6.823619e-01
-3.600000e-02 7.376304e-01 7.372094e-01
-3.500000e-02 8.076476e-01 8.072805e-01
-3.400000e-02 9.048537e-01 9.045409e-01
-3.300000e-02 1.065278e+00 1.065020e+00
-3.200000e-02 1.632261e+00 1.632058e+00
-3.100000e-02 1.124332e+00 1.124184e+00
-3.000000e-02 9.356839e-01 9.355909e-01
-2.900000e-02 8.297456e-01 8.297079e-01
-2.800000e-02 7.558347e-01 7.558526e-01
-2.700000e-02 6.990790e-01 6.991525e-01
-2.600000e-02 6.530393e-01 6.531686e-01
-2.500000e-02 6.143368e-01 6.145217e-01
-2.400000e-02 5.809761e-01 5.812169e-01
-2.300000e-02 5.516804e-01 5.519769e-01
-2.200000e-02 5.255827e-01 5.259348e-01
-2.100000e-02 5.020674e-01 5.024750e-01
-2.000000e-02 4.806816e-01 4.811446e-01
-1.900000e-02 4.610824e-01 4.616007e-01
-1.800000e-02 4.430039e-01 4.435773e-01
-1.700000e-02 4.262358e-01 4.268640e-01
-1.600000e-02 4.106088e-01 4.112916e-01
-1.500000e-02 3.959845e-01 3.967218e-01
-1.400000e-02 3.822488e-01 3.830401e-01
-1.300000e-02 3.693057e-01 3.701509e-01
-1.200000e-02 3.570746e-01 3.579731e-01
-1.100000e-02 3.454863e-01 3.464379e-01
-1.000000e-02 3.344816e-01 3.354859e-01
-9.000000e-03 3.240091e-01 3.250657e-01
-8.000000e-03 3.140241e-01 3.151325e-01
-7.000000e-03 3.044872e-01 3.056470e-01
-6.000000e-03 2.953639e-01 2.965746e-01
-5.000000e-03 2.866234e-01 2.878845e-01
-4.000000e-03 2.782384e-01 2.795494e-01
-3.000000e-03 2.701845e-01 2.715448e-01
-2.000000e-03 2.624397e-01 2.638487e-01
-1.000000e-03 2.549841e-01 2.564413e-01
8.812395e-16 2.477999e-01 2.493046e-01
1.000000e-03 2.408708e-01 2.424224e-01
2.000000e-03 2.341820e-01 2.357799e-01
3.000000e-03 2.277199e-01 2.293634e-01
4.000000e-03 2.214723e-01 2.231607e-01
5.000000e-03 2.154277e-01 2.171602e-01
6.000000e-03 2.095756e-01 2.113516e-01
7.000000e-03 2.039065e-01 2.057253e-01
8.000000e-03 1.984114e-01 2.002721e-01
9.000000e-03 1.930820e-01 1.949839e-01
1.000000e-02 1.879108e-01 1.898531e-01
1.100000e-02 1.828905e-01 1.848724e-01
1.200000e-02 1.780145e-01 1.800352e-01
1.300000e-02 1.732767e-01 1.753352e-01
1.400000e-02 1.686712e-01 1.707668e-01
1.500000e-02 1.641926e-01 1.663244e-01
1.600000e-02 1.598359e-01 1.620029e-01
1.700000e-02 1.555962e-01 1.577977e-01
1.800000e-02 1.514692e-01 1.537041e-01
1.900000e-02 1.474505e-01 1.497179e-01
2.000000e-02 1.435361e-01 1.458351e-01
2.100000e-02 1.397224e-01 1.420521e-01
2.200000e-02 1.360058e-01 1.383651e-01
2.300000e-02 1.323829e-01 1.347709e-01
2.400000e-02 1.288505e-01 1.312662e-01
2.500000e-02 1.254057e-01 1.278480e-01
2.600000e-02 1.220455e-01 1.245134e-01
2.700000e-02 1.187672e-01 1.212598e-01
2.800000e-02 1.155683e-01 1.180845e-01
2.900000e-02 1.124464e-01 1.149850e-01
3.000000e-02 1.093989e-01 1.119591e-01
3.100000e-02 1.064238e-01 1.090043e-01
3.200000e-02 1.035189e-01 1.061187e-01
3.300000e-02 1.006822e-01 1.033001e-01
3.400000e-02 9.791162e-02 1.005467e-01
3.500000e-02 9.520542e-02 9.785643e-02
3.600000e-02 9.256178e-02 9.522762e-02
3.700000e-02 8.997900e-02 9.265853e-02
3.800000e-02 8.745544e-02 9.014752e-02
3.900000e-02 8.498953e-02 8.769300e-02
4.000000e-02 8.257977e-02 8.529345e-02
4.100000e-02 8.022469e-02 8.294743e-02
4.200000e-02 7.792292e-02 8.065352e-02
4.300000e-02 7.567311e-02 7.841038e-02
4.400000e-02 7.347397e-02 7.621672e-02
4.500000e-02 7.132426e-02 7.407128e-02
4.600000e-02 6.922279e-02 7.197285e-02
4.700000e-02 6.716839e-02 6.992029e-02
4.800000e-02 6.515997e-02 6.791246e-02
4.900000e-02 6.319644e-02 6.594828e-02
5.000000e-02 6.127676e-02 6.402671e-02
5.100000e-02 5.939994e-02 6.214674e-02
5.200000e-02 5.756500e-02 6.030739e-02
5.300000e-02 5.577100e-02 5.850772e-02
5.400000e-02 5.401705e-02 5.674682e-02
5.500000e-02 5.230225e-02 5.502378e-02
5.600000e-02 5.062576e-02 5.333777e-02
5.700000e-02 4.898676e-02 5.168795e-02
5.800000e-02 4.738444e-02 5.007350e-02
5.900000e-02 4.581803e-02 4.849365e-02
6.000000e-02 4.428677e-02 4.694764e-02
6.100000e-02 4.278994e-02 4.543473e-02
6.200000e-02 4.132682e-02 4.395421e-02
6.300000e-02 3.989672e-02 4.250537e-02
6.400000e-02 3.849898e-02 4.108755e-02
6.500000e-02 3.713294e-02 3.970007e-02
6.600000e-02 3.579796e-02 3.834231e-02
6.700000e-02 3.449344e-02 3.701363e-02
6.800000e-02 3.321876e-02 3.571344e-02
6.900000e-02 3.197335e-02 3.444113e-02
7.000000e-02 3.075662e-02 3.319614e-02
7.100000e-02 2.956804e-02 3.197789e-02
7.200000e-02 2.840705e-02 3.078585e-02
7.300000e-02 2.727312e-02 2.961948e-02
7.400000e-02 2.616574e-02 2.847825e-02
7.500000e-02 2.508442e-02 2.736165e-02
7.600000e-02 2.402864e-02 2.626919e-02
7.700000e-02 2.299794e-02 2.520039e-02
7.800000e-02 2.199185e-02 2.415476e-02
7.900000e-02 2.100991e-02 2.313185e-02
8.000000e-02 2.005167e-02 2.213119e-02
8.100000e-02 1.911670e-02 2.115235e-02
8.200000e-02 1.820456e-02 2.019488e-02
8.300000e-02 1.731484e-02 1.925838e-02
8.400000e-02 1.644712e-02 1.834241e-02
8.500000e-02 1.560102e-02 1.744657e-02
8.600000e-02 1.477612e-02 1.657046e-02
8.700000e-02 1.397206e-02 1.571370e-02
8.800000e-02 1.318845e-02 1.487589e-02
8.900000e-02 1.242492e-02 1.405666e-02
9.000000e-02 1.168111e-02 1.325564e-02
9.100000e-02 1.095667e-02 1.247247e-02
9.200000e-02 1.025126e-02 1.170679e-02
9.300000e-02 9.564516e-03 1.095827e-02
9.400000e-02 8.896121e-03 1.022654e-02
9.500000e-02 8.245743e-03 9.511288e-03
9.600000e-02 7.613059e-03 8.812171e-03
9.700000e-02 6.997753e-03 8.128870e-03
9.800000e-02 6.399515e-03 7.461064e-03
9.900000e-02 5.818040e-03 6.808442e-03
1.000000e-01 5.253028e-03 6.170695e-03
1.010000e-01 4.704186e-03 5.547521e-03
1.020000e-01 4.171225e-03 4.938622e-03
1.030000e-01 3.653860e-03 4.343705e-03
1.040000e-01 3.151812e-03 3.762482e-03
1.050000e-01 2.664807e-03 3.194670e-03
1.060000e-01 2.192576e-03 2.639988e-03
1.070000e-01 1.734852e-03 2.098163e-03
1.080000e-01 1.291374e-03 1.568923e-03
1.090000e-01 8.618868e-04 1.052002e-03
1.100000e-01 4.461362e-04 5.471370e-04
1.110000e-01 4.387387e-05 5.406834e-05
1.120000e-01 3.451449e-04 4.274511e-04
1.130000e-01 7.211610e-04 8.976220e-04
1.140000e-01 1.084412e-03 1.356626e-03
1.150000e-01 1.435131e-03 1.804642e-03
1.160000e-01 1.773548e-03 2.241845e-03
1.170000e-01 2.099891e-03 2.668407e-03
1.180000e-01 2.414381e-03 3.084497e-03
1.190000e-01 2.717240e-03 3.490280e-03
1.200000e-01 3.008683e-03 3.885919e-03
1.210000e-01 3.288925e-03 4.271575e-03
1.220000e-01 3.558175e-03 4.647404e-03
1.230000e-01 3.816642e-03 5.013561e-03
1.240000e-01 4.064530e-03 5.370196e-03
1.250000e-01 4.302040e-03 5.717460e-03
1.260000e-01 4.529371e-03 6.055499e-03
1.270000e-01 4.746720e-03 6.384456e-03
1.280000e-01 4.954279e-03 6.704474e-03
1.290000e-01 5.152239e-03 7.015691e-03
1.300000e-01 5.340789e-03 7.318245e-03
1.310000e-01 5.520114e-03 7.612270e-03
1.320000e-01 5.690397e-03 7.897898e-03
1.330000e-01 5.851818e-03 8.175260e-03
1.340000e-01 6.004557e-03 8.444485e-03
1.350000e-01 6.148788e-03 8.705698e-03
1.360000e-01 6.284685e-03 8.959024e-03
1.370000e-01 6.412421e-03 9.204585e-03
1.380000e-01 6.532162e-03 9.442502e-03
1.390000e-01 6.644078e-03 9.672893e-03
1.400000e-01 6.748332e-03 9.895874e-03
1.410000e-01 6.845087e-03 1.011156e-02
1.420000e-01 6.934503e-03 1.032007e-02
1.430000e-01 7.016740e-03 1.052151e-02
1.440000e-01 7.091954e-03 1.071598e-02
1.450000e-01 7.160298e-03 1.090361e-02
1.460000e-01 7.221927e-03 1.108449e-02
1.470000e-01 7.276990e-03 1.125874e-02
1.480000e-01 7.325637e-03 1.142645e-02
1.490000e-01 7.368015e-03 1.158772e-02
1.500000e-01 7.404268e-03 1.174267e-02
1.510000e-01 7.434540e-03 1.189138e-02
1.520000e-01 7.458973e-03 1.203396e-02
1.530000e-01 7.477707e-03 1.217050e-02
1.540000e-01 7.490880e-03 1.230110e-02
1.550000e-01 7.498628e-03 1.242584e-02
1.560000e-01 7.501086e-03 1.254484e-02
1.570000e-01 7.498388e-03 1.265817e-02
1.580000e-01 7.490665e-03 1.276593e-02
1.590000e-01 7.478046e-03 1.286820e-02
1.600000e-01 7.460662e-03 1.296507e-02
1.610000e-01 7.438637e-03 1.305664e-02
1.620000e-01 7.412098e-03 1.314299e-02
1.630000e-01 7.381169e-03 1.322419e-02
1.640000e-01 7.345971e-03 1.330034e-02
1.650000e-01 7.306626e-03 1.337152e-02
1.660000e-01 7.263253e-03 1.343781e-02
1.670000e-01 7.215969e-03 1.349929e-02
1.680000e-01 7.164892e-03 1.355603e-02
1.690000e-01 7.110136e-03 1.360813e-02
1.700000e-01 7.051815e-03 1.365565e-02
1.710000e-01 6.990041e-03 1.369868e-02
1.720000e-01 6.924926e-03 1.373728e-02
1.730000e-01 6.856578e-03 1.377154e-02
1.740000e-01 6.785106e-03 1.380152e-02
1.750000e-01 6.710617e-03 1.382731e-02
1.760000e-01 6.633217e-03 1.384897e-02
1.770000e-01 6.553009e-03 1.386657e-02
1.780000e-01 6.470097e-03 1.388019e-02
1.790000e-01 6.384583e-03 1.388990e-02
1.800000e-01 6.296566e-03 1.389576e-02
1.810000e-01 6.206147e-03 1.389785e-02
1.820000e-01 6.113423e-03 1.389622e-02
1.830000e-01 6.018491e-03 1.389096e-02
1.840000e-01 5.921446e-03 1.388212e-02
1.850000e-01 5.822383e-03 1.386977e-02
1.860000e-01 5.721394e-03 1.385397e-02
1.870000e-01 5.618573e-03 1.383480e-02
1.880000e-01 5.514009e-03 1.381230e-02
1.890000e-01 5.407792e-03 1.378656e-02
1.900000e-01 5.300011e-03 1.375762e-02
1.910000e-01 5.190752e-03 1.372555e-02
1.920000e-01 5.080103e-03 1.369041e-02
1.930000e-01 4.968147e-03 1.365226e-02
1.940000e-01 4.854970e-03 1.361116e-02
1.950000e-01 4.740653e-03 1.356717e-02
1.960000e-01 4.625278e-03 1.352035e-02
1.970000e-01 4.508926e-03 1.347075e-02
1.980000e-01 4.391677e-03 1.341844e-02
1.990000e-01 4.273608e-03 1.336347e-02
2.000000e-01 4.154797e-03 1.330590e-02
2.010000e-01 4.035321e-03 1.324578e-02
2.020000e-01 3.915253e-03 1.318316e-02
2.030000e-01 3.794669e-03 1.311811e-02
2.040000e-01 3.673642e-03 1.305068e-02
2.050000e-01 3.552243e-03 1.298092e-02
2.060000e-01 3.430544e-03 1.290888e-02
2.070000e-01 3.308615e-03 1.283461e-02
2.080000e-01 3.186523e-03 1.275818e-02
2.090000e-01 3.064338e-03 1.267963e-02
2.100000e-01 2.942126e-03 1.259901e-02
2.110000e-01 2.819954e-03 1.251637e-02
2.120000e-01 2.697885e-03 1.243177e-02
2.130000e-01 2.575984e-03 1.234525e-02
2.140000e-01 2.454313e-03 1.225687e-02
2.150000e-01 2.332935e-03 1.216667e-02
2.160000e-01 2.211911e-03 1.207470e-02
2.170000e-01 2.091300e-03 1.198101e-02
2.180000e-01 1.971162e-03 1.188565e-02
2.190000e-01 1.851554e-03 1.178866e-02
2.200000e-01 1.732534e-03 1.169010e-02
2.210000e-01 1.614157e-03 1.159000e-02
2.220000e-01 1.496479e-03 1.148843e-02
2.230000e-01 1.379553e-03 1.138541e-02
2.240000e-01 1.263434e-03 1.128101e-02
2.250000e-01 1.148174e-03 1.117525e-02
2.260000e-01 1.033823e-03 1.106820e-02
2.270000e-01 9.204331e-04 1.095989e-02
2.280000e-01 8.080528e-04 1.085036e-02
2.290000e-01 6.967310e-04 1.073967e-02
2.300000e-01 5.865154e-04 1.062785e-02
2.310000e-01 4.774528e-04 1.051495e-02
2.320000e-01 3.695890e-04 1.040102e-02
2.330000e-01 2.629692e-04 1.028608e-02
2.340000e-01 1.576373e-04 1.017020e-02
2.350000e-01 5.363655e-05 1.005340e-02
2.360000e-01 4.899074e-05 9.935728e-03
2.370000e-01 1.502032e-04 9.817231e-03
2.380000e-01 2.499602e-04 9.697947e-03
2.390000e-01 3.482222e-04 9.577917e-03
2.400000e-01 4.449504e-04 9.457180e-03
2.410000e-01 5.401068e-04 9.335779e-03
2.420000e-01 6.336545e-04 9.213752e-03
2.430000e-01 7.255572e-04 9.091139e-03
2.440000e-01 8.157797e-04 8.967980e-03
2.450000e-01 9.042874e-04 8.844313e-03
2.460000e-01 9.910468e-04 8.720179e-03
2.470000e-01 1.076025e-03 8.595615e-03
2.480000e-01 1.159190e-03 8.470660e-03
2.490000e-01 1.240511e-03 8.345353e-03
2.500000e-01 1.319958e-03 8.219730e-03
2.510000e-01 1.397501e-03 8.093830e-03
2.520000e-01 1.473112e-03 7.967690e-03
2.530000e-01 1.546763e-03 7.841347e-03
2.540000e-01 1.618426e-03 7.714839e-03
2.550000e-01 1.688077e-03 7.588201e-03
2.560000e-01 1.755689e-03 7.461471e-03
2.570000e-01 1.821238e-03 7.334685e-03
2.580000e-01 1.884701e-03 7.207878e-03
2.590000e-01 1.946054e-03 7.081087e-03
2.600000e-01 2.005276e-03 6.954348e-03
2.610000e-01 2.062345e-03 6.827694e-03
2.620000e-01 2.117241e-03 6.701163e-03
2.630000e-01 2.169944e-03 6.574788e-03
2.640000e-01 2.220435e-03 6.448604e-03
2.650000e-01 2.268696e-03 6.322647e-03
2.660000e-01 2.314710e-03 6.196949e-03
2.670000e-01 2.358460e-03 6.071547e-03
2.680000e-01 2.399930e-03 5.946472e-03
2.690000e-01 2.439106e-03 5.821760e-03
2.700000e-01 2.475973e-03 5.697444e-03
2.710000e-01 2.510517e-03 5.573557e-03
2.720000e-01 2.542727e-03 5.450132e-03
2.730000e-01 2.572589e-03 5.327203e-03
2.740000e-01 2.600093e-03 5.204801e-03
2.750000e-01 2.625228e-03 5.082961e-03
2.760000e-01 2.647985e-03 4.961714e-03
2.770000e-01 2.668354e-03 4.841093e-03
2.780000e-01 2.686327e-03 4.721129e-03
2.790000e-01 2.701897e-03 4.601855e-03
2.800000e-01 2.715056e-03 4.483303e-03
2.810000e-01 2.725800e-03 4.365504e-03
2.820000e-01 2.734122e-03 4.248489e-03
2.830000e-01 2.740017e-03 4.132290e-03
2.840000e-01 2.743483e-03 4.016939e-03
2.850000e-01 2.744515e-03 3.902465e-03
2.860000e-01 2.743111e-03 3.788901e-03
2.870000e-01 2.739269e-03 3.676275e-03
2.880000e-01 2.732989e-03 3.564620e-03
2.890000e-01 2.724269e-03 3.453966e-03
2.900000e-01 2.713111e-03 3.344341e-03
2.910000e-01 2.699514e-03 3.235778e-03
2.920000e-01 2.683481e-03 3.128305e-03
2.930000e-01 2.665014e-03 3.021953e-03
2.940000e-01 2.644116e-03 2.916751e-03
2.950000e-01 2.620790e-03 2.812728e-03
2.960000e-01 2.595041e-03 2.709914e-03
2.970000e-01 2.566875e-03 2.608338e-03
2.980000e-01 2.536295e-03 2.508030e-03
2.990000e-01 2.503310e-03 2.409017e-03
3.000000e-01 2.467925e-03 2.311330e-03
3.010000e-01 2.430148e-03 2.214996e-03
3.020000e-01 2.389988e-03 2.120045e-03
3.030000e-01 2.347454e-03 2.026504e-03
3.040000e-01 2.302554e-03 1.934402e-03
3.050000e-01 2.255299e-03 1.843767e-03
3.060000e-01 2.205700e-03 1.754628e-03
3.070000e-01 2.153769e-03 1.667011e-03
3.080000e-01 2.099516e-03 1.580946e-03
3.090000e-01 2.042955e-03 1.496459e-03
3.100000e-01 1.984099e-03 1.413578e-03
3.110000e-01 1.922961e-03 1.332331e-03
3.120000e-01 1.859557e-03 1.252745e-03
3.130000e-01 1.793900e-03 1.174847e-03
3.140000e-01 1.726008e-03 1.098665e-03
3.150000e-01 1.655895e-03 1.024224e-03
3.160000e-01 1.583578e-03 9.515533e-04
3.170000e-01 1.509075e-03 8.806782e-04
3.180000e-01 1.432404e-03 8.116258e-04
3.190000e-01 1.353583e-03 7.444225e-04
3.200000e-01 1.272631e-03 6.790948e-04
3.210000e-01 1.189567e-03 6.156692e-04
3.220000e-01 1.104413e-03 5.541717e-04
3.230000e-01 1.017187e-03 4.946287e-04
3.240000e-01 9.279122e-04 4.370660e-04
3.250000e-01 8.366095e-04 3.815096e-04
3.260000e-01 7.433012e-04 3.279854e-04
3.270000e-01 6.480100e-04 2.765191e-04
3.280000e-01 5.507594e-04 2.271363e-04
3.290000e-01 4.515730e-04 1.798626e-04
3.300000e-01 3.504752e-04 1.347234e-04
3.310000e-01 2.474908e-04 9.174406e-05
3.320000e-01 1.426451e-04 5.094981e-05
3.330000e-01 3.596379e-05 1.236582e-05
3.340000e-01 7.252672e-05 2.398516e-05
3.350000e-01 1.827997e-04 5.810756e-05
3.360000e-01 2.948279e-04 9.002333e-05
3.370000e-01 4.085836e-04 1.197548e-04
3.380000e-01 5.240387e-04 1.473244e-04
3.390000e-01 6.411645e-04 1.727547e-04
3.400000e-01 7.599318e-04 1.960683e-04
3.410000e-01 8.803112e-04 2.172878e-04
3.420000e-01 1.002273e-03 2.364361e-04
3.430000e-01 1.125786e-03 2.535359e-04
3.440000e-01 1.250820e-03 2.686104e-04
3.450000e-01 1.377343e-03 2.816824e-04
3.460000e-01 1.505324e-03 2.927751e-04
3.470000e-01 1.634731e-03 3.019117e-04
3.480000e-01 1.765530e-03 3.091154e-04
3.490000e-01 1.897690e-03 3.144097e-04
3.500000e-01 2.031177e-03 3.178180e-04
3.510000e-01 2.165957e-03 3.193638e-04
3.520000e-01 2.301995e-03 3.190706e-04
3.530000e-01 2.439259e-03 3.169621e-04
3.540000e-01 2.577711e-03 3.130622e-04
3.550000e-01 2.717318e-03 3.073946e-04
3.560000e-01 2.858044e-03 2.999832e-04
3.570000e-01 2.999853e-03 2.908521e-04
3.580000e-01 3.142707e-03 2.800251e-04
3.590000e-01 3.286572e-03 2.675266e-04
3.600000e-01 3.431410e-03 2.533806e-04
3.610000e-01 3.577182e-03 2.376114e-04
3.620000e-01 3.723853e-03 2.202435e-04
3.630000e-01 3.871383e-03 2.013011e-04
3.640000e-01 4.019735e-03 1.808088e-04
3.650000e-01 4.168870e-03 1.587912e-04
3.660000e-01 4.318749e-03 1.352728e-04
3.670000e-01 4.469332e-03 1.102783e-04
3.680000e-01 4.620581e-03 8.383252e-05
3.690000e-01 4.772456e-03 5.596028e-05
3.700000e-01 4.924915e-03 2.668646e-05
3.710000e-01 5.077921e-03 3.963973e-06
3.720000e-01 5.231430e-03 3.596600e-05
3.730000e-01 5.385404e-03 6.929452e-05
3.740000e-01 5.539800e-03 1.039244e-04
3.750000e-01 5.694578e-03 1.398304e-04
3.760000e-01 5.849695e-03 1.769872e-04
3.770000e-01 6.005111e-03 2.153694e-04
3.780000e-01 6.160782e-03 2.549518e-04
3.790000e-01 6.316668e-03 2.957088e-04
3.800000e-01 6.472725e-03 3.376148e-04
3.810000e-01 6.628910e-03 3.806442e-04
3.820000e-01 6.785182e-03 4.247715e-04
3.830000e-01 6.941496e-03 4.699708e-04
3.840000e-01 7.097811e-03 5.162164e-04
3.850000e-01 7.254081e-03 5.634825e-04
3.860000e-01 7.410265e-03 6.117431e-04
3.870000e-01 7.566318e-03 6.609723e-04
3.880000e-01 7.722196e-03 7.111440e-04
3.890000e-01 7.877855e-03 7.622323e-04
3.900000e-01 8.033251e-03 8.142109e-04
3.910000e-01 8.188341e-03 8.670537e-04
3.920000e-01 8.343079e-03 9.207344e-04
3.930000e-01 8.497421e-03 9.752267e-04
3.940000e-01 8.651322e-03 1.030504e-03
3.950000e-01 8.804738e-03 1.086541e-03
3.960000e-01 8.957624e-03 1.143309e-03
3.970000e-01 9.109935e-03 1.200784e-03
3.980000e-01 9.261626e-03 1.258938e-03
3.990000e-01 9.412652e-03 1.317744e-03
4.000000e-01 9.562967e-03 1.377176e-03
4.010000e-01 9.712527e-03 1.437208e-03
4.020000e-01 9.861287e-03 1.497812e-03
4.030000e-01 1.000920e-02 1.558961e-03
4.040000e-01 1.015622e-02 1.620629e-03
4.050000e-01 1.030231e-02 1.682789e-03
4.060000e-01 1.044741e-02 1.745413e-03
4.070000e-01 1.059149e-02 1.808475e-03
4.080000e-01 1.073449e-02 1.871948e-03
4.090000e-01 1.087638e-02 1.935803e-03
4.100000e-01 1.101710e-02 2.000015e-03
4.110000e-01 1.115661e-02 2.064556e-03
4.120000e-01 1.129487e-02 2.129398e-03
4.130000e-01 1.143183e-02 2.194514e-03
4.140000e-01 1.156745e-02 2.259878e-03
4.150000e-01 1.170167e-02 2.325460e-03
4.160000e-01 1.183446e-02 2.391234e-03
4.170000e-01 1.196577e-02 2.457173e-03
4.180000e-01 1.209555e-02 2.523248e-03
4.190000e-01 1.222377e-02 2.589432e-03
4.200000e-01 1.235036e-02 2.655697e-03
4.210000e-01 1.247530e-02 2.722016e-03
4.220000e-01 1.259854e-02 2.788360e-03
4.230000e-01 1.272002e-02 2.854702e-03
4.240000e-01 1.283971e-02 2.921015e-03
4.250000e-01 1.295756e-02 2.987269e-03
4.260000e-01 1.307353e-02 3.053437e-03
4.270000e-01 1.318757e-02 3.119491e-03
4.280000e-01 1.329965e-02 3.185403e-03
4.290000e-01 1.340971e-02 3.251145e-03
4.300000e-01 1.351771e-02 3.316689e-03
4.310000e-01 1.362361e-02 3.382006e-03
4.320000e-01 1.372736e-02 3.447068e-03
4.330000e-01 1.382893e-02 3.511847e-03
4.340000e-01 1.392827e-02 3.576315e-03
4.350000e-01 1.402534e-02 3.640442e-03
4.360000e-01 1.412009e-02 3.704201e-03
4.370000e-01 1.421248e-02 3.767564e-03
4.380000e-01 1.430247e-02 3.830501e-03
4.390000e-01 1.439002e-02 3.892984e-03
4.400000e-01 1.447509e-02 3.954984e-03
4.410000e-01 1.455763e-02 4.016473e-03
4.420000e-01 1.463761e-02 4.077423e-03
4.430000e-01 1.471498e-02 4.137803e-03
4.440000e-01 1.478971e-02 4.197587e-03
4.450000e-01 1.486175e-02 4.256744e-03
4.460000e-01 1.493106e-02 4.315245e-03
4.470000e-01 1.499761e-02 4.373063e-03
4.480000e-01 1.506135e-02 4.430168e-03
4.490000e-01 1.512224e-02 4.486530e-03
4.500000e-01 1.518025e-02 4.542122e-03
4.510000e-01 1.523534e-02 4.596914e-03
4.520000e-01 1.528747e-02 4.650876e-03
4.530000e-01 1.533661e-02 4.703979e-03
4.540000e-01 1.538271e-02 4.756195e-03
4.550000e-01 1.542574e-02 4.807495e-03
4.560000e-01 1.546566e-02 4.857848e-03
4.570000e-01 1.550243e-02 4.907225e-03
4.580000e-01 1.553603e-02 4.955598e-03
4.590000e-01 1.556641e-02 5.002936e-03
4.600000e-01 1.559354e-02 5.049210e-03
4.610000e-01 1.561738e-02 5.094391e-03
4.620000e-01 1.563791e-02 5.138450e-03
4.630000e-01 1.565508e-02 5.181356e-03
4.640000e-01 1.566886e-02 5.223080e-03
4.650000e-01 1.567923e-02 5.263592e-03
4.660000e-01 1.568615e-02 5.302863e-03
4.670000e-01 1.568958e-02 5.340863e-03
4.680000e-01 1.568949e-02 5.377562e-03
4.690000e-01 1.568587e-02 5.412931e-03
4.700000e-01 1.567866e-02 5.446939e-03
4.710000e-01 1.566785e-02 5.479556e-03
4.720000e-01 1.565340e-02 5.510753e-03
4.730000e-01 1.563529e-02 5.540500e-03
4.740000e-01 1.561348e-02 5.568766e-03
4.750000e-01 1.558795e-02 5.595523e-03
4.760000e-01 1.555867e-02 5.620738e-03
4.770000e-01 1.552562e-02 5.644383e-03
4.780000e-01 1.548876e-02 5.666427e-03
4.790000e-01 1.544808e-02 5.686841e-03
4.800000e-01 1.540354e-02 5.705593e-03
4.810000e-01 1.535512e-02 5.722653e-03
4.820000e-01 1.530280e-02 5.737992e-03
4.830000e-01 1.524656e-02 5.751578e-03
4.840000e-01 1.518636e-02 5.763382e-03
4.850000e-01 1.512220e-02 5.773373e-03
4.860000e-01 1.505404e-02 5.781520e-03
4.870000e-01 1.498187e-02 5.787793e-03
4.880000e-01 1.490566e-02 5.792162e-03
4.890000e-01 1.482540e-02 5.794595e-03
4.900000e-01 1.474106e-02 5.795063e-03
4.910000e-01 1.465264e-02 5.793534e-03
4.920000e-01 1.456010e-02 5.789978e-03
4.930000e-01 1.446343e-02 5.784364e-03
4.940000e-01 1.436262e-02 5.776661e-03
4.950000e-01 1.425765e-02 5.766838e-03
4.960000e-01 1.414851e-02 5.754866e-03
4.970000e-01 1.403517e-02 5.740711e-03
4.980000e-01 1.391763e-02 5.724345e-03
4.990000e-01 1.379588e-02 5.705735e-03
5.000000e-01 1.366989e-02 5.684851e-03
5.010000e-01 1.353966e-02 5.661662e-03
5.020000e-01 1.340518e-02 5.636136e-03
5.030000e-01 1.326644e-02 5.608243e-03
5.040000e-01 1.312343e-02 5.577951e-03
5.050000e-01 1.297613e-02 5.545229e-03
5.060000e-01 1.282455e-02 5.510046e-03
5.070000e-01 1.266867e-02 5.472371e-03
5.080000e-01 1.250849e-02 5.432172e-03
5.090000e-01 1.234400e-02 5.389417e-03
5.100000e-01 1.217519e-02 5.344076e-03
5.110000e-01 1.200207e-02 5.296118e-03
5.120000e-01 1.182463e-02 5.245509e-03
5.130000e-01 1.164286e-02 5.192220e-03
5.140000e-01 1.145677e-02 5.136218e-03
5.150000e-01 1.126635e-02 5.077473e-03
5.160000e-01 1.107161e-02 5.015951e-03
5.170000e-01 1.087254e-02 4.951622e-03
5.180000e-01 1.066914e-02 4.884454e-03
5.190000e-01 1.046143e-02 4.814415e-03
5.200000e-01 1.024939e-02 4.741474e-03
5.210000e-01 1.003304e-02 4.665598e-03
5.220000e-01 9.812385e-03 4.586755e-03
5.230000e-01 9.587422e-03 4.504915e-03
5.240000e-01 9.358162e-03 4.420044e-03
5.250000e-01 9.124613e-03 4.332111e-03
5.260000e-01 8.886782e-03 4.241084e-03
5.270000e-01 8.644679e-03 4.146931e-03
5.280000e-01 8.398315e-03 4.049620e-03
5.290000e-01 8.147700e-03 3.949118e-03
5.300000e-01 7.892846e-03 3.845394e-03
5.310000e-01 7.633767e-03 3.738414e-03
5.320000e-01 7.370476e-03 3.628148e-03
5.330000e-01 7.102988e-03 3.514562e-03
5.340000e-01 6.831318e-03 3.397625e-03
5.350000e-01 6.555484e-03 3.277304e-03
5.360000e-01 6.275503e-03 3.153566e-03
5.370000e-01 5.991393e-03 3.026379e-03
5.380000e-01 5.703173e-03 2.895711e-03
5.390000e-01 5.410866e-03 2.761528e-03
5.400000e-01 5.114490e-03 2.623800e-03
5.410000e-01 4.814070e-03 2.482492e-03
5.420000e-01 4.509628e-03 2.337572e-03
5.430000e-01 4.201188e-03 2.189008e-03
5.440000e-01 3.888777e-03 2.036767e-03
5.450000e-01 3.572419e-03 1.880816e-03
5.460000e-01 3.252143e-03 1.721122e-03
5.470000e-01 2.927976e-03 1.557652e-03
5.480000e-01 2.599948e-03 1.390374e-03
5.490000e-01 2.268089e-03 1.219254e-03
5.500000e-01 1.932431e-03 1.044260e-03
5.510000e-01 1.593005e-03 8.653582e-04
5.520000e-01 1.249844e-03 6.825160e-04
5.530000e-01 9.029841e-04 4.957002e-04
5.540000e-01 5.524591e-04 3.048775e-04
5.550000e-01 1.983059e-04 1.100149e-04
5.560000e-01 1.594383e-04 8.891923e-05
5.570000e-01 5.207351e-04 2.919050e-04
5.580000e-01 8.855450e-04 4.988632e-04
5.590000e-01 1.253828e-03 7.097112e-04
5.600000e-01 1.625541e-03 9.243665e-04
5.610000e-01 2.000644e-03 1.142747e-03
5.620000e-01 2.379091e-03 1.364769e-03
5.630000e-01 2.760839e-03 1.590352e-03
5.640000e-01 3.145841e-03 1.819412e-03
5.650000e-01 3.534051e-03 2.051868e-03
5.660000e-01 3.925421e-03 2.287637e-03
5.670000e-01 4.319902e-03 2.526637e-03
5.680000e-01 4.717444e-03 2.768785e-03
5.690000e-01 5.117997e-03 3.014001e-03
5.700000e-01 5.521507e-03 3.262201e-03
5.710000e-01 5.927923e-03 3.513303e-03
5.720000e-01 6.337188e-03 3.767226e-03
5.730000e-01 6.749249e-03 4.023888e-03
5.740000e-01 7.164049e-03 4.283206e-03
5.750000e-01 7.581531e-03 4.545100e-03
5.760000e-01 8.001635e-03 4.809487e-03
5.770000e-01 8.424302e-03 5.076285e-03
5.780000e-01 8.849471e-03 5.345412e-03
5.790000e-01 9.277081e-03 5.616788e-03
5.800000e-01 9.707069e-03 5.890330e-03
5.810000e-01 1.013937e-02 6.165957e-03
5.820000e-01 1.057392e-02 6.443587e-03
5.830000e-01 1.101065e-02 6.723139e-03
5.840000e-01 1.144950e-02 7.004532e-03
5.850000e-01 1.189039e-02 7.287683e-03
5.860000e-01 1.233327e-02 7.572513e-03
5.870000e-01 1.277804e-02 7.858938e-03
5.880000e-01 1.322466e-02 8.146879e-03
5.890000e-01 1.367303e-02 8.436254e-03
5.900000e-01 1.412310e-02 8.726982e-03
5.910000e-01 1.457478e-02 9.018982e-03
5.920000e-01 1.502799e-02 9.312173e-03
5.930000e-01 1.548267e-02 9.606473e-03
5.940000e-01 1.593873e-02 9.901802e-03
5.950000e-01 1.639609e-02 1.019808e-02
5.960000e-01 1.685468e-02 1.049522e-02
5.970000e-01 1.731440e-02 1.079316e-02
5.980000e-01 1.777519e-02 1.109179e-02
5.990000e-01 1.823695e-02 1.139105e-02
6.000000e-01 1.869960e-02 1.169086e-02
6.010000e-01 1.916306e-02 1.199113e-02
6.020000e-01 1.962723e-02 1.229178e-02
6.030000e-01 2.009204e-02 1.259274e-02
6.040000e-01 2.055738e-02 1.289392e-02
6.050000e-01 2.102318e-02 1.319524e-02
6.060000e-01 2.148934e-02 1.349662e-02
6.070000e-01 2.195576e-02 1.379799e-02
6.080000e-01 2.242236e-02 1.409925e-02
6.090000e-01 2.288904e-02 1.440034e-02
6.100000e-01 2.335571e-02 1.470117e-02
6.110000e-01 2.382226e-02 1.500166e-02
6.120000e-01 2.428861e-02 1.530173e-02
6.130000e-01 2.475465e-02 1.560130e-02
6.140000e-01 2.522028e-02 1.590029e-02
6.150000e-01 2.568540e-02 1.619863e-02
6.160000e-01 2.614991e-02 1.649623e-02
6.170000e-01 2.661372e-02 1.679301e-02
6.180000e-01 2.707671e-02 1.708889e-02
6.190000e-01 2.753877e-02 1.738380e-02
6.200000e-01 2.799982e-02 1.767765e-02
6.210000e-01 2.845973e-02 1.797036e-02
6.220000e-01 2.891840e-02 1.826186e-02
6.230000e-01 2.937572e-02 1.855206e-02
6.240000e-01 2.983158e-02 1.884089e-02
6.250000e-01 3.028587e-02 1.912827e-02
6.260000e-01 3.073849e-02 1.941412e-02
6.270000e-01 3.118931e-02 1.969835e-02
6.280000e-01 3.163822e-02 1.998090e-02
6.290000e-01 3.208511e-02 2.026167e-02
6.300000e-01 3.252987e-02 2.054060e-02
6.310000e-01 3.297237e-02 2.081760e-02
6.320000e-01 3.341250e-02 2.109260e-02
6.330000e-01 3.385014e-02 2.136551e-02
6.340000e-01 3.428518e-02 2.163626e-02
6.350000e-01 3.471748e-02 2.190477e-02
6.360000e-01 3.514694e-02 2.217096e-02
6.370000e-01 3.557343e-02 2.243476e-02
6.380000e-01 3.599682e-02 2.269607e-02
6.390000e-01 3.641699e-02 2.295483e-02
6.400000e-01 3.683382e-02 2.321096e-02
6.410000e-01 3.724719e-02 2.346438e-02
6.420000e-01 3.765696e-02 2.371501e-02
6.430000e-01 3.806301e-02 2.396277e-02
6.440000e-01 3.846521e-02 2.420759e-02
6.450000e-01 3.886343e-02 2.444938e-02
6.460000e-01 3.925755e-02 2.468808e-02
6.470000e-01 3.964743e-02 2.492360e-02
6.480000e-01 4.003294e-02 2.515586e-02
6.490000e-01 4.041395e-02 2.538479e-02
6.500000e-01 4.079032e-02 2.561031e-02
6.510000e-01 4.116193e-02 2.583234e-02
6.520000e-01 4.152864e-02 2.605080e-02
6.530000e-01 4.189031e-02 2.626563e-02
6.540000e-01 4.224681e-02 2.647673e-02
6.550000e-01 4.259800e-02 2.668404e-02
6.560000e-01 4.294375e-02 2.688748e-02
6.570000e-01 4.328391e-02 2.708696e-02
6.580000e-01 4.361835e-02 2.728242e-02
6.590000e-01 4.394693e-02 2.747377e-02
6.600000e-01 4.426952e-02 2.766094e-02
6.610000e-01 4.458596e-02 2.784386e-02
6.620000e-01 4.489612e-02 2.802244e-02
6.630000e-01 4.519986e-02 2.819662e-02
6.640000e-01 4.549703e-02 2.836631e-02
6.650000e-01 4.578750e-02 2.853143e-02
6.660000e-01 4.607111e-02 2.869192e-02
6.670000e-01 4.634774e-02 2.884769e-02
6.680000e-01 4.661722e-02 2.899867e-02
6.690000e-01 4.687942e-02 2.914479e-02
6.700000e-01 4.713419e-02 2.928596e-02
6.710000e-01 4.738139e-02 2.942212e-02
6.720000e-01 4.762086e-02 2.955319e-02
6.730000e-01 4.785247e-02 2.967908e-02
6.740000e-01 4.807607e-02 2.979973e-02
6.750000e-01 4.829150e-02 2.991507e-02
6.760000e-01 4.849862e-02 3.002500e-02
6.770000e-01 4.869729e-02 3.012947e-02
6.780000e-01 4.888735e-02 3.022840e-02
6.790000e-01 4.906866e-02 3.032170e-02
6.800000e-01 4.924106e-02 3.040931e-02
6.810000e-01 4.940441e-02 3.049116e-02
6.820000e-01 4.955856e-02 3.056716e-02
6.830000e-01 4.970335e-02 3.063724e-02
6.840000e-01 4.983864e-02 3.070133e-02
6.850000e-01 4.996428e-02 3.075935e-02
6.860000e-01 5.008011e-02 3.081124e-02
6.870000e-01 5.018599e-02 3.085691e-02
6.880000e-01 5.028176e-02 3.089629e-02
6.890000e-01 5.036728e-02 3.092931e-02
6.900000e-01 5.044239e-02 3.095589e-02
6.910000e-01 5.050694e-02 3.097597e-02
6.920000e-01 5.056078e-02 3.098946e-02
6.930000e-01 5.060376e-02 3.099629e-02
6.940000e-01 5.063573e-02 3.099640e-02
6.950000e-01 5.065654e-02 3.098971e-02
6.960000e-01 5.066603e-02 3.097613e-02
6.970000e-01 5.066406e-02 3.095562e-02
6.980000e-01 5.065047e-02 3.092808e-02
6.990000e-01 5.062511e-02 3.089344e-02
7.000000e-01 5.058784e-02 3.085164e-02
7.010000e-01 5.053850e-02 3.080260e-02
7.020000e-01 5.047694e-02 3.074626e-02
7.030000e-01 5.040301e-02 3.068253e-02
7.040000e-01 5.031657e-02 3.061134e-02
7.050000e-01 5.021746e-02 3.053263e-02
7.060000e-01 5.010553e-02 3.044632e-02
7.070000e-01 4.998064e-02 3.035234e-02
7.080000e-01 4.984263e-02 3.025062e-02
7.090000e-01 4.969137e-02 3.014109e-02
7.100000e-01 4.952669e-02 3.002367e-02
7.110000e-01 4.934846e-02 2.989830e-02
7.120000e-01 4.915652e-02 2.976491e-02
7.130000e-01 4.895073e-02 2.962342e-02
7.140000e-01 4.873096e-02 2.947376e-02
7.150000e-01 4.849704e-02 2.931587e-02
7.160000e-01 4.824883e-02 2.914967e-02
7.170000e-01 4.798620e-02 2.897509e-02
7.180000e-01 4.770900e-02 2.879207e-02
7.190000e-01 4.741709e-02 2.860052e-02
7.200000e-01 4.711032e-02 2.840040e-02
7.210000e-01 4.678856e-02 2.819161e-02
7.220000e-01 4.645166e-02 2.797411e-02
7.230000e-01 4.609949e-02 2.774780e-02
7.240000e-01 4.573190e-02 2.751264e-02
7.250000e-01 4.534877e-02 2.726854e-02
7.260000e-01 4.494995e-02 2.701544e-02
7.270000e-01 4.453530e-02 2.675328e-02
7.280000e-01 4.410471e-02 2.648198e-02
7.290000e-01 4.365802e-02 2.620147e-02
7.300000e-01 4.319511e-02 2.591169e-02
7.310000e-01 4.271585e-02 2.561256e-02
7.320000e-01 4.222011e-02 2.530403e-02
7.330000e-01 4.170776e-02 2.498603e-02
7.340000e-01 4.117867e-02 2.465848e-02
7.350000e-01 4.063271e-02 2.432132e-02
7.360000e-01 4.006977e-02 2.397449e-02
7.370000e-01 3.948972e-02 2.361791e-02
7.380000e-01 3.889243e-02 2.325152e-02
7.390000e-01 3.827779e-02 2.287526e-02
7.400000e-01 3.764568e-02 2.248906e-02
7.410000e-01 3.699597e-02 2.209285e-02
7.420000e-01 3.632856e-02 2.168656e-02
7.430000e-01 3.564333e-02 2.127014e-02
7.440000e-01 3.494017e-02 2.084352e-02
7.450000e-01 3.421897e-02 2.040663e-02
7.460000e-01 3.347961e-02 1.995940e-02
7.470000e-01 3.272199e-02 1.950178e-02
7.480000e-01 3.194601e-02 1.903370e-02
7.490000e-01 3.115156e-02 1.855509e-02
7.500000e-01 3.033854e-02 1.806589e-02
7.510000e-01 2.950686e-02 1.756605e-02
7.520000e-01 2.865641e-02 1.705548e-02
7.530000e-01 2.778709e-02 1.653414e-02
7.540000e-01 2.689883e-02 1.600196e-02
7.550000e-01 2.599151e-02 1.545887e-02
7.560000e-01 2.506507e-02 1.490482e-02
7.570000e-01 2.411940e-02 1.433973e-02
7.580000e-01 2.315443e-02 1.376356e-02
7.590000e-01 2.217008e-02 1.317624e-02
7.600000e-01 2.116626e-02 1.257771e-02
7.610000e-01 2.014290e-02 1.196790e-02
7.620000e-01 1.909992e-02 1.134676e-02
7.630000e-01 1.803726e-02 1.071423e-02
7.640000e-01 1.695484e-02 1.007024e-02
7.650000e-01 1.585260e-02 9.414738e-03
7.660000e-01 1.473048e-02 8.747663e-03
7.670000e-01 1.358841e-02 8.068955e-03
7.680000e-01 1.242634e-02 7.378556e-03
7.690000e-01 1.124421e-02 6.676408e-03
7.700000e-01 1.004197e-02 5.962451e-03
7.710000e-01 8.819574e-03 5.236629e-03
7.720000e-01 7.576976e-03 4.498883e-03
7.730000e-01 6.314132e-03 3.749156e-03
7.740000e-01 5.031005e-03 2.987392e-03
7.750000e-01 3.727558e-03 2.213533e-03
7.760000e-01 2.403759e-03 1.427524e-03
7.770000e-01 1.059580e-03 6.293087e-04
7.780000e-01 3.050059e-04 1.811681e-04
7.790000e-01 1.690019e-03 1.003890e-03
7.800000e-01 3.095479e-03 1.838693e-03
7.810000e-01 4.521399e-03 2.685392e-03
7.820000e-01 5.967791e-03 3.543803e-03
7.830000e-01 7.434661e-03 4.413742e-03
7.840000e-01 8.922012e-03 5.295023e-03
7.850000e-01 1.042984e-02 6.187461e-03
7.860000e-01 1.195815e-02 7.090869e-03
7.870000e-01 1.350692e-02 8.005062e-03
7.880000e-01 1.507615e-02 8.929852e-03
7.890000e-01 1.666581e-02 9.865053e-03
7.900000e-01 1.827589e-02 1.081048e-02
7.910000e-01 1.990636e-02 1.176594e-02
7.920000e-01 2.155718e-02 1.273124e-02
7.930000e-01 2.322833e-02 1.370620e-02
7.940000e-01 2.491976e-02 1.469064e-02
7.950000e-01 2.663143e-02 1.568434e-02
7.960000e-01 2.836329e-02 1.668714e-02
7.970000e-01 3.011528e-02 1.769884e-02
7.980000e-01 3.188736e-02 1.871924e-02
7.990000e-01 3.367944e-02 1.974815e-02
8.000000e-01 3.549148e-02 2.078539e-02
8.010000e-01 3.732338e-02 2.183075e-02
8.020000e-01 3.917508e-02 2.288405e-02
8.030000e-01 4.104648e-02 2.394509e-02
8.040000e-01 4.293751e-02 2.501368e-02
8.050000e-01 4.484806e-02 2.608963e-02
8.060000e-01 4.677803e-02 2.717272e-02
8.070000e-01 4.872732e-02 2.826278e-02
8.080000e-01 5.069581e-02 2.935961e-02
8.090000e-01 5.268340e-02 3.046300e-02
8.100000e-01 5.468994e-02 3.157276e-02
8.110000e-01 5.671532e-02 3.268869e-02
8.120000e-01 5.875940e-02 3.381059e-02
8.130000e-01 6.082204e-02 3.493826e-02
8.140000e-01 6.290309e-02 3.607151e-02
8.150000e-01 6.500239e-02 3.721012e-02
8.160000e-01 6.711978e-02 3.835390e-02
8.170000e-01 6.925511e-02 3.950265e-02
8.180000e-01 7.140819e-02 4.065617e-02
8.190000e-01 7.357884e-02 4.181424e-02
8.200000e-01 7.576688e-02 4.297666e-02
8.210000e-01 7.797212e-02 4.414324e-02
8.220000e-01 8.019434e-02 4.531376e-02
8.230000e-01 8.243335e-02 4.648802e-02
8.240000e-01 8.468893e-02 4.766580e-02
8.250000e-01 8.696086e-02 4.884691e-02
8.260000e-01 8.924890e-02 5.003113e-02
8.270000e-01 9.155282e-02 5.121825e-02
8.280000e-01 9.387238e-02 5.240806e-02
8.290000e-01 9.620732e-02 5.360035e-02
8.300000e-01 9.855738e-02 5.479491e-02
8.310000e-01 1.009223e-01 5.599152e-02
8.320000e-01 1.033018e-01 5.718997e-02
8.330000e-01 1.056956e-01 5.839005e-02
8.340000e-01 1.081034e-01 5.959153e-02
8.350000e-01 1.105249e-01 6.079420e-02
8.360000e-01 1.129598e-01 6.199785e-02
8.370000e-01 1.154077e-01 6.320225e-02
8.380000e-01 1.178684e-01 6.440718e-02
8.390000e-01 1.203415e-01 6.561243e-02
8.400000e-01 1.228267e-01 6.681776e-02
8.410000e-01 1.253236e-01 6.802296e-02
8.420000e-01 1.278319e-01 6.922780e-02
8.430000e-01 1.303511e-01 7.043206e-02
8.440000e-01 1.328810e-01 7.163551e-02
8.450000e-01 1.354210e-01 7.283792e-02
8.460000e-01 1.379709e-01 7.403907e-02
8.470000e-01 1.405302e-01 7.523871e-02
8.480000e-01 1.430984e-01 7.643663e-02
8.490000e-01 1.456752e-01 7.763258e-02
8.500000e-01 1.482601e-01 7.882634e-02
8.510000e-01 1.508527e-01 8.001766e-02
8.520000e-01 1.534525e-01 8.120632e-02
8.530000e-01 1.560590e-01 8.239207e-02
8.540000e-01 1.586718e-01 8.357467e-02
8.550000e-01 1.612903e-01 8.475388e-02
8.560000e-01 1.639141e-01 8.592946e-02
8.570000e-01 1.665426e-01 8.710117e-02
8.580000e-01 1.691754e-01 8.826875e-02
8.590000e-01 1.718118e-01 8.943197e-02
8.600000e-01 1.744513e-01 9.059056e-02
8.610000e-01 1.770935e-01 9.174429e-02
8.620000e-01 1.797376e-01 9.289290e-02
8.630000e-01 1.823831e-01 9.403613e-02
8.640000e-01 1.850295e-01 9.517373e-02
8.650000e-01 1.876761e-01 9.630544e-02
8.660000e-01 1.903222e-01 9.743100e-02
8.670000e-01 1.929673e-01 9.855014e-02
8.680000e-01 1.956107e-01 9.966262e-02
8.690000e-01 1.982518e-01 1.007681e-01
8.700000e-01 2.008899e-01 1.018665e-01
8.710000e-01 2.035242e-01 1.029573e-01
8.720000e-01 2.061542e-01 1.040404e-01
8.730000e-01 2.087790e-01 1.051155e-01
8.740000e-01 2.113980e-01 1.061822e-01
8.750000e-01 2.140104e-01 1.072404e-01
8.760000e-01 2.166154e-01 1.082897e-01
8.770000e-01 2.192124e-01 1.093299e-01
8.780000e-01 2.218005e-01 1.103607e-01
8.790000e-01 2.243788e-01 1.113817e-01
8.800000e-01 2.269467e-01 1.123927e-01
8.810000e-01 2.295032e-01 1.133934e-01
8.820000e-01 2.320476e-01 1.143835e-01
8.830000e-01 2.345789e-01 1.153626e-01
8.840000e-01 2.370963e-01 1.163306e-01
8.850000e-01 2.395990e-01 1.172871e-01
8.860000e-01 2.420859e-01 1.182317e-01
8.870000e-01 2.445562e-01 1.191642e-01
8.880000e-01 2.470089e-01 1.200842e-01
8.890000e-01 2.494431e-01 1.209915e-01
8.900000e-01 2.518578e-01 1.218857e-01
8.910000e-01 2.542520e-01 1.227664e-01
8.920000e-01 2.566247e-01 1.236334e-01
8.930000e-01 2.589749e-01 1.244863e-01
8.940000e-01 2.613015e-01 1.253248e-01
8.950000e-01 2.636035e-01 1.261485e-01
8.960000e-01 2.658797e-01 1.269571e-01
8.970000e-01 2.681292e-01 1.277502e-01
8.980000e-01 2.703507e-01 1.285275e-01
8.990000e-01 2.725432e-01 1.292886e-01
9.000000e-01 2.747054e-01 1.300332e-01
9.010000e-01 2.768362e-01 1.307609e-01
9.020000e-01 2.789344e-01 1.314713e-01
9.030000e-01 2.809988e-01 1.321640e-01
9.040000e-01 2.830281e-01 1.328387e-01
9.050000e-01 2.850211e-01 1.334949e-01
9.060000e-01 2.869765e-01 1.341323e-01
9.070000e-01 2.888929e-01 1.347505e-01
9.080000e-01 2.907692e-01 1.353490e-01
9.090000e-01 2.926038e-01 1.359275e-01
9.100000e-01 2.943955e-01 1.364855e-01
9.110000e-01 2.961429e-01 1.370226e-01
9.120000e-01 2.978444e-01 1.375384e-01
9.130000e-01 2.994988e-01 1.380324e-01
9.140000e-01 3.011045e-01 1.385042e-01
9.150000e-01 3.026600e-01 1.389533e-01
9.160000e-01 3.041638e-01 1.393792e-01
9.170000e-01 3.056144e-01 1.397816e-01
9.180000e-01 3.070102e-01 1.401599e-01
9.190000e-01 3.083496e-01 1.405135e-01
9.200000e-01 3.096310e-01 1.408422e-01
9.210000e-01 3.108527e-01 1.411452e-01
9.220000e-01 3.120131e-01 1.414222e-01
9.230000e-01 3.131105e-01 1.416725e-01
9.240000e-01 3.141431e-01 1.418957e-01
9.250000e-01 3.151091e-01 1.420911e-01
9.260000e-01 3.160068e-01 1.422584e-01
9.270000e-01 3.168343e-01 1.423968e-01
9.280000e-01 3.175899e-01 1.425058e-01
9.290000e-01 3.182715e-01 1.425847e-01
9.300000e-01 3.188773e-01 1.426331e-01
9.310000e-01 3.194053e-01 1.426503e-01
9.320000e-01 3.198536e-01 1.426356e-01
9.330000e-01 3.202200e-01 1.425884e-01
9.340000e-01 3.205026e-01 1.425080e-01
9.350000e-01 3.206993e-01 1.423938e-01
9.360000e-01 3.208079e-01 1.422451e-01
9.370000e-01 3.208263e-01 1.420610e-01
9.380000e-01 3.207522e-01 1.418410e-01
9.390000e-01 3.205834e-01 1.415843e-01
9.400000e-01 3.203176e-01 1.412901e-01
9.410000e-01 3.199525e-01 1.409576e-01
9.420000e-01 3.194857e-01 1.405860e-01
9.430000e-01 3.189148e-01 1.401744e-01
9.440000e-01 3.182374e-01 1.397221e-01
9.450000e-01 3.174508e-01 1.392281e-01
9.460000e-01 3.165526e-01 1.386916e-01
9.470000e-01 3.155401e-01 1.381116e-01
9.480000e-01 3.144108e-01 1.374871e-01
9.490000e-01 3.131618e-01 1.368172e-01
9.500000e-01 3.117904e-01 1.361008e-01
9.510000e-01 3.102939e-01 1.353370e-01
9.520000e-01 3.086692e-01 1.345245e-01
9.530000e-01 3.069136e-01 1.336624e-01
9.540000e-01 3.050239e-01 1.327494e-01
9.550000e-01 3.029972e-01 1.317844e-01
9.560000e-01 3.008303e-01 1.307661e-01
9.570000e-01 2.985200e-01 1.296933e-01
9.580000e-01 2.960631e-01 1.285646e-01
9.590000e-01 2.934562e-01 1.273786e-01
9.600000e-01 2.906958e-01 1.261340e-01
9.610000e-01 2.877786e-01 1.248293e-01
9.620000e-01 2.847010e-01 1.234629e-01
9.630000e-01 2.814592e-01 1.220332e-01
9.640000e-01 2.780496e-01 1.205387e-01
9.650000e-01 2.744682e-01 1.189775e-01
9.660000e-01 2.707113e-01 1.173480e-01
9.670000e-01 2.667746e-01 1.156482e-01
9.680000e-01 2.626541e-01 1.138761e-01
9.690000e-01 2.583455e-01 1.120299e-01
9.700000e-01 2.538445e-01 1.101073e-01
9.710000e-01 2.491465e-01 1.081061e-01
9.720000e-01 2.442469e-01 1.060240e-01
9.730000e-01 2.391410e-01 1.038586e-01
9.740000e-01 2.338237e-01 1.016074e-01
9.750000e-01 2.282902e-01 9.926763e-02
9.760000e-01 2.225350e-01 9.683656e-02
9.770000e-01 2.165529e-01 9.431122e-02
9.780000e-01 2.103382e-01 9.168852e-02
9.790000e-01 2.038852e-01 8.896519e-02
9.800000e-01 1.971879e-01 8.613780e-02
9.810000e-01 1.902400e-01 8.320271e-02
9.820000e-01 1.830351e-01 8.015607e-02
9.830000e-01 1.755666e-01 7.699382e-02
9.840000e-01 1.678273e-01 7.371166e-02
9.850000e-01 1.598102e-01 7.030502e-02
9.860000e-01 1.515075e-01 6.676903e-02
9.870000e-01 1.429114e-01 6.309853e-02
9.880000e-01 1.340135e-01 5.928801e-02
9.890000e-01 1.248051e-01 5.533161e-02
9.900000e-01 1.152772e-01 5.122303e-02
9.910000e-01 1.054200e-01 4.695554e-02
9.920000e-01 9.522351e-02 4.252195e-02
9.930000e-01 8.467695e-02 3.791449e-02
9.940000e-01 7.376899e-02 3.312481e-02
9.950000e-01 6.248761e-02 2.814392e-02
9.960000e-01 5.082001e-02 2.296207e-02
9.970000e-01 3.875257e-02 1.756873e-02
9.980000e-01 2.627070e-02 1.195245e-02
9.990000e-01 1.335878e-02 6.100737e-03
