-1.000000e+00 0.000000e+00 0.000000e+00
-9.990000e-01 2.078338e-13 9.934645e-03
-9.980000e-01 4.409806e-12 1.936639e-02
-9.970000e-01 2.644107e-12 2.830468e-02
-9.960000e-01 2.888356e-12 3.675898e-02
-9.950000e-01 7.431389e-12 4.473874e-02
-9.940000e-01 2.927436e-12 5.225341e-02
-9.930000e-01 5.814016e-12 5.931244e-02
-9.920000e-01 2.001954e-12 6.592529e-02
-9.910000e-01 2.138112e-11 7.210139e-02
-9.900000e-01 6.759926e-12 7.785020e-02
-9.890000e-01 3.397282e-12 8.318116e-02
-9.880000e-01 1.648370e-11 8.810372e-02
-9.870000e-01 1.702016e-11 9.262731e-02
-9.860000e-01 1.661782e-12 9.676138e-02
-9.850000e-01 1.908074e-11 1.005154e-01
-9.840000e-01 6.816769e-12 1.038987e-01
-9.830000e-01 1.486189e-11 1.069208e-01
-9.820000e-01 1.351896e-11 1.095912e-01
-9.810000e-01 1.389999e-12 1.119192e-01
-9.800000e-01 5.345946e-12 1.139143e-01
-9.790000e-01 5.340617e-12 1.155859e-01
-9.780000e-01 6.036061e-12 1.169435e-01
-9.770000e-01 1.909761e-11 1.179965e-01
-9.760000e-01 1.251976e-11 1.187542e-01
-9.750000e-01 1.119993e-11 1.192262e-01
-9.740000e-01 7.887024e-13 1.194219e-01
-9.730000e-01 1.589662e-11 1.193506e-01
-9.720000e-01 7.513989e-13 1.190218e-01
-9.710000e-01 5.655920e-12 1.184450e-01
-9.700000e-01 9.287682e-12 1.176294e-01
-9.690000e-01 2.401634e-12 1.165847e-01
-9.680000e-01 1.883826e-11 1.153200e-01
-9.670000e-01 2.451372e-13 1.138450e-01
-9.660000e-01 2.762235e-12 1.121690e-01
-9.650000e-01 1.270806e-11 1.103013e-01
-9.640000e-01 1.007994e-11 1.082515e-01
-9.630000e-01 2.966516e-13 1.060289e-01
-9.620000e-01 6.381562e-12 1.036429e-01
-9.610000e-01 6.791900e-12 1.011030e-01
-9.600000e-01 4.773071e-12 9.841851e-02
-9.590000e-01 5.398348e-12 9.559886e-02
-9.580000e-01 4.302336e-12 9.265345e-02
-9.570000e-01 1.079759e-11 8.959167e-02
-9.560000e-01 7.321255e-12 8.642295e-02
-9.550000e-01 5.139000e-12 8.315665e-02
-9.540000e-01 8.363976e-12 7.980220e-02
-9.530000e-01 3.263168e-12 7.636897e-02
-9.520000e-01 1.365130e-12 7.286636e-02
-9.510000e-01 3.244516e-12 6.930377e-02
-9.500000e-01 5.001333e-12 6.569058e-02
-9.490000e-01 3.814726e-12 6.203619e-02
-9.480000e-01 4.783729e-12 5.834997e-02
-9.470000e-01 9.974244e-13 5.464132e-02
-9.460000e-01 5.657697e-13 5.091963e-02
-9.450000e-01 5.360157e-12 4.719426e-02
-9.440000e-01 7.993606e-13 4.347462e-02
-9.430000e-01 1.714184e-12 3.977007e-02
-9.420000e-01 1.157296e-12 3.609001e-02
-9.410000e-01 6.883383e-13 3.244379e-02
-9.400000e-01 7.194245e-13 2.884081e-02
-9.390000e-01 1.389111e-12 2.529044e-02
-9.380000e-01 1.520561e-12 2.180205e-02
-9.370000e-01 3.952394e-13 1.838501e-02
-9.360000e-01 3.499423e-13 1.504870e-02
-9.350000e-01 1.723066e-13 1.180249e-02
-9.340000e-01 1.962874e-13 8.655741e-03
-9.330000e-01 2.016165e-13 5.617823e-03
-9.320000e-01 1.119105e-13 2.698102e-03
-9.310000e-01 3.552714e-15 9.405576e-05
-9.300000e-01 4.973799e-14 2.751473e-03
-9.290000e-01 1.421085e-14 5.274848e-03
-9.280000e-01 2.700062e-13 7.666661e-03
-9.270000e-01 3.881340e-13 9.929389e-03
-9.260000e-01 4.041212e-13 1.206551e-02
-9.250000e-01 7.167600e-13 1.407751e-02
-9.240000e-01 4.352074e-13 1.596788e-02
-9.230000e-01 1.026734e-12 1.773908e-02
-9.220000e-01 5.826450e-13 1.939362e-02
-9.210000e-01 6.785683e-13 2.093398e-02
-9.200000e-01 6.750156e-13 2.236264e-02
-9.190000e-01 7.887024e-13 2.368210e-02
-9.180000e-01 2.176037e-13 2.489484e-02
-9.170000e-01 9.428014e-13 2.600336e-02
-9.160000e-01 2.389200e-13 2.701016e-02
-9.150000e-01 1.629807e-13 2.791772e-02
-9.140000e-01 4.569678e-13 2.872854e-02
-9.130000e-01 7.105427e-14 2.944513e-02
-9.120000e-01 9.019452e-13 3.006997e-02
-9.110000e-01 8.699708e-13 3.060558e-02
-9.100000e-01 7.287504e-13 3.105445e-02
-9.090000e-01 1.580958e-13 3.141908e-02
-9.080000e-01 1.282086e-12 3.170198e-02
-9.070000e-01 2.353673e-14 3.190565e-02
-9.060000e-01 2.411404e-13 3.203261e-02
-9.050000e-01 8.348877e-14 3.208535e-02
-9.040000e-01 1.520561e-12 3.206640e-02
-9.030000e-01 1.124434e-12 3.197825e-02
-9.020000e-01 4.809486e-13 3.182342e-02
-9.010000e-01 1.532108e-13 3.160442e-02
-9.000000e-01 7.354117e-13 3.132378e-02
-8.990000e-01 2.651213e-13 3.098400e-02
-8.980000e-01 6.670220e-13 3.058760e-02
-8.970000e-01 4.760636e-13 3.013710e-02
-8.960000e-01 3.868017e-13 2.963502e-02
-8.950000e-01 2.051692e-13 2.908388e-02
-8.940000e-01 2.677858e-13 2.848620e-02
-8.930000e-01 5.404566e-13 2.784451e-02
-8.920000e-01 4.942713e-13 2.716133e-02
-8.910000e-01 2.096101e-13 2.643919e-02
-8.900000e-01 2.042810e-13 2.568062e-02
-8.890000e-01 5.782042e-13 2.488814e-02
-8.880000e-01 6.483702e-13 2.406428e-02
-8.870000e-01 7.593925e-14 2.321158e-02
-8.860000e-01 4.578560e-13 2.233256e-02
-8.850000e-01 4.840572e-14 2.142977e-02
-8.840000e-01 2.864375e-13 2.050574e-02
-8.830000e-01 4.147793e-13 1.956299e-02
-8.820000e-01 6.372680e-13 1.860408e-02
-8.810000e-01 4.152234e-13 1.763154e-02
-8.800000e-01 3.641532e-14 1.664791e-02
-8.790000e-01 6.616929e-14 1.565573e-02
-8.780000e-01 4.289902e-13 1.465755e-02
-8.770000e-01 1.727507e-13 1.365590e-02
-8.760000e-01 3.819167e-14 1.265334e-02
-8.750000e-01 1.776357e-15 1.165241e-02
-8.740000e-01 3.241851e-14 1.065565e-02
-8.730000e-01 1.643130e-14 9.665625e-03
-8.720000e-01 2.797762e-14 8.684876e-03
-8.710000e-01 1.953993e-14 7.715956e-03
-8.700000e-01 1.749711e-13 6.761418e-03
-8.690000e-01 1.256772e-13 5.823817e-03
-8.680000e-01 2.753353e-14 4.905707e-03
-8.670000e-01 4.440892e-15 4.009645e-03
-8.660000e-01 1.909584e-14 3.138189e-03
-8.650000e-01 5.329071e-14 2.293898e-03
-8.640000e-01 2.486900e-14 1.479332e-03
-8.630000e-01 1.332268e-15 6.970536e-04
-8.620000e-01 0.000000e+00 5.037515e-05
-8.610000e-01 3.996803e-15 7.610578e-04
-8.600000e-01 1.598721e-14 1.435270e-03
-8.590000e-01 8.437695e-15 2.073727e-03
-8.580000e-01 9.325873e-15 2.677145e-03
-8.570000e-01 5.639933e-14 3.246236e-03
-8.560000e-01 4.440892e-15 3.781712e-03
-8.550000e-01 4.396483e-14 4.284285e-03
-8.540000e-01 2.753353e-14 4.754663e-03
-8.530000e-01 9.192647e-14 5.193557e-03
-8.520000e-01 7.638334e-14 5.601672e-03
-8.510000e-01 1.447731e-13 5.979714e-03
-8.500000e-01 4.529710e-14 6.328390e-03
-8.490000e-01 1.172396e-13 6.648401e-03
-8.480000e-01 9.148238e-14 6.940450e-03
-8.470000e-01 6.394885e-14 7.205239e-03
-8.460000e-01 1.421085e-14 7.443468e-03
-8.450000e-01 8.393286e-14 7.655834e-03
-8.440000e-01 2.753353e-14 7.843036e-03
-8.430000e-01 8.615331e-14 8.005769e-03
-8.420000e-01 2.930989e-14 8.144729e-03
-8.410000e-01 5.240253e-14 8.260609e-03
-8.400000e-01 1.181277e-13 8.354102e-03
-8.390000e-01 7.105427e-15 8.425900e-03
-8.380000e-01 4.263256e-14 8.476692e-03
-8.370000e-01 7.105427e-15 8.507167e-03
-8.360000e-01 4.440892e-15 8.518013e-03
-8.350000e-01 5.639933e-14 8.509917e-03
-8.340000e-01 4.996004e-14 8.483565e-03
-8.330000e-01 4.218847e-15 8.439639e-03
-8.320000e-01 0.000000e+00 8.378823e-03
-8.310000e-01 2.553513e-14 8.301799e-03
-8.300000e-01 2.886580e-15 8.209248e-03
-8.290000e-01 7.371881e-14 8.101848e-03
-8.280000e-01 9.325873e-15 7.980278e-03
-8.270000e-01 4.241052e-14 7.845214e-03
-8.260000e-01 4.174439e-14 7.697333e-03
-8.250000e-01 9.103829e-15 7.537309e-03
-8.240000e-01 9.325873e-14 7.365816e-03
-8.230000e-01 1.354472e-14 7.183525e-03
-8.220000e-01 9.547918e-15 6.991107e-03
-8.210000e-01 4.951595e-14 6.789233e-03
-8.200000e-01 2.198242e-14 6.578571e-03
-8.190000e-01 3.330669e-14 6.359788e-03
-8.180000e-01 1.421085e-14 6.133551e-03
-8.170000e-01 5.306866e-14 5.900525e-03
-8.160000e-01 1.754152e-14 5.661374e-03
-8.150000e-01 1.332268e-15 5.416760e-03
-8.140000e-01 4.352074e-14 5.167345e-03
-8.130000e-01 2.287059e-14 4.913789e-03
-8.120000e-01 6.816769e-14 4.656752e-03
-8.110000e-01 2.864375e-14 4.396891e-03
-8.100000e-01 5.706546e-14 4.134864e-03
-8.090000e-01 2.486900e-14 3.871326e-03
-8.080000e-01 2.664535e-14 3.606932e-03
-8.070000e-01 4.107825e-14 3.342334e-03
-8.060000e-01 8.659740e-15 3.078186e-03
-8.050000e-01 2.886580e-15 2.815139e-03
-8.040000e-01 2.486900e-14 2.553841e-03
-8.030000e-01 1.998401e-15 2.294943e-03
-8.020000e-01 1.332268e-15 2.039091e-03
-8.010000e-01 9.325873e-15 1.786932e-03
-8.000000e-01 1.332268e-15 1.539111e-03
-7.990000e-01 3.108624e-15 1.296272e-03
-7.980000e-01 1.776357e-15 1.059059e-03
-7.970000e-01 2.442491e-15 8.281120e-04
-7.960000e-01 4.440892e-15 6.040731e-04
-7.950000e-01 2.220446e-16 3.875814e-04
-7.940000e-01 2.220446e-15 1.792751e-04
-7.930000e-01 4.440892e-16 2.020858e-05
-7.920000e-01 8.881784e-16 2.104074e-04
-7.910000e-01 3.108624e-15 3.913708e-04
-7.900000e-01 6.661338e-16 5.632428e-04
-7.890000e-01 4.662937e-15 7.261685e-04
-7.880000e-01 2.442491e-15 8.802944e-04
-7.870000e-01 5.551115e-15 1.025768e-03
-7.860000e-01 1.110223e-15 1.162737e-03
-7.850000e-01 7.771561e-15 1.291353e-03
-7.840000e-01 4.440892e-16 1.411765e-03
-7.830000e-01 2.220446e-16 1.524126e-03
-7.820000e-01 9.992007e-15 1.628589e-03
-7.810000e-01 1.398881e-14 1.725307e-03
-7.800000e-01 1.776357e-15 1.814437e-03
-7.790000e-01 1.376677e-14 1.896135e-03
-7.780000e-01 1.110223e-15 1.970558e-03
-7.770000e-01 2.220446e-16 2.037866e-03
-7.760000e-01 5.551115e-15 2.098218e-03
-7.750000e-01 2.220446e-14 2.151774e-03
-7.740000e-01 1.598721e-14 2.198698e-03
-7.730000e-01 1.176836e-14 2.239152e-03
-7.720000e-01 1.210143e-14 2.273301e-03
-7.710000e-01 4.329870e-15 2.301310e-03
-7.700000e-01 1.176836e-14 2.323345e-03
-7.690000e-01 3.219647e-15 2.339575e-03
-7.680000e-01 1.076916e-14 2.350168e-03
-7.670000e-01 1.110223e-16 2.355293e-03
-7.660000e-01 6.328271e-15 2.355123e-03
-7.650000e-01 1.998401e-15 2.349828e-03
-7.640000e-01 1.221245e-15 2.339583e-03
-7.630000e-01 1.032507e-14 2.324561e-03
-7.620000e-01 1.454392e-14 2.304938e-03
-7.610000e-01 6.439294e-15 2.280890e-03
-7.600000e-01 1.632028e-14 2.252595e-03
-7.590000e-01 8.770762e-15 2.220231e-03
-7.580000e-01 2.442491e-15 2.183979e-03
-7.570000e-01 6.661338e-16 2.144019e-03
-7.560000e-01 3.108624e-15 2.100534e-03
-7.550000e-01 7.771561e-16 2.053705e-03
-7.540000e-01 1.265654e-14 2.003718e-03
-7.530000e-01 2.187139e-14 1.950757e-03
-7.520000e-01 6.661338e-16 1.895009e-03
-7.510000e-01 6.439294e-15 1.836661e-03
-7.500000e-01 8.215650e-15 1.775902e-03
-7.490000e-01 1.221245e-15 1.712921e-03
-7.480000e-01 2.775558e-15 1.647910e-03
-7.470000e-01 7.771561e-16 1.581058e-03
-7.460000e-01 1.443290e-15 1.512560e-03
-7.450000e-01 7.771561e-16 1.442610e-03
-7.440000e-01 4.329870e-15 1.371402e-03
-7.430000e-01 2.220446e-15 1.299131e-03
-7.420000e-01 5.551115e-15 1.225997e-03
-7.410000e-01 1.443290e-15 1.152195e-03
-7.400000e-01 1.443290e-15 1.077927e-03
-7.390000e-01 4.329870e-15 1.003391e-03
-7.380000e-01 4.218847e-15 9.287896e-04
-7.370000e-01 1.887379e-15 8.543250e-04
-7.360000e-01 7.216450e-15 7.802007e-04
-7.350000e-01 5.551115e-16 7.066212e-04
-7.340000e-01 2.775558e-15 6.337920e-04
-7.330000e-01 2.220446e-16 5.619199e-04
-7.320000e-01 8.881784e-16 4.912125e-04
-7.310000e-01 0.000000e+00 4.218788e-04
-7.300000e-01 3.330669e-16 3.541284e-04
-7.290000e-01 1.221245e-15 2.881722e-04
-7.280000e-01 1.110223e-16 2.242222e-04
-7.270000e-01 6.661338e-16 1.624915e-04
-7.260000e-01 1.110223e-16 1.031939e-04
-7.250000e-01 2.775558e-16 4.654458e-05
-7.240000e-01 4.440892e-16 7.240436e-06
-7.230000e-01 1.110223e-16 5.801764e-05
-7.220000e-01 1.110223e-16 1.058381e-04
-7.210000e-01 6.661338e-16 1.507839e-04
-7.200000e-01 1.110223e-15 1.929363e-04
-7.190000e-01 1.110223e-15 2.323754e-04
-7.180000e-01 2.775558e-16 2.691802e-04
-7.170000e-01 1.110223e-16 3.034287e-04
-7.160000e-01 1.942890e-15 3.351981e-04
-7.150000e-01 4.440892e-16 3.645641e-04
-7.140000e-01 1.665335e-16 3.916019e-04
-7.130000e-01 1.776357e-15 4.163852e-04
-7.120000e-01 1.110223e-15 4.389869e-04
-7.110000e-01 1.665335e-16 4.594790e-04
-7.100000e-01 3.386180e-15 4.779322e-04
-7.090000e-01 1.831868e-15 4.944163e-04
-7.080000e-01 1.720846e-15 5.090002e-04
-7.070000e-01 1.942890e-15 5.217515e-04
-7.060000e-01 8.881784e-16 5.327371e-04
-7.050000e-01 3.164136e-15 5.420226e-04
-7.040000e-01 2.442491e-15 5.496727e-04
-7.030000e-01 2.220446e-15 5.557512e-04
-7.020000e-01 1.554312e-15 5.603206e-04
-7.010000e-01 2.220446e-15 5.634428e-04
-7.000000e-01 2.386980e-15 5.651783e-04
-6.990000e-01 1.720846e-15 5.655867e-04
-6.980000e-01 3.219647e-15 5.647268e-04
-6.970000e-01 3.941292e-15 5.626561e-04
-6.960000e-01 2.220446e-16 5.594312e-04
-6.950000e-01 1.554312e-15 5.551079e-04
-6.940000e-01 1.110223e-16 5.497406e-04
-6.930000e-01 1.165734e-15 5.433831e-04
-6.920000e-01 1.415534e-15 5.360879e-04
-6.910000e-01 2.164935e-15 5.279066e-04
-6.900000e-01 4.440892e-16 5.188899e-04
-6.890000e-01 8.881784e-16 5.090875e-04
-6.880000e-01 2.664535e-15 4.985478e-04
-6.870000e-01 1.859624e-15 4.873187e-04
-6.860000e-01 4.107825e-15 4.754467e-04
-6.850000e-01 3.719247e-15 4.629775e-04
-6.840000e-01 6.938894e-16 4.499558e-04
-6.830000e-01 2.386980e-15 4.364252e-04
-6.820000e-01 1.582068e-15 4.224285e-04
-6.810000e-01 4.440892e-16 4.080074e-04
-6.800000e-01 7.494005e-16 3.932026e-04
-6.790000e-01 7.494005e-16 3.780539e-04
-6.780000e-01 1.665335e-16 3.626000e-04
-6.770000e-01 8.049117e-16 3.468788e-04
-6.760000e-01 1.831868e-15 3.309271e-04
-6.750000e-01 3.053113e-16 3.147807e-04
-6.740000e-01 5.551115e-17 2.984746e-04
-6.730000e-01 7.494005e-16 2.820425e-04
-6.720000e-01 1.443290e-15 2.655175e-04
-6.710000e-01 1.276756e-15 2.489315e-04
-6.700000e-01 1.609823e-15 2.323155e-04
-6.690000e-01 3.330669e-16 2.156996e-04
-6.680000e-01 1.568190e-15 1.991127e-04
-6.670000e-01 1.415534e-15 1.825831e-04
-6.660000e-01 5.967449e-16 1.661378e-04
-6.650000e-01 6.800116e-16 1.498030e-04
-6.640000e-01 8.187895e-16 1.336040e-04
-6.630000e-01 3.608225e-16 1.175650e-04
-6.620000e-01 6.106227e-16 1.017093e-04
-6.610000e-01 5.689893e-16 8.605922e-05
-6.600000e-01 5.551115e-17 7.063624e-05
-6.590000e-01 1.387779e-17 5.546078e-05
-6.580000e-01 1.110223e-16 4.055232e-05
-6.570000e-01 1.249001e-16 2.592941e-05
-6.560000e-01 2.220446e-16 1.160967e-05
-6.550000e-01 1.734723e-16 2.390268e-06
-6.540000e-01 9.020562e-17 1.605373e-05
-6.530000e-01 1.110223e-16 2.936273e-05
-6.520000e-01 5.204170e-17 4.229987e-05
-6.510000e-01 3.261280e-16 5.484871e-05
-6.500000e-01 1.387779e-16 6.699373e-05
-6.490000e-01 8.500145e-17 7.872036e-05
-6.480000e-01 2.775558e-16 9.001497e-05
-6.470000e-01 1.847481e-16 1.008648e-04
-6.460000e-01 4.020222e-16 1.112582e-04
-6.450000e-01 6.197300e-16 1.211843e-04
-6.440000e-01 2.524023e-16 1.306331e-04
-6.430000e-01 8.500145e-17 1.395957e-04
-6.420000e-01 4.718448e-16 1.480640e-04
-6.410000e-01 1.075529e-16 1.560309e-04
-6.400000e-01 3.642919e-16 1.634902e-04
-6.390000e-01 6.071532e-16 1.704366e-04
-6.380000e-01 5.030698e-16 1.768658e-04
-6.370000e-01 3.261280e-16 1.827743e-04
-6.360000e-01 4.649059e-16 1.881596e-04
-6.350000e-01 2.359224e-16 1.930202e-04
-6.340000e-01 2.359224e-16 1.973552e-04
-6.330000e-01 6.869505e-16 2.011651e-04
-6.320000e-01 1.873501e-16 2.044508e-04
-6.310000e-01 6.938894e-17 2.072145e-04
-6.300000e-01 8.812395e-16 2.094591e-04
-6.290000e-01 2.775558e-16 2.111885e-04
-6.280000e-01 5.967449e-16 2.124074e-04
-6.270000e-01 3.608225e-16 2.131217e-04
-6.260000e-01 8.049117e-16 2.133377e-04
-6.250000e-01 9.714451e-17 2.130631e-04
-6.240000e-01 2.081668e-16 2.123063e-04
-6.230000e-01 4.302114e-16 2.110765e-04
-6.220000e-01 8.465451e-16 2.093839e-04
-6.210000e-01 8.326673e-17 2.072396e-04
-6.200000e-01 3.885781e-16 2.046556e-04
-6.190000e-01 9.714451e-17 2.016448e-04
-6.180000e-01 2.914335e-16 1.982210e-04
-6.170000e-01 1.387779e-17 1.943988e-04
-6.160000e-01 2.220446e-16 1.901937e-04
-6.150000e-01 7.771561e-16 1.856223e-04
-6.140000e-01 7.355228e-16 1.807018e-04
-6.130000e-01 6.938894e-17 1.754505e-04
-6.120000e-01 3.885781e-16 1.698875e-04
-6.110000e-01 7.077672e-16 1.640327e-04
-6.100000e-01 1.387779e-17 1.579070e-04
-6.090000e-01 5.273559e-16 1.515321e-04
-6.080000e-01 1.942890e-16 1.449307e-04
-6.070000e-01 5.551115e-16 1.381263e-04
-6.060000e-01 8.326673e-17 1.311433e-04
-6.050000e-01 1.942890e-16 1.240068e-04
-6.040000e-01 8.049117e-16 1.167431e-04
-6.030000e-01 5.551115e-16 1.093791e-04
-6.020000e-01 1.665335e-16 1.019426e-04
-6.010000e-01 8.326673e-17 9.446248e-05
-6.000000e-01 5.551115e-16 8.696824e-05
-5.990000e-01 1.665335e-16 7.949035e-05
-5.980000e-01 1.110223e-16 7.206016e-05
-5.970000e-01 3.330669e-16 6.470984e-05
-5.960000e-01 1.110223e-16 5.747245e-05
-5.950000e-01 1.110223e-16 5.038191e-05
-5.940000e-01 2.220446e-16 4.347297e-05
-5.930000e-01 1.110223e-16 3.678126e-05
-5.920000e-01 1.665335e-16 3.034327e-05
-5.910000e-01 1.665335e-16 2.419633e-05
-5.900000e-01 8.326673e-17 1.837862e-05
-5.890000e-01 2.775558e-17 1.292919e-05
-5.880000e-01 1.110223e-16 7.887914e-06
-5.870000e-01 2.775558e-17 3.295538e-06
-5.860000e-01 5.551115e-17 8.064690e-07
-5.850000e-01 1.665335e-16 4.397234e-06
-5.840000e-01 2.220446e-16 7.501970e-06
-5.830000e-01 2.775558e-17 1.015126e-05
-5.820000e-01 8.326673e-17 1.237484e-05
-5.810000e-01 5.551115e-17 1.420161e-05
-5.800000e-01 5.551115e-17 1.565964e-05
-5.790000e-01 8.326673e-17 1.677615e-05
-5.780000e-01 5.551115e-17 1.757754e-05
-5.770000e-01 2.775558e-17 1.808935e-05
-5.760000e-01 8.326673e-17 1.833632e-05
-5.750000e-01 2.775558e-16 1.834234e-05
-5.740000e-01 1.387779e-16 1.813047e-05
-5.730000e-01 2.775558e-16 1.772295e-05
-5.720000e-01 2.775558e-17 1.714119e-05
-5.710000e-01 2.775558e-16 1.640577e-05
-5.700000e-01 1.110223e-16 1.553646e-05
-5.690000e-01 2.775558e-17 1.455220e-05
-5.680000e-01 0.000000e+00 1.347109e-05
-5.670000e-01 1.665335e-16 1.231045e-05
-5.660000e-01 0.000000e+00 1.108675e-05
-5.650000e-01 5.551115e-17 9.815658e-06
-5.640000e-01 1.942890e-16 8.512019e-06
-5.630000e-01 3.608225e-16 7.189871e-06
-5.620000e-01 2.220446e-16 5.862438e-06
-5.610000e-01 8.326673e-17 4.542132e-06
-5.600000e-01 2.220446e-16 3.240558e-06
-5.590000e-01 0.000000e+00 1.968510e-06
-5.580000e-01 1.110223e-16 7.359772e-07
-5.570000e-01 5.551115e-17 4.478549e-07
-5.560000e-01 5.828671e-16 1.574606e-06
-5.550000e-01 1.942890e-16 2.636697e-06
-5.540000e-01 1.387779e-16 3.627351e-06
-5.530000e-01 1.110223e-16 4.540588e-06
-5.520000e-01 5.551115e-17 5.371228e-06
-5.510000e-01 1.387779e-16 6.114884e-06
-5.500000e-01 1.942890e-16 6.767969e-06
-5.490000e-01 1.387779e-16 7.327684e-06
-5.480000e-01 2.775558e-17 7.792027e-06
-5.470000e-01 1.665335e-16 8.159782e-06
-5.460000e-01 1.110223e-16 8.430524e-06
-5.450000e-01 1.665335e-16 8.604618e-06
-5.440000e-01 8.326673e-17 8.683212e-06
-5.430000e-01 2.220446e-16 8.668239e-06
-5.420000e-01 3.330669e-16 8.562418e-06
-5.410000e-01 3.608225e-16 8.369247e-06
-5.400000e-01 5.828671e-16 8.093007e-06
-5.390000e-01 8.326673e-17 7.738755e-06
-5.380000e-01 2.498002e-16 7.312328e-06
-5.370000e-01 1.665335e-16 6.820339e-06
-5.360000e-01 3.053113e-16 6.270174e-06
-5.350000e-01 8.326673e-17 5.669995e-06
-5.340000e-01 1.665335e-16 5.028734e-06
-5.330000e-01 3.330669e-16 4.356093e-06
-5.320000e-01 2.220446e-16 3.662544e-06
-5.310000e-01 1.110223e-16 2.959327e-06
-5.300000e-01 1.110223e-16 2.258446e-06
-5.290000e-01 2.775558e-17 1.572671e-06
-5.280000e-01 1.387779e-16 9.155366e-07
-5.270000e-01 1.942890e-16 3.013364e-07
-5.260000e-01 5.551115e-17 2.548740e-07
-5.250000e-01 8.326673e-17 7.372806e-07
-5.240000e-01 5.551115e-17 1.129312e-06
-5.230000e-01 2.775558e-17 1.413640e-06
-5.220000e-01 2.775558e-17 1.572183e-06
-5.210000e-01 0.000000e+00 1.586107e-06
-5.200000e-01 1.942890e-16 1.435823e-06
-5.190000e-01 2.220446e-16 1.100994e-06
-5.180000e-01 3.608225e-16 5.605359e-07
-5.170000e-01 1.387779e-16 2.072759e-07
-5.160000e-01 1.387779e-16 1.210381e-06
-5.150000e-01 1.110223e-16 2.428567e-06
-5.140000e-01 2.775558e-17 3.838949e-06
-5.130000e-01 8.326673e-17 5.419383e-06
-5.120000e-01 8.326673e-17 7.148466e-06
-5.110000e-01 8.326673e-17 9.005534e-06
-5.100000e-01 2.220446e-16 1.097066e-05
-5.090000e-01 0.000000e+00 1.302465e-05
-5.080000e-01 2.220446e-16 1.514905e-05
-5.070000e-01 5.551115e-17 1.732613e-05
-5.060000e-01 1.942890e-16 1.953890e-05
-5.050000e-01 2.775558e-17 2.177110e-05
-5.040000e-01 1.665335e-16 2.400720e-05
-5.030000e-01 3.330669e-16 2.623238e-05
-5.020000e-01 1.942890e-16 2.843257e-05
-5.010000e-01 2.498002e-16 3.059441e-05
-5.000000e-01 1.110223e-16 3.270527e-05
-4.990000e-01 1.942890e-16 3.475323e-05
-4.980000e-01 4.718448e-16 3.672710e-05
-4.970000e-01 2.775558e-16 3.861641e-05
-4.960000e-01 2.775558e-17 4.041140e-05
-4.950000e-01 1.942890e-16 4.210303e-05
-4.940000e-01 1.942890e-16 4.368297e-05
-4.930000e-01 1.110223e-16 4.514361e-05
-4.920000e-01 8.326673e-17 4.647805e-05
-4.910000e-01 1.387779e-16 4.768009e-05
-4.900000e-01 1.387779e-16 4.874425e-05
-4.890000e-01 5.551115e-17 4.966575e-05
-4.880000e-01 5.551115e-17 5.044053e-05
-4.870000e-01 1.665335e-16 5.106520e-05
-4.860000e-01 1.665335e-16 5.153712e-05
-4.850000e-01 1.665335e-16 5.185431e-05
-4.840000e-01 1.665335e-16 5.201551e-05
-4.830000e-01 2.775558e-17 5.202016e-05
-4.820000e-01 1.387779e-16 5.186838e-05
-4.810000e-01 1.110223e-16 5.156101e-05
-4.800000e-01 1.387779e-16 5.109957e-05
-4.790000e-01 1.387779e-16 5.048627e-05
-4.780000e-01 1.665335e-16 4.972401e-05
-4.770000e-01 2.775558e-17 4.881640e-05
-4.760000e-01 1.665335e-16 4.776771e-05
-4.750000e-01 3.330669e-16 4.658291e-05
-4.740000e-01 1.665335e-16 4.526767e-05
-4.730000e-01 8.326673e-17 4.382831e-05
-4.720000e-01 1.942890e-16 4.227186e-05
-4.710000e-01 1.942890e-16 4.060603e-05
-4.700000e-01 0.000000e+00 3.883920e-05
-4.690000e-01 8.326673e-17 3.698043e-05
-4.680000e-01 2.775558e-17 3.503945e-05
-4.670000e-01 1.387779e-16 3.302669e-05
-4.660000e-01 1.942890e-16 3.095322e-05
-4.650000e-01 0.000000e+00 2.883081e-05
-4.640000e-01 2.775558e-17 2.667189e-05
-4.630000e-01 5.551115e-17 2.448955e-05
-4.620000e-01 8.326673e-17 2.229758e-05
-4.610000e-01 1.110223e-16 2.011040e-05
-4.600000e-01 0.000000e+00 1.794311e-05
-4.590000e-01 1.665335e-16 1.581147e-05
-4.580000e-01 2.220446e-16 1.373193e-05
-4.570000e-01 1.942890e-16 1.172155e-05
-4.560000e-01 1.387779e-16 9.798095e-06
-4.550000e-01 1.942890e-16 7.979964e-06
-4.540000e-01 0.000000e+00 6.286220e-06
-4.530000e-01 1.387779e-16 4.736579e-06
-4.520000e-01 5.551115e-17 3.351414e-06
-4.510000e-01 2.775558e-17 2.151748e-06
-4.500000e-01 0.000000e+00 1.159253e-06
-4.490000e-01 1.665335e-16 3.962552e-07
-4.480000e-01 5.551115e-17 1.144352e-07
-4.470000e-01 5.551115e-17 3.645393e-07
-4.460000e-01 2.775558e-17 3.726032e-07
-4.450000e-01 2.220446e-16 1.594214e-07
-4.440000e-01 2.775558e-17 2.548538e-07
-4.430000e-01 2.775558e-17 8.507108e-07
-4.420000e-01 5.551115e-17 1.609277e-06
-4.410000e-01 1.110223e-16 2.512319e-06
-4.400000e-01 0.000000e+00 3.542239e-06
-4.390000e-01 0.000000e+00 4.682073e-06
-4.380000e-01 8.326673e-17 5.915493e-06
-4.370000e-01 8.326673e-17 7.226801e-06
-4.360000e-01 1.387779e-16 8.600932e-06
-4.350000e-01 2.775558e-17 1.002345e-05
-4.340000e-01 5.551115e-17 1.148054e-05
-4.330000e-01 5.551115e-17 1.295903e-05
-4.320000e-01 5.551115e-17 1.444635e-05
-4.310000e-01 5.551115e-17 1.593057e-05
-4.300000e-01 1.110223e-16 1.740038e-05
-4.290000e-01 2.775558e-17 1.884509e-05
-4.280000e-01 2.775558e-17 2.025463e-05
-4.270000e-01 8.326673e-17 2.161953e-05
-4.260000e-01 1.110223e-16 2.293097e-05
-4.250000e-01 8.326673e-17 2.418072e-05
-4.240000e-01 1.110223e-16 2.536117e-05
-4.230000e-01 1.387779e-16 2.646531e-05
-4.220000e-01 8.326673e-17 2.748677e-05
-4.210000e-01 2.220446e-16 2.841977e-05
-4.200000e-01 5.551115e-17 2.925913e-05
-4.190000e-01 5.551115e-17 3.000029e-05
-4.180000e-01 5.551115e-17 3.063930e-05
-4.170000e-01 2.775558e-17 3.117279e-05
-4.160000e-01 5.551115e-17 3.159800e-05
-4.150000e-01 0.000000e+00 3.191280e-05
-4.140000e-01 8.326673e-17 3.211562e-05
-4.130000e-01 2.775558e-17 3.220550e-05
-4.120000e-01 2.775558e-17 3.218208e-05
-4.110000e-01 5.551115e-17 3.204561e-05
-4.100000e-01 1.665335e-16 3.179690e-05
-4.090000e-01 0.000000e+00 3.143737e-05
-4.080000e-01 2.220446e-16 3.096903e-05
-4.070000e-01 8.326673e-17 3.039449e-05
-4.060000e-01 2.775558e-17 2.971692e-05
-4.050000e-01 0.000000e+00 2.894010e-05
-4.040000e-01 5.551115e-17 2.806838e-05
-4.030000e-01 1.110223e-16 2.710671e-05
-4.020000e-01 1.110223e-16 2.606061e-05
-4.010000e-01 1.665335e-16 2.493617e-05
-4.000000e-01 1.110223e-16 2.374008e-05
-3.990000e-01 1.387779e-16 2.247960e-05
-3.980000e-01 1.387779e-16 2.116256e-05
-3.970000e-01 8.326673e-17 1.979736e-05
-3.960000e-01 2.775558e-17 1.839300e-05
-3.950000e-01 1.110223e-16 1.695902e-05
-3.940000e-01 2.220446e-16 1.550555e-05
-3.930000e-01 1.110223e-16 1.404328e-05
-3.920000e-01 1.110223e-16 1.258347e-05
-3.910000e-01 8.326673e-17 1.113795e-05
-3.900000e-01 1.110223e-16 9.719099e-06
-3.890000e-01 1.387779e-16 8.339880e-06
-3.880000e-01 5.551115e-17 7.013804e-06
-3.870000e-01 0.000000e+00 5.754948e-06
-3.860000e-01 5.551115e-17 4.577944e-06
-3.850000e-01 1.665335e-16 3.497984e-06
-3.840000e-01 2.775558e-17 2.530815e-06
-3.830000e-01 1.387779e-16 1.692737e-06
-3.820000e-01 1.387779e-16 1.000606e-06
-3.810000e-01 1.110223e-16 4.718267e-07
-3.800000e-01 8.326673e-17 1.243548e-07
-3.790000e-01 0.000000e+00 2.349104e-08
-3.780000e-01 5.551115e-17 3.389264e-08
-3.770000e-01 8.326673e-17 2.807929e-07
-3.760000e-01 8.326673e-17 6.999990e-07
-3.750000e-01 5.551115e-17 1.274843e-06
-3.740000e-01 8.326673e-17 1.989199e-06
-3.730000e-01 2.775558e-17 2.827480e-06
-3.720000e-01 8.326673e-17 3.774639e-06
-3.710000e-01 1.387779e-16 4.816165e-06
-3.700000e-01 1.942890e-16 5.938082e-06
-3.690000e-01 2.775558e-17 7.126950e-06
-3.680000e-01 1.665335e-16 8.369862e-06
-3.670000e-01 5.551115e-17 9.654439e-06
-3.660000e-01 2.775558e-17 1.096884e-05
-3.650000e-01 5.551115e-17 1.230174e-05
-3.640000e-01 2.775558e-17 1.364235e-05
-3.630000e-01 0.000000e+00 1.498040e-05
-3.620000e-01 2.775558e-17 1.630616e-05
-3.610000e-01 8.326673e-17 1.761040e-05
-3.600000e-01 2.775558e-17 1.888443e-05
-3.590000e-01 1.387779e-16 2.012007e-05
-3.580000e-01 5.551115e-17 2.130966e-05
-3.570000e-01 8.326673e-17 2.244606e-05
-3.560000e-01 5.551115e-17 2.352263e-05
-3.550000e-01 5.551115e-17 2.453328e-05
-3.540000e-01 5.551115e-17 2.547240e-05
-3.530000e-01 0.000000e+00 2.633490e-05
-3.520000e-01 2.775558e-17 2.711620e-05
-3.510000e-01 1.110223e-16 2.781223e-05
-3.500000e-01 5.551115e-17 2.841942e-05
-3.490000e-01 2.775558e-17 2.893473e-05
-3.480000e-01 5.551115e-17 2.935559e-05
-3.470000e-01 1.665335e-16 2.967995e-05
-3.460000e-01 5.551115e-17 2.990626e-05
-3.450000e-01 5.551115e-17 3.003347e-05
-3.440000e-01 5.551115e-17 3.006103e-05
-3.430000e-01 8.326673e-17 2.998888e-05
-3.420000e-01 2.775558e-17 2.981747e-05
-3.410000e-01 0.000000e+00 2.954771e-05
-3.400000e-01 2.775558e-17 2.918105e-05
-3.390000e-01 2.775558e-17 2.871940e-05
-3.380000e-01 5.551115e-17 2.816515e-05
-3.370000e-01 0.000000e+00 2.752122e-05
-3.360000e-01 5.551115e-17 2.679097e-05
-3.350000e-01 1.665335e-16 2.597829e-05
-3.340000e-01 0.000000e+00 2.508750e-05
-3.330000e-01 1.110223e-16 2.412346e-05
-3.320000e-01 5.551115e-17 2.309147e-05
-3.310000e-01 5.551115e-17 2.199732e-05
-3.300000e-01 1.110223e-16 2.084730e-05
-3.290000e-01 5.551115e-17 1.964814e-05
-3.280000e-01 5.551115e-17 1.840706e-05
-3.270000e-01 2.775558e-17 1.713178e-05
-3.260000e-01 1.665335e-16 1.583045e-05
-3.250000e-01 8.326673e-17 1.451171e-05
-3.240000e-01 0.000000e+00 1.318468e-05
-3.230000e-01 0.000000e+00 1.185893e-05
-3.220000e-01 8.326673e-17 1.054451e-05
-3.210000e-01 4.163336e-17 9.251926e-06
-3.200000e-01 6.938894e-17 7.992149e-06
-3.190000e-01 1.387779e-17 6.776617e-06
-3.180000e-01 1.387779e-17 5.617226e-06
-3.170000e-01 2.775558e-17 4.526330e-06
-3.160000e-01 2.775558e-17 3.516743e-06
-3.150000e-01 1.387779e-17 2.601735e-06
-3.140000e-01 1.387779e-17 1.795030e-06
-3.130000e-01 0.000000e+00 1.110808e-06
-3.120000e-01 4.163336e-17 5.636980e-07
-3.110000e-01 1.387779e-17 1.687822e-07
-3.100000e-01 1.387779e-17 5.862027e-08
-3.090000e-01 1.387779e-17 1.144254e-07
-3.080000e-01 1.387779e-17 1.166525e-08
-3.070000e-01 4.163336e-17 2.356247e-07
-3.060000e-01 2.775558e-17 6.138523e-07
-3.050000e-01 6.938894e-17 1.109867e-06
-3.040000e-01 0.000000e+00 1.710961e-06
-3.030000e-01 2.775558e-17 2.404863e-06
-3.020000e-01 2.775558e-17 3.179740e-06
-3.010000e-01 0.000000e+00 4.024197e-06
-3.000000e-01 1.387779e-17 4.927272e-06
-2.990000e-01 1.387779e-17 5.878438e-06
-2.980000e-01 2.775558e-17 6.867599e-06
-2.970000e-01 0.000000e+00 7.885089e-06
-2.960000e-01 0.000000e+00 8.921673e-06
-2.950000e-01 6.938894e-17 9.968542e-06
-2.940000e-01 5.551115e-17 1.101731e-05
-2.930000e-01 2.775558e-17 1.206003e-05
-2.920000e-01 0.000000e+00 1.308916e-05
-2.910000e-01 2.775558e-17 1.409759e-05
-2.900000e-01 4.163336e-17 1.507863e-05
-2.890000e-01 1.387779e-17 1.602600e-05
-2.880000e-01 1.387779e-17 1.693385e-05
-2.870000e-01 1.387779e-17 1.779674e-05
-2.860000e-01 1.387779e-17 1.860965e-05
-2.850000e-01 2.775558e-17 1.936797e-05
-2.840000e-01 1.387779e-17 2.006750e-05
-2.830000e-01 4.163336e-17 2.070444e-05
-2.820000e-01 5.551115e-17 2.127542e-05
-2.810000e-01 1.387779e-17 2.177748e-05
-2.800000e-01 1.387779e-17 2.220803e-05
-2.790000e-01 6.938894e-17 2.256492e-05
-2.780000e-01 0.000000e+00 2.284639e-05
-2.770000e-01 5.551115e-17 2.305109e-05
-2.760000e-01 2.775558e-17 2.317806e-05
-2.750000e-01 1.387779e-17 2.322674e-05
-2.740000e-01 1.387779e-17 2.319698e-05
-2.730000e-01 1.387779e-17 2.308900e-05
-2.720000e-01 1.387779e-17 2.290344e-05
-2.710000e-01 0.000000e+00 2.264133e-05
-2.700000e-01 1.387779e-17 2.230407e-05
-2.690000e-01 4.163336e-17 2.189348e-05
-2.680000e-01 1.387779e-17 2.141174e-05
-2.670000e-01 2.775558e-17 2.086145e-05
-2.660000e-01 5.551115e-17 2.024557e-05
-2.650000e-01 1.387779e-17 1.956745e-05
-2.640000e-01 1.387779e-17 1.883083e-05
-2.630000e-01 0.000000e+00 1.803982e-05
-2.620000e-01 1.387779e-17 1.719892e-05
-2.610000e-01 1.387779e-17 1.631301e-05
-2.600000e-01 4.163336e-17 1.538734e-05
-2.590000e-01 1.387779e-17 1.442753e-05
-2.580000e-01 0.000000e+00 1.343960e-05
-2.570000e-01 1.387779e-17 1.242992e-05
-2.560000e-01 1.387779e-17 1.140524e-05
-2.550000e-01 9.714451e-17 1.037267e-05
-2.540000e-01 1.387779e-17 9.339709e-06
-2.530000e-01 1.387779e-17 8.314199e-06
-2.520000e-01 4.163336e-17 7.304363e-06
-2.510000e-01 4.163336e-17 6.318787e-06
-2.500000e-01 5.551115e-17 5.366417e-06
-2.490000e-01 2.775558e-17 4.456560e-06
-2.480000e-01 4.163336e-17 3.598886e-06
-2.470000e-01 1.387779e-17 2.803421e-06
-2.460000e-01 1.387779e-17 2.080549e-06
-2.450000e-01 1.387779e-17 1.441009e-06
-2.440000e-01 2.081668e-17 8.958959e-07
-2.430000e-01 6.938894e-18 4.566557e-07
-2.420000e-01 2.081668e-17 1.350864e-07
-2.410000e-01 2.081668e-17 5.688175e-08
-2.400000e-01 1.387779e-17 1.165731e-07
-2.390000e-01 0.000000e+00 5.413840e-08
-2.380000e-01 6.938894e-18 1.196627e-07
-2.370000e-01 6.938894e-18 3.944145e-07
-2.360000e-01 2.081668e-17 7.600445e-07
-2.350000e-01 4.163336e-17 1.206821e-06
-2.340000e-01 2.081668e-17 1.725352e-06
-2.330000e-01 1.387779e-17 2.306585e-06
-2.320000e-01 6.938894e-18 2.941804e-06
-2.310000e-01 2.775558e-17 3.622626e-06
-2.300000e-01 4.857226e-17 4.341007e-06
-2.290000e-01 2.081668e-17 5.089231e-06
-2.280000e-01 1.387779e-17 5.859916e-06
-2.270000e-01 1.387779e-17 6.646009e-06
-2.260000e-01 2.081668e-17 7.440785e-06
-2.250000e-01 1.387779e-17 8.237846e-06
-2.240000e-01 2.081668e-17 9.031119e-06
-2.230000e-01 2.081668e-17 9.814856e-06
-2.220000e-01 3.469447e-17 1.058363e-05
-2.210000e-01 6.938894e-18 1.133234e-05
-2.200000e-01 6.938894e-18 1.205620e-05
-2.190000e-01 6.938894e-18 1.275074e-05
-2.180000e-01 0.000000e+00 1.341181e-05
-2.170000e-01 6.938894e-18 1.403557e-05
-2.160000e-01 1.387779e-17 1.461852e-05
-2.150000e-01 0.000000e+00 1.515743e-05
-2.140000e-01 1.387779e-17 1.564941e-05
-2.130000e-01 3.469447e-17 1.609187e-05
-2.120000e-01 2.081668e-17 1.648254e-05
-2.110000e-01 3.469447e-17 1.681943e-05
-2.100000e-01 3.469447e-17 1.710089e-05
-2.090000e-01 0.000000e+00 1.732555e-05
-2.080000e-01 2.775558e-17 1.749234e-05
-2.070000e-01 2.775558e-17 1.760052e-05
-2.060000e-01 6.938894e-18 1.764961e-05
-2.050000e-01 1.387779e-17 1.763945e-05
-2.040000e-01 2.775558e-17 1.757018e-05
-2.030000e-01 0.000000e+00 1.744223e-05
-2.020000e-01 0.000000e+00 1.725632e-05
-2.010000e-01 1.387779e-17 1.701347e-05
-2.000000e-01 4.163336e-17 1.671497e-05
-1.990000e-01 6.938894e-18 1.636243e-05
-1.980000e-01 1.387779e-17 1.595774e-05
-1.970000e-01 1.387779e-17 1.550305e-05
-1.960000e-01 0.000000e+00 1.500083e-05
-1.950000e-01 2.081668e-17 1.445381e-05
-1.940000e-01 1.387779e-17 1.386502e-05
-1.930000e-01 1.387779e-17 1.323776e-05
-1.920000e-01 6.938894e-18 1.257560e-05
-1.910000e-01 2.081668e-17 1.188242e-05
-1.900000e-01 6.938894e-18 1.116233e-05
-1.890000e-01 1.040834e-17 1.041976e-05
-1.880000e-01 6.938894e-18 9.659394e-06
-1.870000e-01 3.469447e-18 8.886180e-06
-1.860000e-01 6.938894e-18 8.105348e-06
-1.850000e-01 6.938894e-18 7.322395e-06
-1.840000e-01 3.469447e-18 6.543085e-06
-1.830000e-01 1.040834e-17 5.773449e-06
-1.820000e-01 1.387779e-17 5.019784e-06
-1.810000e-01 3.469447e-18 4.288647e-06
-1.800000e-01 3.469447e-18 3.586860e-06
-1.790000e-01 3.469447e-18 2.921506e-06
-1.780000e-01 1.734723e-17 2.299924e-06
-1.770000e-01 3.469447e-18 1.729715e-06
-1.760000e-01 6.938894e-18 1.218734e-06
-1.750000e-01 0.000000e+00 7.750897e-07
-1.740000e-01 6.938894e-18 4.071466e-07
-1.730000e-01 3.469447e-18 1.235200e-07
-1.720000e-01 0.000000e+00 6.712617e-08
-1.710000e-01 3.469447e-18 1.631373e-07
-1.700000e-01 6.938894e-18 1.717040e-07
-1.690000e-01 6.938894e-18 1.003456e-07
-1.680000e-01 3.469447e-18 4.366306e-08
-1.670000e-01 3.469447e-18 2.532908e-07
-1.660000e-01 0.000000e+00 5.217483e-07
-1.650000e-01 3.469447e-18 8.424865e-07
-1.640000e-01 3.469447e-18 1.209196e-06
-1.630000e-01 3.469447e-18 1.615804e-06
-1.620000e-01 6.938894e-18 2.056474e-06
-1.610000e-01 2.081668e-17 2.525606e-06
-1.600000e-01 6.938894e-18 3.017831e-06
-1.590000e-01 1.040834e-17 3.528013e-06
-1.580000e-01 3.469447e-18 4.051245e-06
-1.570000e-01 6.938894e-18 4.582852e-06
-1.560000e-01 0.000000e+00 5.118384e-06
-1.550000e-01 3.469447e-18 5.653617e-06
-1.540000e-01 3.469447e-18 6.184553e-06
-1.530000e-01 6.938894e-18 6.707417e-06
-1.520000e-01 6.938894e-18 7.218654e-06
-1.510000e-01 3.469447e-18 7.714931e-06
-1.500000e-01 3.469447e-18 8.193135e-06
-1.490000e-01 6.938894e-18 8.650367e-06
-1.480000e-01 3.469447e-18 9.083947e-06
-1.470000e-01 1.734723e-18 9.491408e-06
-1.460000e-01 5.204170e-18 9.870497e-06
-1.450000e-01 5.204170e-18 1.021917e-05
-1.440000e-01 3.469447e-18 1.053560e-05
-1.430000e-01 1.734723e-18 1.081816e-05
-1.420000e-01 3.469447e-18 1.106544e-05
-1.410000e-01 1.734723e-18 1.127623e-05
-1.400000e-01 1.734723e-18 1.144952e-05
-1.390000e-01 8.673617e-18 1.158451e-05
-1.380000e-01 1.040834e-17 1.168060e-05
-1.370000e-01 5.204170e-18 1.173739e-05
-1.360000e-01 0.000000e+00 1.175467e-05
-1.350000e-01 1.040834e-17 1.173246e-05
-1.340000e-01 1.734723e-18 1.167093e-05
-1.330000e-01 8.673617e-18 1.157047e-05
-1.320000e-01 1.734723e-18 1.143167e-05
-1.310000e-01 8.673617e-18 1.125528e-05
-1.300000e-01 3.469447e-18 1.104229e-05
-1.290000e-01 1.734723e-18 1.079382e-05
-1.280000e-01 5.204170e-18 1.051122e-05
-1.270000e-01 1.214306e-17 1.019601e-05
-1.260000e-01 1.734723e-18 9.849906e-06
-1.250000e-01 1.734723e-18 9.474786e-06
-1.240000e-01 0.000000e+00 9.072723e-06
-1.230000e-01 5.204170e-18 8.645971e-06
-1.220000e-01 6.938894e-18 8.196957e-06
-1.210000e-01 0.000000e+00 7.728289e-06
-1.200000e-01 5.204170e-18 7.242748e-06
-1.190000e-01 0.000000e+00 6.743293e-06
-1.180000e-01 3.469447e-18 6.233051e-06
-1.170000e-01 0.000000e+00 5.715323e-06
-1.160000e-01 6.071532e-18 5.193580e-06
-1.150000e-01 0.000000e+00 4.671462e-06
-1.140000e-01 8.673617e-19 4.152774e-06
-1.130000e-01 8.673617e-19 3.641489e-06
-1.120000e-01 0.000000e+00 3.141741e-06
-1.110000e-01 8.673617e-19 2.657830e-06
-1.100000e-01 4.336809e-18 2.194215e-06
-1.090000e-01 4.336809e-18 1.755517e-06
-1.080000e-01 2.602085e-18 1.346514e-06
-1.070000e-01 8.673617e-19 9.721396e-07
-1.060000e-01 8.673617e-19 6.374857e-07
-1.050000e-01 3.469447e-18 3.477968e-07
-1.040000e-01 1.734723e-18 1.084701e-07
-1.030000e-01 3.469447e-18 7.510004e-08
-1.020000e-01 0.000000e+00 2.019531e-07
-1.010000e-01 8.673617e-19 2.762269e-07
-1.000000e-01 8.673617e-19 3.021997e-07
-9.900000e-02 8.673617e-19 2.840043e-07
-9.800000e-02 8.673617e-19 2.256296e-07
-9.700000e-02 8.673617e-19 1.309220e-07
-9.600000e-02 8.673617e-19 3.586620e-09
-9.500000e-02 1.734723e-18 1.528110e-07
-9.400000e-02 3.469447e-18 3.348437e-07
-9.300000e-02 2.602085e-18 5.392209e-07
-9.200000e-02 1.301043e-18 7.627875e-07
-9.100000e-02 1.734723e-18 1.002522e-06
-9.000000e-02 4.336809e-19 1.255537e-06
-8.900000e-02 2.602085e-18 1.519073e-06
-8.800000e-02 0.000000e+00 1.790503e-06
-8.700000e-02 2.168404e-18 2.067327e-06
-8.600000e-02 2.168404e-18 2.347171e-06
-8.500000e-02 8.673617e-19 2.627788e-06
-8.400000e-02 8.673617e-19 2.907054e-06
-8.300000e-02 4.336809e-19 3.182967e-06
-8.200000e-02 4.336809e-19 3.453647e-06
-8.100000e-02 4.336809e-19 3.717331e-06
-8.000000e-02 4.336809e-19 3.972378e-06
-7.900000e-02 2.602085e-18 4.217260e-06
-7.800000e-02 8.673617e-19 4.450566e-06
-7.700000e-02 1.734723e-18 4.670999e-06
-7.600000e-02 0.000000e+00 4.877374e-06
-7.500000e-02 0.000000e+00 5.068616e-06
-7.400000e-02 4.336809e-19 5.243760e-06
-7.300000e-02 1.301043e-18 5.401950e-06
-7.200000e-02 2.168404e-18 5.542435e-06
-7.100000e-02 0.000000e+00 5.664570e-06
-7.000000e-02 6.071532e-18 5.767814e-06
-6.900000e-02 3.903128e-18 5.851726e-06
-6.800000e-02 2.602085e-18 5.915970e-06
-6.700000e-02 2.602085e-18 5.960305e-06
-6.600000e-02 1.951564e-18 5.984591e-06
-6.500000e-02 5.421011e-18 5.988783e-06
-6.400000e-02 7.372575e-18 5.972930e-06
-6.300000e-02 4.336809e-19 5.937178e-06
-6.200000e-02 1.734723e-18 5.881762e-06
-6.100000e-02 1.084202e-18 5.807009e-06
-6.000000e-02 6.505213e-19 5.713335e-06
-5.900000e-02 2.168404e-19 5.601243e-06
-5.800000e-02 5.421011e-19 5.471325e-06
-5.700000e-02 1.951564e-18 5.324256e-06
-5.600000e-02 3.686287e-18 5.160794e-06
-5.500000e-02 1.626303e-18 4.981780e-06
-5.400000e-02 1.843144e-18 4.788136e-06
-5.300000e-02 1.301043e-18 4.580863e-06
-5.200000e-02 2.493665e-18 4.361038e-06
-5.100000e-02 2.385245e-18 4.129818e-06
-5.000000e-02 0.000000e+00 3.888431e-06
-4.900000e-02 1.409463e-18 3.638181e-06
-4.800000e-02 1.084202e-19 3.380442e-06
-4.700000e-02 3.252607e-19 3.116661e-06
-4.600000e-02 1.951564e-18 2.848352e-06
-4.500000e-02 7.589415e-19 2.577098e-06
-4.400000e-02 6.505213e-19 2.304548e-06
-4.300000e-02 3.794708e-19 2.032414e-06
-4.200000e-02 5.963112e-19 1.762474e-06
-4.100000e-02 0.000000e+00 1.496568e-06
-4.000000e-02 7.047314e-19 1.236593e-06
-3.900000e-02 5.421011e-20 9.845084e-07
-3.800000e-02 2.710505e-19 7.423303e-07
-3.700000e-02 2.710505e-19 5.121305e-07
-3.600000e-02 5.421011e-20 2.960359e-07
-3.500000e-02 0.000000e+00 9.622662e-08
-3.400000e-02 2.710505e-20 8.512970e-08
-3.300000e-02 1.084202e-19 2.474189e-07
-3.200000e-02 1.626303e-19 3.916559e-07
-3.100000e-02 2.439455e-19 5.188867e-07
-3.000000e-02 1.084202e-19 6.301117e-07
-2.900000e-02 5.963112e-19 7.262863e-07
-2.800000e-02 4.743385e-19 8.083228e-07
-2.700000e-02 6.234162e-19 8.770918e-07
-2.600000e-02 5.692061e-19 9.334235e-07
-2.500000e-02 1.138412e-18 9.781093e-07
-2.400000e-02 1.409463e-18 1.011903e-06
-2.300000e-02 2.574980e-18 1.035523e-06
-2.200000e-02 1.280714e-18 1.049652e-06
-2.100000e-02 1.761829e-18 1.054941e-06
-2.000000e-02 3.997996e-19 1.052007e-06
-1.900000e-02 1.151965e-19 1.041440e-06
-1.800000e-02 5.929231e-19 1.023799e-06
-1.700000e-02 1.423015e-18 9.996163e-07
-1.600000e-02 2.744387e-19 9.693977e-07
-1.500000e-02 2.049820e-18 9.336252e-07
-1.400000e-02 3.892963e-18 8.927575e-07
-1.300000e-02 1.400992e-18 8.472317e-07
-1.200000e-02 7.504712e-19 7.974648e-07
-1.100000e-02 1.258691e-18 7.438551e-07
-1.000000e-02 3.333922e-18 6.867834e-07
-9.000000e-03 2.161205e-18 6.266149e-07
-8.000000e-03 2.189580e-19 5.637004e-07
-7.000000e-03 5.730178e-19 4.983775e-07
-6.000000e-03 9.507945e-19 4.309725e-07
-5.000000e-03 1.318830e-18 3.618017e-07
-4.000000e-03 1.740123e-18 2.911724e-07
-3.000000e-03 2.553169e-18 2.193851e-07
-2.000000e-03 9.492328e-19 1.467342e-07
-1.000000e-03 1.575846e-18 7.351006e-08
8.812395e-16 8.643214e-19 4.607859e-19
1.000000e-03 1.627060e-18 7.351006e-08
2.000000e-03 1.160938e-18 1.467342e-07
3.000000e-03 8.048136e-19 2.193851e-07
4.000000e-03 5.480833e-19 2.911724e-07
5.000000e-03 2.556769e-18 3.618017e-07
6.000000e-03 1.467485e-18 4.309725e-07
7.000000e-03 7.993873e-19 4.983775e-07
8.000000e-03 1.965540e-18 5.637004e-07
9.000000e-03 2.955721e-18 6.266149e-07
1.000000e-02 8.300923e-19 6.867834e-07
1.100000e-02 6.844026e-19 7.438551e-07
1.200000e-02 1.151965e-19 7.974648e-07
1.300000e-02 3.811648e-19 8.472317e-07
1.400000e-02 3.279712e-18 8.927575e-07
1.500000e-02 9.554532e-19 9.336252e-07
1.600000e-02 2.405574e-19 9.693977e-07
1.700000e-02 1.104531e-18 9.996163e-07
1.800000e-02 1.392522e-18 1.023799e-06
1.900000e-02 1.287490e-19 1.041440e-06
2.000000e-02 1.240056e-18 1.052007e-06
2.100000e-02 5.488773e-19 1.054941e-06
2.200000e-02 1.212951e-18 1.049652e-06
2.300000e-02 8.809143e-19 1.035523e-06
2.400000e-02 4.336809e-19 1.011903e-06
2.500000e-02 1.816039e-18 9.781093e-07
2.600000e-02 7.724940e-19 9.334235e-07
2.700000e-02 3.523657e-19 8.770918e-07
2.800000e-02 5.692061e-19 8.083228e-07
2.900000e-02 5.014435e-19 7.262863e-07
3.000000e-02 2.710505e-19 6.301117e-07
3.100000e-02 2.710505e-20 5.188867e-07
3.200000e-02 2.168404e-19 3.916559e-07
3.300000e-02 2.710505e-20 2.474189e-07
3.400000e-02 1.355253e-19 8.512970e-08
3.500000e-02 2.710505e-20 9.622662e-08
3.600000e-02 1.626303e-19 2.960359e-07
3.700000e-02 4.336809e-19 5.121305e-07
3.800000e-02 1.626303e-19 7.423303e-07
3.900000e-02 3.252607e-19 9.845084e-07
4.000000e-02 1.626303e-19 1.236593e-06
4.100000e-02 5.421011e-20 1.496568e-06
4.200000e-02 1.626303e-18 1.762474e-06
4.300000e-02 6.505213e-19 2.032414e-06
4.400000e-02 1.192622e-18 2.304548e-06
4.500000e-02 2.168404e-19 2.577098e-06
4.600000e-02 1.192622e-18 2.848352e-06
4.700000e-02 1.084202e-19 3.116661e-06
4.800000e-02 4.336809e-19 3.380442e-06
4.900000e-02 4.336809e-19 3.638181e-06
5.000000e-02 3.469447e-18 3.888431e-06
5.100000e-02 8.673617e-19 4.129818e-06
5.200000e-02 9.757820e-19 4.361038e-06
5.300000e-02 3.252607e-19 4.580863e-06
5.400000e-02 6.505213e-19 4.788136e-06
5.500000e-02 4.011548e-18 4.981780e-06
5.600000e-02 1.843144e-18 5.160794e-06
5.700000e-02 2.168404e-19 5.324256e-06
5.800000e-02 1.084202e-19 5.471325e-06
5.900000e-02 6.505213e-19 5.601243e-06
6.000000e-02 6.505213e-19 5.713335e-06
6.100000e-02 4.336809e-18 5.807009e-06
6.200000e-02 4.770490e-18 5.881762e-06
6.300000e-02 1.301043e-18 5.937178e-06
6.400000e-02 2.168404e-18 5.972930e-06
6.500000e-02 4.119968e-18 5.988783e-06
6.600000e-02 2.385245e-18 5.984591e-06
6.700000e-02 1.517883e-18 5.960305e-06
6.800000e-02 3.903128e-18 5.915970e-06
6.900000e-02 2.168404e-18 5.851726e-06
7.000000e-02 2.385245e-18 5.767814e-06
7.100000e-02 5.421011e-18 5.664570e-06
7.200000e-02 2.168404e-19 5.542435e-06
7.300000e-02 4.336809e-19 5.401950e-06
7.400000e-02 8.673617e-19 5.243760e-06
7.500000e-02 2.602085e-18 5.068616e-06
7.600000e-02 8.673617e-19 4.877374e-06
7.700000e-02 0.000000e+00 4.670999e-06
7.800000e-02 1.734723e-18 4.450566e-06
7.900000e-02 2.168404e-18 4.217260e-06
8.000000e-02 8.673617e-19 3.972378e-06
8.100000e-02 3.469447e-18 3.717331e-06
8.200000e-02 2.168404e-18 3.453647e-06
8.300000e-02 1.734723e-18 3.182967e-06
8.400000e-02 2.168404e-18 2.907054e-06
8.500000e-02 3.469447e-18 2.627788e-06
8.600000e-02 3.035766e-18 2.347171e-06
8.700000e-02 5.637851e-18 2.067327e-06
8.800000e-02 4.336809e-19 1.790503e-06
8.900000e-02 1.734723e-18 1.519073e-06
9.000000e-02 3.903128e-18 1.255537e-06
9.100000e-02 8.673617e-19 1.002522e-06
9.200000e-02 3.035766e-18 7.627875e-07
9.300000e-02 4.336809e-18 5.392209e-07
9.400000e-02 1.734723e-18 3.348437e-07
9.500000e-02 8.673617e-19 1.528110e-07
9.600000e-02 8.673617e-19 3.586620e-09
9.700000e-02 0.000000e+00 1.309220e-07
9.800000e-02 8.673617e-19 2.256296e-07
9.900000e-02 2.602085e-18 2.840043e-07
1.000000e-01 2.602085e-18 3.021997e-07
1.010000e-01 2.602085e-18 2.762269e-07
1.020000e-01 8.673617e-19 2.019531e-07
1.030000e-01 1.734723e-18 7.510004e-08
1.040000e-01 8.673617e-19 1.084701e-07
1.050000e-01 8.673617e-19 3.477968e-07
1.060000e-01 4.336809e-18 6.374857e-07
1.070000e-01 3.469447e-18 9.721396e-07
1.080000e-01 0.000000e+00 1.346514e-06
1.090000e-01 1.734723e-18 1.755517e-06
1.100000e-01 8.673617e-19 2.194215e-06
1.110000e-01 4.336809e-18 2.657830e-06
1.120000e-01 1.734723e-18 3.141741e-06
1.130000e-01 8.673617e-19 3.641489e-06
1.140000e-01 5.204170e-18 4.152774e-06
1.150000e-01 8.673617e-19 4.671462e-06
1.160000e-01 2.602085e-18 5.193580e-06
1.170000e-01 2.602085e-18 5.715323e-06
1.180000e-01 1.734723e-18 6.233051e-06
1.190000e-01 0.000000e+00 6.743293e-06
1.200000e-01 3.469447e-18 7.242748e-06
1.210000e-01 0.000000e+00 7.728289e-06
1.220000e-01 1.734723e-18 8.196957e-06
1.230000e-01 6.938894e-18 8.645971e-06
1.240000e-01 0.000000e+00 9.072723e-06
1.250000e-01 5.204170e-18 9.474786e-06
1.260000e-01 1.734723e-18 9.849906e-06
1.270000e-01 0.000000e+00 1.019601e-05
1.280000e-01 1.040834e-17 1.051122e-05
1.290000e-01 3.469447e-18 1.079382e-05
1.300000e-01 0.000000e+00 1.104229e-05
1.310000e-01 1.734723e-18 1.125528e-05
1.320000e-01 3.469447e-18 1.143167e-05
1.330000e-01 0.000000e+00 1.157047e-05
1.340000e-01 1.734723e-18 1.167093e-05
1.350000e-01 5.204170e-18 1.173246e-05
1.360000e-01 6.938894e-18 1.175467e-05
1.370000e-01 8.673617e-18 1.173739e-05
1.380000e-01 1.040834e-17 1.168060e-05
1.390000e-01 3.469447e-18 1.158451e-05
1.400000e-01 3.469447e-18 1.144952e-05
1.410000e-01 3.469447e-18 1.127623e-05
1.420000e-01 1.214306e-17 1.106544e-05
1.430000e-01 8.673617e-18 1.081816e-05
1.440000e-01 1.734723e-18 1.053560e-05
1.450000e-01 1.214306e-17 1.021917e-05
1.460000e-01 1.734723e-18 9.870497e-06
1.470000e-01 6.938894e-18 9.491408e-06
1.480000e-01 1.214306e-17 9.083947e-06
1.490000e-01 3.469447e-18 8.650367e-06
1.500000e-01 0.000000e+00 8.193135e-06
1.510000e-01 0.000000e+00 7.714931e-06
1.520000e-01 6.938894e-18 7.218654e-06
1.530000e-01 3.469447e-18 6.707417e-06
1.540000e-01 6.938894e-18 6.184553e-06
1.550000e-01 0.000000e+00 5.653617e-06
1.560000e-01 6.938894e-18 5.118384e-06
1.570000e-01 6.938894e-18 4.582852e-06
1.580000e-01 0.000000e+00 4.051245e-06
1.590000e-01 2.081668e-17 3.528013e-06
1.600000e-01 3.469447e-18 3.017831e-06
1.610000e-01 6.938894e-18 2.525606e-06
1.620000e-01 1.040834e-17 2.056474e-06
1.630000e-01 3.469447e-18 1.615804e-06
1.640000e-01 3.469447e-18 1.209196e-06
1.650000e-01 6.938894e-18 8.424865e-07
1.660000e-01 0.000000e+00 5.217483e-07
1.670000e-01 1.040834e-17 2.532908e-07
1.680000e-01 1.040834e-17 4.366306e-08
1.690000e-01 1.040834e-17 1.003456e-07
1.700000e-01 1.040834e-17 1.717040e-07
1.710000e-01 0.000000e+00 1.631373e-07
1.720000e-01 6.938894e-18 6.712617e-08
1.730000e-01 1.387779e-17 1.235200e-07
1.740000e-01 0.000000e+00 4.071466e-07
1.750000e-01 1.734723e-17 7.750897e-07
1.760000e-01 0.000000e+00 1.218734e-06
1.770000e-01 0.000000e+00 1.729715e-06
1.780000e-01 3.469447e-18 2.299924e-06
1.790000e-01 1.734723e-17 2.921506e-06
1.800000e-01 3.469447e-18 3.586860e-06
1.810000e-01 1.734723e-17 4.288647e-06
1.820000e-01 3.469447e-18 5.019784e-06
1.830000e-01 1.387779e-17 5.773449e-06
1.840000e-01 6.938894e-18 6.543085e-06
1.850000e-01 2.081668e-17 7.322395e-06
1.860000e-01 1.040834e-17 8.105348e-06
1.870000e-01 1.040834e-17 8.886180e-06
1.880000e-01 0.000000e+00 9.659394e-06
1.890000e-01 1.040834e-17 1.041976e-05
1.900000e-01 2.775558e-17 1.116233e-05
1.910000e-01 2.775558e-17 1.188242e-05
1.920000e-01 1.387779e-17 1.257560e-05
1.930000e-01 1.387779e-17 1.323776e-05
1.940000e-01 1.387779e-17 1.386502e-05
1.950000e-01 2.775558e-17 1.445381e-05
1.960000e-01 6.938894e-18 1.500083e-05
1.970000e-01 6.938894e-18 1.550305e-05
1.980000e-01 2.775558e-17 1.595774e-05
1.990000e-01 1.387779e-17 1.636243e-05
2.000000e-01 1.387779e-17 1.671497e-05
2.010000e-01 2.081668e-17 1.701347e-05
2.020000e-01 6.938894e-18 1.725632e-05
2.030000e-01 2.081668e-17 1.744223e-05
2.040000e-01 6.938894e-18 1.757018e-05
2.050000e-01 2.775558e-17 1.763945e-05
2.060000e-01 6.938894e-18 1.764961e-05
2.070000e-01 6.938894e-18 1.760052e-05
2.080000e-01 2.081668e-17 1.749234e-05
2.090000e-01 1.387779e-17 1.732555e-05
2.100000e-01 1.387779e-17 1.710089e-05
2.110000e-01 2.081668e-17 1.681943e-05
2.120000e-01 6.938894e-18 1.648254e-05
2.130000e-01 6.938894e-18 1.609187e-05
2.140000e-01 0.000000e+00 1.564941e-05
2.150000e-01 2.081668e-17 1.515743e-05
2.160000e-01 1.387779e-17 1.461852e-05
2.170000e-01 1.387779e-17 1.403557e-05
2.180000e-01 6.938894e-18 1.341181e-05
2.190000e-01 6.938894e-18 1.275074e-05
2.200000e-01 1.387779e-17 1.205620e-05
2.210000e-01 6.938894e-18 1.133234e-05
2.220000e-01 1.387779e-17 1.058363e-05
2.230000e-01 2.775558e-17 9.814856e-06
2.240000e-01 6.938894e-18 9.031119e-06
2.250000e-01 2.081668e-17 8.237846e-06
2.260000e-01 0.000000e+00 7.440785e-06
2.270000e-01 1.387779e-17 6.646009e-06
2.280000e-01 6.938894e-18 5.859916e-06
2.290000e-01 2.775558e-17 5.089231e-06
2.300000e-01 2.081668e-17 4.341007e-06
2.310000e-01 3.469447e-17 3.622626e-06
2.320000e-01 4.163336e-17 2.941804e-06
2.330000e-01 0.000000e+00 2.306585e-06
2.340000e-01 4.163336e-17 1.725352e-06
2.350000e-01 0.000000e+00 1.206821e-06
2.360000e-01 6.938894e-18 7.600445e-07
2.370000e-01 3.469447e-17 3.944145e-07
2.380000e-01 2.775558e-17 1.196627e-07
2.390000e-01 4.163336e-17 5.413840e-08
2.400000e-01 2.081668e-17 1.165731e-07
2.410000e-01 0.000000e+00 5.688175e-08
2.420000e-01 6.938894e-18 1.350864e-07
2.430000e-01 2.081668e-17 4.566557e-07
2.440000e-01 1.387779e-17 8.958959e-07
2.450000e-01 4.163336e-17 1.441009e-06
2.460000e-01 1.387779e-17 2.080549e-06
2.470000e-01 1.387779e-17 2.803421e-06
2.480000e-01 6.938894e-17 3.598886e-06
2.490000e-01 1.387779e-17 4.456560e-06
2.500000e-01 0.000000e+00 5.366417e-06
2.510000e-01 5.551115e-17 6.318787e-06
2.520000e-01 1.387779e-17 7.304363e-06
2.530000e-01 0.000000e+00 8.314199e-06
2.540000e-01 1.387779e-17 9.339709e-06
2.550000e-01 2.775558e-17 1.037267e-05
2.560000e-01 1.387779e-17 1.140524e-05
2.570000e-01 1.387779e-17 1.242992e-05
2.580000e-01 2.775558e-17 1.343960e-05
2.590000e-01 2.775558e-17 1.442753e-05
2.600000e-01 0.000000e+00 1.538734e-05
2.610000e-01 1.387779e-17 1.631301e-05
2.620000e-01 4.163336e-17 1.719892e-05
2.630000e-01 1.387779e-17 1.803982e-05
2.640000e-01 4.163336e-17 1.883083e-05
2.650000e-01 1.387779e-17 1.956745e-05
2.660000e-01 2.775558e-17 2.024557e-05
2.670000e-01 0.000000e+00 2.086145e-05
2.680000e-01 4.163336e-17 2.141174e-05
2.690000e-01 0.000000e+00 2.189348e-05
2.700000e-01 2.775558e-17 2.230407e-05
2.710000e-01 2.775558e-17 2.264133e-05
2.720000e-01 1.387779e-17 2.290344e-05
2.730000e-01 1.387779e-17 2.308900e-05
2.740000e-01 1.387779e-17 2.319698e-05
2.750000e-01 4.163336e-17 2.322674e-05
2.760000e-01 2.775558e-17 2.317806e-05
2.770000e-01 1.387779e-17 2.305109e-05
2.780000e-01 0.000000e+00 2.284639e-05
2.790000e-01 0.000000e+00 2.256492e-05
2.800000e-01 2.775558e-17 2.220803e-05
2.810000e-01 0.000000e+00 2.177748e-05
2.820000e-01 5.551115e-17 2.127542e-05
2.830000e-01 4.163336e-17 2.070444e-05
2.840000e-01 0.000000e+00 2.006750e-05
2.850000e-01 4.163336e-17 1.936797e-05
2.860000e-01 0.000000e+00 1.860965e-05
2.870000e-01 0.000000e+00 1.779674e-05
2.880000e-01 0.000000e+00 1.693385e-05
2.890000e-01 2.775558e-17 1.602600e-05
2.900000e-01 5.551115e-17 1.507863e-05
2.910000e-01 0.000000e+00 1.409759e-05
2.920000e-01 4.163336e-17 1.308916e-05
2.930000e-01 4.163336e-17 1.206003e-05
2.940000e-01 0.000000e+00 1.101731e-05
2.950000e-01 6.938894e-17 9.968542e-06
2.960000e-01 2.775558e-17 8.921673e-06
2.970000e-01 4.163336e-17 7.885089e-06
2.980000e-01 1.387779e-17 6.867599e-06
2.990000e-01 2.775558e-17 5.878438e-06
3.000000e-01 8.326673e-17 4.927272e-06
3.010000e-01 4.163336e-17 4.024197e-06
3.020000e-01 2.775558e-17 3.179740e-06
3.030000e-01 0.000000e+00 2.404863e-06
3.040000e-01 4.163336e-17 1.710961e-06
3.050000e-01 2.775558e-17 1.109867e-06
3.060000e-01 8.326673e-17 6.138523e-07
3.070000e-01 2.775558e-17 2.356247e-07
3.080000e-01 1.387779e-17 1.166525e-08
3.090000e-01 8.326673e-17 1.144254e-07
3.100000e-01 4.163336e-17 5.862027e-08
3.110000e-01 9.714451e-17 1.687822e-07
3.120000e-01 4.163336e-17 5.636980e-07
3.130000e-01 2.775558e-17 1.110808e-06
3.140000e-01 6.938894e-17 1.795030e-06
3.150000e-01 5.551115e-17 2.601735e-06
3.160000e-01 6.938894e-17 3.516743e-06
3.170000e-01 6.938894e-17 4.526330e-06
3.180000e-01 6.938894e-17 5.617226e-06
3.190000e-01 8.326673e-17 6.776617e-06
3.200000e-01 1.387779e-17 7.992149e-06
3.210000e-01 2.775558e-17 9.251926e-06
3.220000e-01 8.326673e-17 1.054451e-05
3.230000e-01 1.387779e-16 1.185893e-05
3.240000e-01 0.000000e+00 1.318468e-05
3.250000e-01 8.326673e-17 1.451171e-05
3.260000e-01 1.110223e-16 1.583045e-05
3.270000e-01 5.551115e-17 1.713178e-05
3.280000e-01 1.110223e-16 1.840706e-05
3.290000e-01 2.775558e-17 1.964814e-05
3.300000e-01 8.326673e-17 2.084730e-05
3.310000e-01 2.775558e-17 2.199732e-05
3.320000e-01 1.665335e-16 2.309147e-05
3.330000e-01 8.326673e-17 2.412346e-05
3.340000e-01 2.775558e-17 2.508750e-05
3.350000e-01 2.775558e-17 2.597829e-05
3.360000e-01 5.551115e-17 2.679097e-05
3.370000e-01 8.326673e-17 2.752122e-05
3.380000e-01 1.110223e-16 2.816515e-05
3.390000e-01 5.551115e-17 2.871940e-05
3.400000e-01 2.775558e-17 2.918105e-05
3.410000e-01 2.775558e-17 2.954771e-05
3.420000e-01 0.000000e+00 2.981747e-05
3.430000e-01 1.387779e-16 2.998888e-05
3.440000e-01 5.551115e-17 3.006103e-05
3.450000e-01 5.551115e-17 3.003347e-05
3.460000e-01 1.387779e-16 2.990626e-05
3.470000e-01 2.775558e-17 2.967995e-05
3.480000e-01 8.326673e-17 2.935559e-05
3.490000e-01 5.551115e-17 2.893473e-05
3.500000e-01 5.551115e-17 2.841942e-05
3.510000e-01 1.110223e-16 2.781223e-05
3.520000e-01 1.665335e-16 2.711620e-05
3.530000e-01 2.775558e-17 2.633490e-05
3.540000e-01 5.551115e-17 2.547240e-05
3.550000e-01 8.326673e-17 2.453328e-05
3.560000e-01 5.551115e-17 2.352263e-05
3.570000e-01 2.775558e-17 2.244606e-05
3.580000e-01 2.775558e-17 2.130966e-05
3.590000e-01 0.000000e+00 2.012007e-05
3.600000e-01 2.775558e-17 1.888443e-05
3.610000e-01 0.000000e+00 1.761040e-05
3.620000e-01 2.775558e-17 1.630616e-05
3.630000e-01 5.551115e-17 1.498040e-05
3.640000e-01 1.387779e-16 1.364235e-05
3.650000e-01 2.775558e-17 1.230174e-05
3.660000e-01 5.551115e-17 1.096884e-05
3.670000e-01 0.000000e+00 9.654439e-06
3.680000e-01 0.000000e+00 8.369862e-06
3.690000e-01 8.326673e-17 7.126950e-06
3.700000e-01 2.775558e-17 5.938082e-06
3.710000e-01 1.387779e-16 4.816165e-06
3.720000e-01 8.326673e-17 3.774639e-06
3.730000e-01 1.110223e-16 2.827480e-06
3.740000e-01 0.000000e+00 1.989199e-06
3.750000e-01 0.000000e+00 1.274843e-06
3.760000e-01 5.551115e-17 6.999990e-07
3.770000e-01 2.775558e-17 2.807929e-07
3.780000e-01 1.387779e-16 3.389264e-08
3.790000e-01 2.775558e-17 2.349104e-08
3.800000e-01 1.387779e-16 1.243548e-07
3.810000e-01 2.775558e-17 4.718267e-07
3.820000e-01 2.775558e-17 1.000606e-06
3.830000e-01 2.775558e-17 1.692737e-06
3.840000e-01 2.775558e-17 2.530815e-06
3.850000e-01 0.000000e+00 3.497984e-06
3.860000e-01 2.775558e-17 4.577944e-06
3.870000e-01 2.775558e-17 5.754948e-06
3.880000e-01 0.000000e+00 7.013804e-06
3.890000e-01 1.110223e-16 8.339880e-06
3.900000e-01 2.775558e-17 9.719099e-06
3.910000e-01 2.775558e-17 1.113795e-05
3.920000e-01 5.551115e-17 1.258347e-05
3.930000e-01 5.551115e-17 1.404328e-05
3.940000e-01 5.551115e-17 1.550555e-05
3.950000e-01 5.551115e-17 1.695902e-05
3.960000e-01 8.326673e-17 1.839300e-05
3.970000e-01 0.000000e+00 1.979736e-05
3.980000e-01 2.775558e-17 2.116256e-05
3.990000e-01 5.551115e-17 2.247960e-05
4.000000e-01 8.326673e-17 2.374008e-05
4.010000e-01 0.000000e+00 2.493617e-05
4.020000e-01 0.000000e+00 2.606061e-05
4.030000e-01 8.326673e-17 2.710671e-05
4.040000e-01 1.665335e-16 2.806838e-05
4.050000e-01 5.551115e-17 2.894010e-05
4.060000e-01 8.326673e-17 2.971692e-05
4.070000e-01 0.000000e+00 3.039449e-05
4.080000e-01 8.326673e-17 3.096903e-05
4.090000e-01 8.326673e-17 3.143737e-05
4.100000e-01 1.110223e-16 3.179690e-05
4.110000e-01 1.665335e-16 3.204561e-05
4.120000e-01 0.000000e+00 3.218208e-05
4.130000e-01 5.551115e-17 3.220550e-05
4.140000e-01 1.387779e-16 3.211562e-05
4.150000e-01 2.775558e-17 3.191280e-05
4.160000e-01 8.326673e-17 3.159800e-05
4.170000e-01 2.775558e-17 3.117279e-05
4.180000e-01 8.326673e-17 3.063930e-05
4.190000e-01 2.775558e-17 3.000029e-05
4.200000e-01 2.775558e-17 2.925913e-05
4.210000e-01 2.775558e-17 2.841977e-05
4.220000e-01 8.326673e-17 2.748677e-05
4.230000e-01 0.000000e+00 2.646531e-05
4.240000e-01 8.326673e-17 2.536117e-05
4.250000e-01 2.775558e-17 2.418072e-05
4.260000e-01 1.110223e-16 2.293097e-05
4.270000e-01 1.665335e-16 2.161953e-05
4.280000e-01 1.110223e-16 2.025463e-05
4.290000e-01 1.387779e-16 1.884509e-05
4.300000e-01 8.326673e-17 1.740038e-05
4.310000e-01 2.775558e-17 1.593057e-05
4.320000e-01 5.551115e-17 1.444635e-05
4.330000e-01 2.775558e-17 1.295903e-05
4.340000e-01 1.110223e-16 1.148054e-05
4.350000e-01 2.775558e-17 1.002345e-05
4.360000e-01 2.775558e-17 8.600932e-06
4.370000e-01 1.387779e-16 7.226801e-06
4.380000e-01 2.775558e-17 5.915493e-06
4.390000e-01 2.220446e-16 4.682073e-06
4.400000e-01 1.110223e-16 3.542239e-06
4.410000e-01 1.110223e-16 2.512319e-06
4.420000e-01 8.326673e-17 1.609277e-06
4.430000e-01 2.775558e-17 8.507108e-07
4.440000e-01 8.326673e-17 2.548538e-07
4.450000e-01 1.110223e-16 1.594214e-07
4.460000e-01 1.665335e-16 3.726032e-07
4.470000e-01 1.387779e-16 3.645393e-07
4.480000e-01 0.000000e+00 1.144352e-07
4.490000e-01 5.551115e-17 3.962552e-07
4.500000e-01 8.326673e-17 1.159253e-06
4.510000e-01 2.220446e-16 2.151748e-06
4.520000e-01 0.000000e+00 3.351414e-06
4.530000e-01 2.775558e-17 4.736579e-06
4.540000e-01 2.775558e-17 6.286220e-06
4.550000e-01 5.551115e-17 7.979964e-06
4.560000e-01 2.775558e-17 9.798095e-06
4.570000e-01 2.775558e-17 1.172155e-05
4.580000e-01 1.110223e-16 1.373193e-05
4.590000e-01 1.387779e-16 1.581147e-05
4.600000e-01 1.942890e-16 1.794311e-05
4.610000e-01 1.942890e-16 2.011040e-05
4.620000e-01 2.775558e-17 2.229758e-05
4.630000e-01 2.775558e-17 2.448955e-05
4.640000e-01 1.387779e-16 2.667189e-05
4.650000e-01 5.551115e-17 2.883081e-05
4.660000e-01 1.387779e-16 3.095322e-05
4.670000e-01 8.326673e-17 3.302669e-05
4.680000e-01 0.000000e+00 3.503945e-05
4.690000e-01 1.110223e-16 3.698043e-05
4.700000e-01 1.387779e-16 3.883920e-05
4.710000e-01 8.326673e-17 4.060603e-05
4.720000e-01 2.498002e-16 4.227186e-05
4.730000e-01 1.110223e-16 4.382831e-05
4.740000e-01 8.326673e-17 4.526767e-05
4.750000e-01 5.551115e-17 4.658291e-05
4.760000e-01 0.000000e+00 4.776771e-05
4.770000e-01 2.775558e-17 4.881640e-05
4.780000e-01 1.942890e-16 4.972401e-05
4.790000e-01 2.775558e-16 5.048627e-05
4.800000e-01 1.110223e-16 5.109957e-05
4.810000e-01 2.498002e-16 5.156101e-05
4.820000e-01 1.110223e-16 5.186838e-05
4.830000e-01 1.942890e-16 5.202016e-05
4.840000e-01 8.326673e-17 5.201551e-05
4.850000e-01 2.775558e-16 5.185431e-05
4.860000e-01 1.110223e-16 5.153712e-05
4.870000e-01 1.665335e-16 5.106520e-05
4.880000e-01 8.326673e-17 5.044053e-05
4.890000e-01 2.498002e-16 4.966575e-05
4.900000e-01 1.110223e-16 4.874425e-05
4.910000e-01 1.387779e-16 4.768009e-05
4.920000e-01 2.498002e-16 4.647805e-05
4.930000e-01 8.326673e-17 4.514361e-05
4.940000e-01 1.110223e-16 4.368297e-05
4.950000e-01 1.387779e-16 4.210303e-05
4.960000e-01 1.665335e-16 4.041140e-05
4.970000e-01 8.326673e-17 3.861641e-05
4.980000e-01 1.387779e-16 3.672710e-05
4.990000e-01 1.387779e-16 3.475323e-05
5.000000e-01 1.110223e-16 3.270527e-05
5.010000e-01 2.775558e-17 3.059441e-05
5.020000e-01 1.665335e-16 2.843257e-05
5.030000e-01 2.498002e-16 2.623238e-05
5.040000e-01 5.551115e-17 2.400720e-05
5.050000e-01 1.387779e-16 2.177110e-05
5.060000e-01 1.110223e-16 1.953890e-05
5.070000e-01 3.608225e-16 1.732613e-05
5.080000e-01 2.498002e-16 1.514905e-05
5.090000e-01 1.110223e-16 1.302465e-05
5.100000e-01 5.551115e-17 1.097066e-05
5.110000e-01 1.110223e-16 9.005534e-06
5.120000e-01 1.110223e-16 7.148466e-06
5.130000e-01 2.775558e-17 5.419383e-06
5.140000e-01 5.551115e-17 3.838949e-06
5.150000e-01 1.110223e-16 2.428567e-06
5.160000e-01 1.387779e-16 1.210381e-06
5.170000e-01 2.775558e-17 2.072759e-07
5.180000e-01 2.498002e-16 5.605359e-07
5.190000e-01 1.665335e-16 1.100994e-06
5.200000e-01 2.775558e-16 1.435823e-06
5.210000e-01 5.551115e-17 1.586107e-06
5.220000e-01 8.326673e-17 1.572183e-06
5.230000e-01 2.775558e-17 1.413640e-06
5.240000e-01 1.665335e-16 1.129312e-06
5.250000e-01 0.000000e+00 7.372806e-07
5.260000e-01 8.326673e-17 2.548740e-07
5.270000e-01 3.330669e-16 3.013364e-07
5.280000e-01 2.220446e-16 9.155366e-07
5.290000e-01 0.000000e+00 1.572671e-06
5.300000e-01 0.000000e+00 2.258446e-06
5.310000e-01 2.220446e-16 2.959327e-06
5.320000e-01 1.387779e-16 3.662544e-06
5.330000e-01 5.551115e-17 4.356093e-06
5.340000e-01 1.665335e-16 5.028734e-06
5.350000e-01 2.498002e-16 5.669995e-06
5.360000e-01 2.220446e-16 6.270174e-06
5.370000e-01 1.387779e-16 6.820339e-06
5.380000e-01 4.163336e-16 7.312328e-06
5.390000e-01 5.551115e-17 7.738755e-06
5.400000e-01 1.387779e-16 8.093007e-06
5.410000e-01 8.326673e-17 8.369247e-06
5.420000e-01 8.326673e-17 8.562418e-06
5.430000e-01 2.775558e-17 8.668239e-06
5.440000e-01 1.942890e-16 8.683212e-06
5.450000e-01 2.498002e-16 8.604618e-06
5.460000e-01 3.885781e-16 8.430524e-06
5.470000e-01 3.053113e-16 8.159782e-06
5.480000e-01 2.775558e-17 7.792027e-06
5.490000e-01 1.665335e-16 7.327684e-06
5.500000e-01 2.775558e-17 6.767969e-06
5.510000e-01 5.828671e-16 6.114884e-06
5.520000e-01 1.665335e-16 5.371228e-06
5.530000e-01 8.326673e-17 4.540588e-06
5.540000e-01 2.775558e-16 3.627351e-06
5.550000e-01 3.053113e-16 2.636697e-06
5.560000e-01 2.498002e-16 1.574606e-06
5.570000e-01 0.000000e+00 4.478549e-07
5.580000e-01 2.775558e-17 7.359772e-07
5.590000e-01 3.608225e-16 1.968510e-06
5.600000e-01 2.220446e-16 3.240558e-06
5.610000e-01 1.942890e-16 4.542132e-06
5.620000e-01 5.551115e-17 5.862438e-06
5.630000e-01 2.775558e-17 7.189871e-06
5.640000e-01 5.551115e-17 8.512019e-06
5.650000e-01 1.110223e-16 9.815658e-06
5.660000e-01 1.665335e-16 1.108675e-05
5.670000e-01 3.053113e-16 1.231045e-05
5.680000e-01 1.665335e-16 1.347109e-05
5.690000e-01 3.885781e-16 1.455220e-05
5.700000e-01 8.326673e-17 1.553646e-05
5.710000e-01 2.220446e-16 1.640577e-05
5.720000e-01 3.330669e-16 1.714119e-05
5.730000e-01 8.326673e-17 1.772295e-05
5.740000e-01 2.775558e-17 1.813047e-05
5.750000e-01 8.326673e-17 1.834234e-05
5.760000e-01 3.053113e-16 1.833632e-05
5.770000e-01 1.110223e-16 1.808935e-05
5.780000e-01 1.110223e-16 1.757754e-05
5.790000e-01 2.775558e-17 1.677615e-05
5.800000e-01 1.665335e-16 1.565964e-05
5.810000e-01 3.053113e-16 1.420161e-05
5.820000e-01 1.942890e-16 1.237484e-05
5.830000e-01 1.387779e-16 1.015126e-05
5.840000e-01 2.775558e-16 7.501970e-06
5.850000e-01 8.326673e-17 4.397234e-06
5.860000e-01 5.551115e-17 8.064690e-07
5.870000e-01 1.665335e-16 3.295538e-06
5.880000e-01 1.942890e-16 7.887914e-06
5.890000e-01 2.775558e-17 1.292919e-05
5.900000e-01 2.775558e-16 1.837862e-05
5.910000e-01 8.326673e-17 2.419633e-05
5.920000e-01 0.000000e+00 3.034327e-05
5.930000e-01 1.387779e-16 3.678126e-05
5.940000e-01 3.608225e-16 4.347297e-05
5.950000e-01 2.775558e-17 5.038191e-05
5.960000e-01 1.665335e-16 5.747245e-05
5.970000e-01 1.387779e-16 6.470984e-05
5.980000e-01 4.440892e-16 7.206016e-05
5.990000e-01 0.000000e+00 7.949035e-05
6.000000e-01 2.498002e-16 8.696824e-05
6.010000e-01 1.665335e-16 9.446248e-05
6.020000e-01 0.000000e+00 1.019426e-04
6.030000e-01 2.220446e-16 1.093791e-04
6.040000e-01 1.665335e-16 1.167431e-04
6.050000e-01 1.387779e-16 1.240068e-04
6.060000e-01 6.106227e-16 1.311433e-04
6.070000e-01 2.220446e-16 1.381263e-04
6.080000e-01 2.775558e-16 1.449307e-04
6.090000e-01 3.608225e-16 1.515321e-04
6.100000e-01 4.302114e-16 1.579070e-04
6.110000e-01 3.469447e-16 1.640327e-04
6.120000e-01 1.665335e-16 1.698875e-04
6.130000e-01 6.522560e-16 1.754505e-04
6.140000e-01 1.804112e-16 1.807018e-04
6.150000e-01 4.163336e-17 1.856223e-04
6.160000e-01 1.665335e-16 1.901937e-04
6.170000e-01 5.828671e-16 1.943988e-04
6.180000e-01 1.387779e-16 1.982210e-04
6.190000e-01 1.387779e-17 2.016448e-04
6.200000e-01 1.387779e-16 2.046556e-04
6.210000e-01 3.191891e-16 2.072396e-04
6.220000e-01 7.355228e-16 2.093839e-04
6.230000e-01 3.885781e-16 2.110765e-04
6.240000e-01 5.828671e-16 2.123063e-04
6.250000e-01 9.853229e-16 2.130631e-04
6.260000e-01 2.914335e-16 2.133377e-04
6.270000e-01 5.689893e-16 2.131217e-04
6.280000e-01 5.551115e-17 2.124074e-04
6.290000e-01 8.326673e-17 2.111885e-04
6.300000e-01 6.383782e-16 2.094591e-04
6.310000e-01 3.469447e-16 2.072145e-04
6.320000e-01 6.453171e-16 2.044508e-04
6.330000e-01 6.106227e-16 2.011651e-04
6.340000e-01 1.110223e-16 1.973552e-04
6.350000e-01 6.106227e-16 1.930202e-04
6.360000e-01 5.273559e-16 1.881596e-04
6.370000e-01 3.677614e-16 1.827743e-04
6.380000e-01 3.816392e-17 1.768658e-04
6.390000e-01 6.557255e-16 1.704366e-04
6.400000e-01 1.044304e-15 1.634902e-04
6.410000e-01 2.671474e-16 1.560309e-04
6.420000e-01 2.393918e-16 1.480640e-04
6.430000e-01 1.856154e-16 1.395957e-04
6.440000e-01 1.387779e-16 1.306331e-04
6.450000e-01 1.110223e-16 1.211843e-04
6.460000e-01 2.129373e-16 1.112582e-04
6.470000e-01 4.293441e-16 1.008648e-04
6.480000e-01 1.040834e-17 9.001497e-05
6.490000e-01 2.706169e-16 7.872036e-05
6.500000e-01 2.775558e-17 6.699373e-05
6.510000e-01 2.706169e-16 5.484871e-05
6.520000e-01 2.046974e-16 4.229987e-05
6.530000e-01 1.595946e-16 2.936273e-05
6.540000e-01 4.857226e-17 1.605373e-05
6.550000e-01 1.457168e-16 2.390268e-06
6.560000e-01 1.179612e-16 1.160967e-05
6.570000e-01 2.220446e-16 2.592941e-05
6.580000e-01 2.498002e-16 4.055232e-05
6.590000e-01 9.714451e-17 5.546078e-05
6.600000e-01 1.387779e-17 7.063624e-05
6.610000e-01 8.326673e-17 8.605922e-05
6.620000e-01 3.608225e-16 1.017093e-04
6.630000e-01 1.526557e-16 1.175650e-04
6.640000e-01 4.024558e-16 1.336040e-04
6.650000e-01 7.077672e-16 1.498030e-04
6.660000e-01 7.216450e-16 1.661378e-04
6.670000e-01 1.249001e-15 1.825831e-04
6.680000e-01 4.302114e-16 1.991127e-04
6.690000e-01 1.804112e-16 2.156996e-04
6.700000e-01 9.020562e-16 2.323155e-04
6.710000e-01 1.554312e-15 2.489315e-04
6.720000e-01 6.661338e-16 2.655175e-04
6.730000e-01 3.608225e-16 2.820425e-04
6.740000e-01 2.470246e-15 2.984746e-04
6.750000e-01 2.775558e-16 3.147807e-04
6.760000e-01 1.276756e-15 3.309271e-04
6.770000e-01 1.332268e-15 3.468788e-04
6.780000e-01 8.326673e-16 3.626000e-04
6.790000e-01 6.383782e-16 3.780539e-04
6.800000e-01 8.604228e-16 3.932026e-04
6.810000e-01 2.831069e-15 4.080074e-04
6.820000e-01 2.942091e-15 4.224285e-04
6.830000e-01 1.110223e-16 4.364252e-04
6.840000e-01 1.554312e-15 4.499558e-04
6.850000e-01 1.637579e-15 4.629775e-04
6.860000e-01 2.775558e-16 4.754467e-04
6.870000e-01 1.193490e-15 4.873187e-04
6.880000e-01 1.970646e-15 4.985478e-04
6.890000e-01 3.247402e-15 5.090875e-04
6.900000e-01 3.830269e-15 5.188899e-04
6.910000e-01 2.553513e-15 5.279066e-04
6.920000e-01 3.302913e-15 5.360879e-04
6.930000e-01 4.440892e-16 5.433831e-04
6.940000e-01 1.998401e-15 5.497406e-04
6.950000e-01 6.661338e-16 5.551079e-04
6.960000e-01 9.436896e-16 5.594312e-04
6.970000e-01 1.609823e-15 5.626561e-04
6.980000e-01 1.720846e-15 5.647268e-04
6.990000e-01 6.106227e-16 5.655867e-04
7.000000e-01 1.720846e-15 5.651783e-04
7.010000e-01 4.829470e-15 5.634428e-04
7.020000e-01 3.497203e-15 5.603206e-04
7.030000e-01 2.775558e-16 5.557512e-04
7.040000e-01 2.664535e-15 5.496727e-04
7.050000e-01 7.771561e-16 5.420226e-04
7.060000e-01 3.885781e-16 5.327371e-04
7.070000e-01 1.110223e-15 5.217515e-04
7.080000e-01 1.942890e-15 5.090002e-04
7.090000e-01 6.106227e-16 4.944163e-04
7.100000e-01 1.165734e-15 4.779322e-04
7.110000e-01 4.329870e-15 4.594790e-04
7.120000e-01 5.551115e-16 4.389869e-04
7.130000e-01 1.332268e-15 4.163852e-04
7.140000e-01 9.992007e-16 3.916019e-04
7.150000e-01 1.332268e-15 3.645641e-04
7.160000e-01 1.110223e-15 3.351981e-04
7.170000e-01 1.110223e-16 3.034287e-04
7.180000e-01 1.221245e-15 2.691802e-04
7.190000e-01 3.330669e-16 2.323754e-04
7.200000e-01 1.665335e-16 1.929363e-04
7.210000e-01 1.110223e-16 1.507839e-04
7.220000e-01 3.330669e-16 1.058381e-04
7.230000e-01 1.110223e-16 5.801764e-05
7.240000e-01 1.110223e-16 7.240436e-06
7.250000e-01 4.440892e-16 4.654458e-05
7.260000e-01 1.110223e-16 1.031939e-04
7.270000e-01 7.771561e-16 1.624915e-04
7.280000e-01 3.330669e-16 2.242222e-04
7.290000e-01 3.330669e-16 2.881722e-04
7.300000e-01 1.332268e-15 3.541284e-04
7.310000e-01 9.992007e-16 4.218788e-04
7.320000e-01 1.443290e-15 4.912125e-04
7.330000e-01 1.110223e-15 5.619199e-04
7.340000e-01 3.330669e-15 6.337920e-04
7.350000e-01 7.771561e-16 7.066212e-04
7.360000e-01 9.992007e-16 7.802007e-04
7.370000e-01 3.996803e-15 8.543250e-04
7.380000e-01 2.220446e-15 9.287896e-04
7.390000e-01 3.330669e-16 1.003391e-03
7.400000e-01 5.218048e-15 1.077927e-03
7.410000e-01 2.220446e-15 1.152195e-03
7.420000e-01 1.887379e-15 1.225997e-03
7.430000e-01 2.553513e-15 1.299131e-03
7.440000e-01 2.664535e-15 1.371402e-03
7.450000e-01 4.218847e-15 1.442610e-03
7.460000e-01 3.330669e-16 1.512560e-03
7.470000e-01 0.000000e+00 1.581058e-03
7.480000e-01 1.554312e-15 1.647910e-03
7.490000e-01 4.440892e-16 1.712921e-03
7.500000e-01 4.662937e-15 1.775902e-03
7.510000e-01 1.998401e-15 1.836661e-03
7.520000e-01 2.331468e-15 1.895009e-03
7.530000e-01 1.998401e-15 1.950757e-03
7.540000e-01 1.354472e-14 2.003718e-03
7.550000e-01 3.108624e-15 2.053705e-03
7.560000e-01 8.770762e-15 2.100534e-03
7.570000e-01 9.325873e-15 2.144019e-03
7.580000e-01 2.109424e-15 2.183979e-03
7.590000e-01 1.898481e-14 2.220231e-03
7.600000e-01 2.220446e-16 2.252595e-03
7.610000e-01 4.218847e-15 2.280890e-03
7.620000e-01 1.432188e-14 2.304938e-03
7.630000e-01 2.997602e-15 2.324561e-03
7.640000e-01 1.354472e-14 2.339583e-03
7.650000e-01 2.109424e-15 2.349828e-03
7.660000e-01 3.552714e-15 2.355123e-03
7.670000e-01 2.220446e-16 2.355293e-03
7.680000e-01 4.440892e-15 2.350168e-03
7.690000e-01 8.770762e-15 2.339575e-03
7.700000e-01 7.771561e-16 2.323345e-03
7.710000e-01 6.439294e-15 2.301310e-03
7.720000e-01 1.332268e-14 2.273301e-03
7.730000e-01 1.287859e-14 2.239152e-03
7.740000e-01 1.487699e-14 2.198698e-03
7.750000e-01 2.220446e-16 2.151774e-03
7.760000e-01 0.000000e+00 2.098218e-03
7.770000e-01 1.176836e-14 2.037866e-03
7.780000e-01 6.883383e-15 1.970558e-03
7.790000e-01 7.771561e-15 1.896135e-03
7.800000e-01 1.554312e-15 1.814437e-03
7.810000e-01 1.110223e-15 1.725307e-03
7.820000e-01 1.998401e-15 1.628589e-03
7.830000e-01 3.774758e-15 1.524126e-03
7.840000e-01 3.108624e-15 1.411765e-03
7.850000e-01 1.043610e-14 1.291353e-03
7.860000e-01 3.330669e-15 1.162737e-03
7.870000e-01 3.774758e-15 1.025768e-03
7.880000e-01 1.776357e-15 8.802944e-04
7.890000e-01 2.220446e-15 7.261685e-04
7.900000e-01 2.220446e-16 5.632428e-04
7.910000e-01 1.332268e-15 3.913708e-04
7.920000e-01 2.220446e-16 2.104074e-04
7.930000e-01 2.220446e-16 2.020858e-05
7.940000e-01 1.554312e-15 1.792751e-04
7.950000e-01 4.440892e-16 3.875814e-04
7.960000e-01 2.220446e-16 6.040731e-04
7.970000e-01 0.000000e+00 8.281120e-04
7.980000e-01 1.998401e-15 1.059059e-03
7.990000e-01 8.215650e-15 1.296272e-03
8.000000e-01 1.998401e-15 1.539111e-03
8.010000e-01 1.132427e-14 1.786932e-03
8.020000e-01 2.220446e-16 2.039091e-03
8.030000e-01 1.554312e-15 2.294943e-03
8.040000e-01 2.198242e-14 2.553841e-03
8.050000e-01 1.443290e-14 2.815139e-03
8.060000e-01 3.552714e-15 3.078186e-03
8.070000e-01 4.152234e-14 3.342334e-03
8.080000e-01 7.549517e-15 3.606932e-03
8.090000e-01 6.217249e-15 3.871326e-03
8.100000e-01 3.241851e-14 4.134864e-03
8.110000e-01 7.771561e-15 4.396891e-03
8.120000e-01 4.440892e-15 4.656752e-03
8.130000e-01 1.199041e-14 4.913789e-03
8.140000e-01 6.217249e-15 5.167345e-03
8.150000e-01 2.220446e-16 5.416760e-03
8.160000e-01 2.664535e-14 5.661374e-03
8.170000e-01 1.043610e-14 5.900525e-03
8.180000e-01 3.175238e-14 6.133551e-03
8.190000e-01 6.084022e-14 6.359788e-03
8.200000e-01 3.042011e-14 6.578571e-03
8.210000e-01 4.085621e-14 6.789233e-03
8.220000e-01 1.065814e-14 6.991107e-03
8.230000e-01 1.643130e-14 7.183525e-03
8.240000e-01 1.354472e-14 7.365816e-03
8.250000e-01 2.087219e-14 7.537309e-03
8.260000e-01 5.551115e-15 7.697333e-03
8.270000e-01 1.221245e-14 7.845214e-03
8.280000e-01 8.704149e-14 7.980278e-03
8.290000e-01 1.021405e-13 8.101848e-03
8.300000e-01 1.008083e-13 8.209248e-03
8.310000e-01 3.064216e-14 8.301799e-03
8.320000e-01 8.726353e-14 8.378823e-03
8.330000e-01 1.398881e-14 8.439639e-03
8.340000e-01 6.394885e-14 8.483565e-03
8.350000e-01 8.881784e-14 8.509917e-03
8.360000e-01 7.549517e-14 8.518013e-03
8.370000e-01 5.395684e-14 8.507167e-03
8.380000e-01 5.595524e-14 8.476692e-03
8.390000e-01 1.048051e-13 8.425900e-03
8.400000e-01 1.563194e-13 8.354102e-03
8.410000e-01 1.083578e-13 8.260609e-03
8.420000e-01 1.190159e-13 8.144729e-03
8.430000e-01 0.000000e+00 8.005769e-03
8.440000e-01 7.682743e-14 7.843036e-03
8.450000e-01 2.220446e-14 7.655834e-03
8.460000e-01 5.684342e-14 7.443468e-03
8.470000e-01 7.549517e-14 7.205239e-03
8.480000e-01 7.371881e-14 6.940450e-03
8.490000e-01 6.750156e-14 6.648401e-03
8.500000e-01 2.753353e-14 6.328390e-03
8.510000e-01 4.307665e-14 5.979714e-03
8.520000e-01 2.708944e-14 5.601672e-03
8.530000e-01 5.018208e-14 5.193557e-03
8.540000e-01 4.263256e-14 4.754663e-03
8.550000e-01 7.993606e-15 4.284285e-03
8.560000e-01 1.110223e-14 3.781712e-03
8.570000e-01 1.554312e-14 3.246236e-03
8.580000e-01 2.486900e-14 2.677145e-03
8.590000e-01 3.774758e-14 2.073727e-03
8.600000e-01 3.996803e-15 1.435270e-03
8.610000e-01 1.110223e-14 7.610578e-04
8.620000e-01 4.440892e-16 5.037515e-05
8.630000e-01 1.776357e-15 6.970536e-04
8.640000e-01 4.440892e-15 1.479332e-03
8.650000e-01 1.865175e-14 2.293898e-03
8.660000e-01 2.131628e-14 3.138189e-03
8.670000e-01 1.243450e-14 4.009645e-03
8.680000e-01 4.218847e-14 4.905707e-03
8.690000e-01 1.110223e-14 5.823817e-03
8.700000e-01 7.904788e-14 6.761418e-03
8.710000e-01 2.842171e-14 7.715956e-03
8.720000e-01 4.307665e-14 8.684876e-03
8.730000e-01 1.465494e-14 9.665625e-03
8.740000e-01 9.769963e-14 1.065565e-02
8.750000e-01 1.407763e-13 1.165241e-02
8.760000e-01 8.881784e-16 1.265334e-02
8.770000e-01 2.220446e-15 1.365590e-02
8.780000e-01 3.779199e-13 1.465755e-02
8.790000e-01 3.934630e-13 1.565573e-02
8.800000e-01 4.840572e-14 1.664791e-02
8.810000e-01 4.249934e-13 1.763154e-02
8.820000e-01 3.215206e-13 1.860408e-02
8.830000e-01 2.193801e-13 1.956299e-02
8.840000e-01 3.193001e-13 2.050574e-02
8.850000e-01 2.002842e-13 2.142977e-02
8.860000e-01 1.865175e-14 2.233256e-02
8.870000e-01 3.708145e-13 2.321158e-02
8.880000e-01 1.447731e-13 2.406428e-02
8.890000e-01 1.287859e-14 2.488814e-02
8.900000e-01 2.700062e-13 2.568062e-02
8.910000e-01 3.268497e-13 2.643919e-02
8.920000e-01 4.307665e-13 2.716133e-02
8.930000e-01 5.822010e-13 2.784451e-02
8.940000e-01 3.836931e-13 2.848620e-02
8.950000e-01 8.713030e-13 2.908388e-02
8.960000e-01 5.773160e-13 2.963502e-02
8.970000e-01 5.213607e-13 3.013710e-02
8.980000e-01 9.463541e-13 3.058760e-02
8.990000e-01 2.131628e-13 3.098400e-02
9.000000e-01 4.862777e-13 3.132378e-02
9.010000e-01 2.353673e-13 3.160442e-02
9.020000e-01 1.315392e-12 3.182342e-02
9.030000e-01 1.492140e-13 3.197825e-02
9.040000e-01 1.558753e-13 3.206640e-02
9.050000e-01 9.676704e-13 3.208535e-02
9.060000e-01 4.516387e-13 3.203261e-02
9.070000e-01 3.943512e-13 3.190565e-02
9.080000e-01 4.063416e-13 3.170198e-02
9.090000e-01 5.404566e-13 3.141908e-02
9.100000e-01 1.040501e-12 3.105445e-02
9.110000e-01 3.108624e-14 3.060558e-02
9.120000e-01 3.033129e-13 3.006997e-02
9.130000e-01 2.116085e-12 2.944513e-02
9.140000e-01 7.234213e-13 2.872854e-02
9.150000e-01 8.881784e-15 2.791772e-02
9.160000e-01 3.383960e-13 2.701016e-02
9.170000e-01 1.461054e-13 2.600336e-02
9.180000e-01 1.361578e-12 2.489484e-02
9.190000e-01 5.018208e-14 2.368210e-02
9.200000e-01 3.463896e-13 2.236264e-02
9.210000e-01 4.289902e-13 2.093398e-02
9.220000e-01 3.463896e-14 1.939362e-02
9.230000e-01 4.565237e-13 1.773908e-02
9.240000e-01 1.758593e-13 1.596788e-02
9.250000e-01 1.403322e-13 1.407751e-02
9.260000e-01 4.440892e-13 1.206551e-02
9.270000e-01 4.494183e-13 9.929389e-03
9.280000e-01 7.105427e-15 7.666661e-03
9.290000e-01 1.234568e-13 5.274848e-03
9.300000e-01 1.909584e-13 2.751473e-03
9.310000e-01 1.776357e-15 9.405576e-05
9.320000e-01 1.687539e-14 2.698102e-03
9.330000e-01 4.618528e-14 5.617823e-03
9.340000e-01 1.856293e-13 8.655741e-03
9.350000e-01 6.208367e-13 1.180249e-02
9.360000e-01 1.373124e-12 1.504870e-02
9.370000e-01 8.171241e-14 1.838501e-02
9.380000e-01 9.752199e-13 2.180205e-02
9.390000e-01 5.693224e-13 2.529044e-02
9.400000e-01 1.302958e-12 2.884081e-02
9.410000e-01 7.895906e-13 3.244379e-02
9.420000e-01 3.074874e-12 3.609001e-02
9.430000e-01 2.911449e-12 3.977007e-02
9.440000e-01 2.106759e-12 4.347462e-02
9.450000e-01 9.237056e-13 4.719426e-02
9.460000e-01 1.865175e-12 5.091963e-02
9.470000e-01 2.225775e-12 5.464132e-02
9.480000e-01 1.135980e-12 5.834997e-02
9.490000e-01 2.775558e-12 6.203619e-02
9.500000e-01 7.842615e-12 6.569058e-02
9.510000e-01 4.396483e-13 6.930377e-02
9.520000e-01 4.938272e-13 7.286636e-02
9.530000e-01 3.058886e-12 7.636897e-02
9.540000e-01 3.294254e-12 7.980220e-02
9.550000e-01 2.461142e-12 8.315665e-02
9.560000e-01 3.540279e-12 8.642295e-02
9.570000e-01 4.959588e-12 8.959167e-02
9.580000e-01 5.801581e-12 9.265345e-02
9.590000e-01 5.785594e-12 9.559886e-02
9.600000e-01 6.767920e-12 9.841851e-02
9.610000e-01 4.685141e-12 1.011030e-01
9.620000e-01 4.064304e-12 1.036429e-01
9.630000e-01 1.003642e-13 1.060289e-01
9.640000e-01 7.292833e-12 1.082515e-01
9.650000e-01 1.320455e-11 1.103013e-01
9.660000e-01 1.319744e-11 1.121690e-01
9.670000e-01 7.573497e-12 1.138450e-01
9.680000e-01 1.556977e-12 1.153200e-01
9.690000e-01 2.864375e-12 1.165847e-01
9.700000e-01 4.730438e-12 1.176294e-01
9.710000e-01 1.378275e-11 1.184450e-01
9.720000e-01 2.945200e-12 1.190218e-01
9.730000e-01 1.179057e-11 1.193506e-01
9.740000e-01 2.724931e-12 1.194219e-01
9.750000e-01 6.949108e-12 1.192262e-01
9.760000e-01 1.810996e-12 1.187542e-01
9.770000e-01 6.518341e-12 1.179965e-01
9.780000e-01 1.047162e-12 1.169435e-01
9.790000e-01 7.062795e-12 1.155859e-01
9.800000e-01 1.174438e-11 1.139143e-01
9.810000e-01 2.159162e-12 1.119192e-01
9.820000e-01 1.026024e-11 1.095912e-01
9.830000e-01 1.263079e-11 1.069208e-01
9.840000e-01 8.015810e-12 1.038987e-01
9.850000e-01 1.107558e-11 1.005154e-01
9.860000e-01 9.733547e-12 9.676138e-02
9.870000e-01 3.153922e-12 9.262731e-02
9.880000e-01 6.364687e-12 8.810372e-02
9.890000e-01 5.695000e-12 8.318116e-02
9.900000e-01 5.682566e-12 7.785020e-02
9.910000e-01 1.584866e-11 7.210139e-02
9.920000e-01 1.138112e-11 6.592529e-02
9.930000e-01 2.019629e-11 5.931244e-02
9.940000e-01 2.202594e-11 5.225341e-02
9.950000e-01 1.776357e-13 4.473874e-02
9.960000e-01 4.208189e-12 3.675898e-02
9.970000e-01 9.583445e-13 2.830468e-02
9.980000e-01 1.809219e-12 1.936639e-02
9.990000e-01 2.790657e-12 9.934645e-03
