-1.000000e+00 0.000000e+00 0.000000e+00
-9.990000e-01 5.417255e+04 9.785644e-03
-9.980000e-01 1.023500e+05 1.971959e-02
-9.970000e-01 1.449787e+05 2.982311e-02
-9.960000e-01 1.824784e+05 4.011939e-02
-9.950000e-01 2.152432e+05 5.063375e-02
-9.940000e-01 2.436432e+05 6.139402e-02
-9.930000e-01 2.680258e+05 7.243090e-02
-9.920000e-01 2.887165e+05 8.377847e-02
-9.910000e-01 3.060204e+05 9.547473e-02
-9.900000e-01 3.202232e+05 1.075623e-01
-9.890000e-01 3.315921e+05 1.200893e-01
-9.880000e-01 3.403772e+05 1.331106e-01
-9.870000e-01 3.468119e+05 1.466887e-01
-9.860000e-01 3.511141e+05 1.608960e-01
-9.850000e-01 3.534869e+05 1.758168e-01
-9.840000e-01 3.541199e+05 1.915501e-01
-9.830000e-01 3.531892e+05 2.082137e-01
-9.820000e-01 3.508587e+05 2.259492e-01
-9.810000e-01 3.472808e+05 2.449293e-01
-9.800000e-01 3.425966e+05 2.653677e-01
-9.790000e-01 3.369370e+05 2.875337e-01
-9.780000e-01 3.304233e+05 3.117735e-01
-9.770000e-01 3.231674e+05 3.385434e-01
-9.760000e-01 3.152727e+05 3.684624e-01
-9.750000e-01 3.068345e+05 4.024007e-01
-9.740000e-01 2.979404e+05 4.416388e-01
-9.730000e-01 2.886710e+05 4.881753e-01
-9.720000e-01 2.791000e+05 5.453923e-01
-9.710000e-01 2.692949e+05 6.197325e-01
-9.700000e-01 2.593175e+05 7.260715e-01
-9.690000e-01 2.492239e+05 9.150954e-01
-9.680000e-01 2.390653e+05 1.423378e+00
-9.670000e-01 2.288864e+05 8.567296e-01
-9.660000e-01 2.187305e+05 6.966248e-01
-9.650000e-01 2.086346e+05 5.997268e-01
-9.640000e-01 1.986323e+05 5.300092e-01
-9.630000e-01 1.887534e+05 4.755100e-01
-9.620000e-01 1.790246e+05 4.307602e-01
-9.610000e-01 1.694692e+05 3.927985e-01
-9.600000e-01 1.601078e+05 3.598399e-01
-9.590000e-01 1.509581e+05 3.307258e-01
-9.580000e-01 1.420355e+05 3.046617e-01
-9.570000e-01 1.333530e+05 2.810793e-01
-9.560000e-01 1.249213e+05 2.595585e-01
-9.550000e-01 1.167496e+05 2.397801e-01
-9.540000e-01 1.088449e+05 2.214961e-01
-9.530000e-01 1.012126e+05 2.045102e-01
-9.520000e-01 9.385675e+04 1.886647e-01
-9.510000e-01 8.677995e+04 1.738307e-01
-9.500000e-01 7.998350e+04 1.599022e-01
-9.490000e-01 7.346760e+04 1.467907e-01
-9.480000e-01 6.723143e+04 1.344217e-01
-9.470000e-01 6.127319e+04 1.227321e-01
-9.460000e-01 5.559030e+04 1.116682e-01
-9.450000e-01 5.017938e+04 1.011837e-01
-9.440000e-01 4.503642e+04 9.123868e-02
-9.430000e-01 4.015679e+04 8.179846e-02
-9.420000e-01 3.553537e+04 7.283288e-02
-9.410000e-01 3.116655e+04 6.431557e-02
-9.400000e-01 2.704436e+04 5.622336e-02
-9.390000e-01 2.316247e+04 4.853591e-02
-9.380000e-01 1.951428e+04 4.123526e-02
-9.370000e-01 1.609295e+04 3.430557e-02
-9.360000e-01 1.289144e+04 2.773279e-02
-9.350000e-01 9.902570e+03 2.150453e-02
-9.340000e-01 7.119052e+03 1.560976e-02
-9.330000e-01 4.533514e+03 1.003875e-02
-9.320000e-01 2.138540e+03 4.782851e-03
-9.310000e-01 7.330289e+01 1.655940e-04
-9.300000e-01 2.109436e+03 4.814502e-03
-9.290000e-01 3.977248e+03 9.175155e-03
-9.280000e-01 5.684071e+03 1.325906e-02
-9.270000e-01 7.237162e+03 1.707707e-02
-9.260000e-01 8.643687e+03 2.063948e-02
-9.250000e-01 9.910702e+03 2.395604e-02
-9.240000e-01 1.104514e+04 2.703603e-02
-9.230000e-01 1.205381e+04 2.988829e-02
-9.220000e-01 1.294335e+04 3.252127e-02
-9.210000e-01 1.372028e+04 3.494306e-02
-9.200000e-01 1.439093e+04 3.716141e-02
-9.190000e-01 1.496147e+04 3.918376e-02
-9.180000e-01 1.543789e+04 4.101728e-02
-9.170000e-01 1.582601e+04 4.266889e-02
-9.160000e-01 1.613146e+04 4.414525e-02
-9.150000e-01 1.635969e+04 4.545281e-02
-9.140000e-01 1.651596e+04 4.659782e-02
-9.130000e-01 1.660533e+04 4.758634e-02
-9.120000e-01 1.663270e+04 4.842426e-02
-9.110000e-01 1.660274e+04 4.911728e-02
-9.100000e-01 1.651996e+04 4.967100e-02
-9.090000e-01 1.638869e+04 5.009082e-02
-9.080000e-01 1.621304e+04 5.038206e-02
-9.070000e-01 1.599697e+04 5.054987e-02
-9.060000e-01 1.574424e+04 5.059933e-02
-9.050000e-01 1.545843e+04 5.053538e-02
-9.040000e-01 1.514298e+04 5.036287e-02
-9.030000e-01 1.480110e+04 5.008656e-02
-9.020000e-01 1.443589e+04 4.971112e-02
-9.010000e-01 1.405025e+04 4.924113e-02
-9.000000e-01 1.364692e+04 4.868109e-02
-8.990000e-01 1.322852e+04 4.803543e-02
-8.980000e-01 1.279747e+04 4.730852e-02
-8.970000e-01 1.235608e+04 4.650466e-02
-8.960000e-01 1.190650e+04 4.562806e-02
-8.950000e-01 1.145075e+04 4.468292e-02
-8.940000e-01 1.099071e+04 4.367334e-02
-8.930000e-01 1.052814e+04 4.260340e-02
-8.920000e-01 1.006467e+04 4.147711e-02
-8.910000e-01 9.601815e+03 4.029844e-02
-8.900000e-01 9.140969e+03 3.907132e-02
-8.890000e-01 8.683422e+03 3.779962e-02
-8.880000e-01 8.230356e+03 3.648720e-02
-8.870000e-01 7.782853e+03 3.513785e-02
-8.860000e-01 7.341898e+03 3.375534e-02
-8.850000e-01 6.908384e+03 3.234341e-02
-8.840000e-01 6.483116e+03 3.090575e-02
-8.830000e-01 6.066816e+03 2.944603e-02
-8.820000e-01 5.660127e+03 2.796790e-02
-8.810000e-01 5.263615e+03 2.647495e-02
-8.800000e-01 4.877775e+03 2.497078e-02
-8.790000e-01 4.503036e+03 2.345894e-02
-8.780000e-01 4.139762e+03 2.194296e-02
-8.770000e-01 3.788256e+03 2.042635e-02
-8.760000e-01 3.448766e+03 1.891259e-02
-8.750000e-01 3.121486e+03 1.740515e-02
-8.740000e-01 2.806559e+03 1.590746e-02
-8.730000e-01 2.504085e+03 1.442296e-02
-8.720000e-01 2.214115e+03 1.295504e-02
-8.710000e-01 1.936665e+03 1.150710e-02
-8.700000e-01 1.671710e+03 1.008249e-02
-8.690000e-01 1.419190e+03 8.684562e-03
-8.680000e-01 1.179016e+03 7.316659e-03
-8.670000e-01 9.510646e+02 5.982096e-03
-8.660000e-01 7.351895e+02 4.684177e-03
-8.650000e-01 5.312174e+02 3.426191e-03
-8.640000e-01 3.389529e+02 2.211413e-03
-8.630000e-01 1.581804e+02 1.043106e-03
-8.620000e-01 1.133434e+01 7.548090e-05
-8.610000e-01 1.698418e+02 1.141926e-03
-8.600000e-01 3.176071e+02 2.156472e-03
-8.590000e-01 4.549081e+02 3.119912e-03
-8.580000e-01 5.820337e+02 4.033053e-03
-8.570000e-01 6.992825e+02 4.896708e-03
-8.560000e-01 8.069611e+02 5.711705e-03
-8.550000e-01 9.053826e+02 6.478877e-03
-8.540000e-01 9.948655e+02 7.199069e-03
-8.530000e-01 1.075732e+03 7.873137e-03
-8.520000e-01 1.148309e+03 8.501942e-03
-8.510000e-01 1.212922e+03 9.086357e-03
-8.500000e-01 1.269899e+03 9.627261e-03
-8.490000e-01 1.319569e+03 1.012554e-02
-8.480000e-01 1.362259e+03 1.058209e-02
-8.470000e-01 1.398292e+03 1.099782e-02
-8.460000e-01 1.427991e+03 1.137363e-02
-8.450000e-01 1.451675e+03 1.171045e-02
-8.440000e-01 1.469658e+03 1.200919e-02
-8.430000e-01 1.482252e+03 1.227078e-02
-8.420000e-01 1.489760e+03 1.249617e-02
-8.410000e-01 1.492482e+03 1.268630e-02
-8.400000e-01 1.490712e+03 1.284210e-02
-8.390000e-01 1.484736e+03 1.296455e-02
-8.380000e-01 1.474835e+03 1.305460e-02
-8.370000e-01 1.461281e+03 1.311321e-02
-8.360000e-01 1.444340e+03 1.314135e-02
-8.350000e-01 1.424270e+03 1.314001e-02
-8.340000e-01 1.401322e+03 1.311016e-02
-8.330000e-01 1.375737e+03 1.305278e-02
-8.320000e-01 1.347750e+03 1.296887e-02
-8.310000e-01 1.317586e+03 1.285943e-02
-8.300000e-01 1.285463e+03 1.272544e-02
-8.290000e-01 1.251591e+03 1.256792e-02
-8.280000e-01 1.216170e+03 1.238787e-02
-8.270000e-01 1.179393e+03 1.218630e-02
-8.260000e-01 1.141445e+03 1.196423e-02
-8.250000e-01 1.102501e+03 1.172267e-02
-8.240000e-01 1.062730e+03 1.146266e-02
-8.230000e-01 1.022291e+03 1.118521e-02
-8.220000e-01 9.813361e+02 1.089136e-02
-8.210000e-01 9.400086e+02 1.058214e-02
-8.200000e-01 8.984446e+02 1.025858e-02
-8.190000e-01 8.567725e+02 9.921732e-03
-8.180000e-01 8.151130e+02 9.572629e-03
-8.170000e-01 7.735794e+02 9.212320e-03
-8.160000e-01 7.322780e+02 8.841854e-03
-8.150000e-01 6.913079e+02 8.462283e-03
-8.140000e-01 6.507612e+02 8.074661e-03
-8.130000e-01 6.107236e+02 7.680045e-03
-8.120000e-01 5.712742e+02 7.279496e-03
-8.110000e-01 5.324857e+02 6.874076e-03
-8.100000e-01 4.944249e+02 6.464849e-03
-8.090000e-01 4.571525e+02 6.052884e-03
-8.080000e-01 4.207237e+02 5.639250e-03
-8.070000e-01 3.851880e+02 5.225020e-03
-8.060000e-01 3.505898e+02 4.811268e-03
-8.050000e-01 3.169684e+02 4.399071e-03
-8.040000e-01 2.843581e+02 3.989508e-03
-8.030000e-01 2.527886e+02 3.583660e-03
-8.020000e-01 2.222852e+02 3.182611e-03
-8.010000e-01 1.928688e+02 2.787444e-03
-8.000000e-01 1.645564e+02 2.399248e-03
-7.990000e-01 1.373610e+02 2.019112e-03
-7.980000e-01 1.112921e+02 1.648126e-03
-7.970000e-01 8.635555e+01 1.287383e-03
-7.960000e-01 6.255400e+01 9.379789e-04
-7.950000e-01 3.988701e+01 6.010087e-04
-7.940000e-01 1.835120e+01 2.775710e-04
-7.930000e-01 2.059513e+00 3.123485e-05
-7.920000e-01 2.135379e+01 3.246247e-04
-7.910000e-01 3.954267e+01 6.027457e-04
-7.900000e-01 5.663941e+01 8.659140e-04
-7.890000e-01 7.265934e+01 1.114444e-03
-7.880000e-01 8.761968e+01 1.348649e-03
-7.870000e-01 1.015394e+02 1.568840e-03
-7.860000e-01 1.144390e+02 1.775329e-03
-7.850000e-01 1.263407e+02 1.968422e-03
-7.840000e-01 1.372676e+02 2.148429e-03
-7.830000e-01 1.472444e+02 2.315655e-03
-7.820000e-01 1.562966e+02 2.470405e-03
-7.810000e-01 1.644508e+02 2.612982e-03
-7.800000e-01 1.717343e+02 2.743688e-03
-7.790000e-01 1.781750e+02 2.862826e-03
-7.780000e-01 1.838018e+02 2.970693e-03
-7.770000e-01 1.886436e+02 3.067590e-03
-7.760000e-01 1.927299e+02 3.153813e-03
-7.750000e-01 1.960906e+02 3.229659e-03
-7.740000e-01 1.987557e+02 3.295424e-03
-7.730000e-01 2.007553e+02 3.351400e-03
-7.720000e-01 2.021195e+02 3.397882e-03
-7.710000e-01 2.028785e+02 3.435161e-03
-7.700000e-01 2.030623e+02 3.463529e-03
-7.690000e-01 2.027008e+02 3.483276e-03
-7.680000e-01 2.018234e+02 3.494689e-03
-7.670000e-01 2.004597e+02 3.498059e-03
-7.660000e-01 1.986384e+02 3.493671e-03
-7.650000e-01 1.963882e+02 3.481812e-03
-7.640000e-01 1.937371e+02 3.462768e-03
-7.630000e-01 1.907127e+02 3.436822e-03
-7.620000e-01 1.873422e+02 3.404259e-03
-7.610000e-01 1.836520e+02 3.365361e-03
-7.600000e-01 1.796680e+02 3.320410e-03
-7.590000e-01 1.754155e+02 3.269686e-03
-7.580000e-01 1.709190e+02 3.213471e-03
-7.570000e-01 1.662025e+02 3.152044e-03
-7.560000e-01 1.612892e+02 3.085683e-03
-7.550000e-01 1.562015e+02 3.014666e-03
-7.540000e-01 1.509613e+02 2.939271e-03
-7.530000e-01 1.455894e+02 2.859774e-03
-7.520000e-01 1.401062e+02 2.776450e-03
-7.510000e-01 1.345311e+02 2.689575e-03
-7.500000e-01 1.288827e+02 2.599423e-03
-7.490000e-01 1.231790e+02 2.506267e-03
-7.480000e-01 1.174371e+02 2.410381e-03
-7.470000e-01 1.116734e+02 2.312037e-03
-7.460000e-01 1.059033e+02 2.211507e-03
-7.450000e-01 1.001417e+02 2.109061e-03
-7.440000e-01 9.440257e+01 2.004970e-03
-7.430000e-01 8.869918e+01 1.899504e-03
-7.420000e-01 8.304400e+01 1.792932e-03
-7.410000e-01 7.744879e+01 1.685522e-03
-7.400000e-01 7.192455e+01 1.577543e-03
-7.390000e-01 6.648157e+01 1.469262e-03
-7.380000e-01 6.112941e+01 1.360946e-03
-7.370000e-01 5.587696e+01 1.252861e-03
-7.360000e-01 5.073240e+01 1.145274e-03
-7.350000e-01 4.570326e+01 1.038448e-03
-7.340000e-01 4.079641e+01 9.326500e-04
-7.330000e-01 3.601809e+01 8.281431e-04
-7.320000e-01 3.137393e+01 7.251912e-04
-7.310000e-01 2.686893e+01 6.240576e-04
-7.300000e-01 2.250756e+01 5.250050e-04
-7.290000e-01 1.829367e+01 4.282956e-04
-7.280000e-01 1.423062e+01 3.341913e-04
-7.270000e-01 1.032121e+01 2.429533e-04
-7.260000e-01 6.567743e+00 1.548425e-04
-7.250000e-01 2.972052e+00 7.011924e-05
-7.240000e-01 4.645096e-01 1.095655e-05
-7.230000e-01 3.741029e+00 8.820385e-05
-7.220000e-01 6.857020e+00 1.616504e-04
-7.210000e-01 9.812400e+00 2.313586e-04
-7.200000e-01 1.260747e+01 2.973915e-04
-7.190000e-01 1.524291e+01 3.598122e-04
-7.180000e-01 1.771974e+01 4.186844e-04
-7.170000e-01 2.003929e+01 4.740723e-04
-7.160000e-01 2.220323e+01 5.260403e-04
-7.150000e-01 2.421349e+01 5.746533e-04
-7.140000e-01 2.607230e+01 6.199765e-04
-7.130000e-01 2.778213e+01 6.620755e-04
-7.120000e-01 2.934567e+01 7.010163e-04
-7.110000e-01 3.076586e+01 7.368652e-04
-7.100000e-01 3.204582e+01 7.696890e-04
-7.090000e-01 3.318886e+01 7.995546e-04
-7.080000e-01 3.419844e+01 8.265296e-04
-7.070000e-01 3.507822e+01 8.506815e-04
-7.060000e-01 3.583194e+01 8.720785e-04
-7.050000e-01 3.646349e+01 8.907891e-04
-7.040000e-01 3.697688e+01 9.068818e-04
-7.030000e-01 3.737618e+01 9.204258e-04
-7.020000e-01 3.766556e+01 9.314904e-04
-7.010000e-01 3.784926e+01 9.401454e-04
-7.000000e-01 3.793156e+01 9.464606e-04
-6.990000e-01 3.791678e+01 9.505064e-04
-6.980000e-01 3.780929e+01 9.523533e-04
-6.970000e-01 3.761345e+01 9.520723e-04
-6.960000e-01 3.733365e+01 9.497345e-04
-6.950000e-01 3.697427e+01 9.454114e-04
-6.940000e-01 3.653967e+01 9.391746e-04
-6.930000e-01 3.603421e+01 9.310963e-04
-6.920000e-01 3.546219e+01 9.212487e-04
-6.910000e-01 3.482789e+01 9.097044e-04
-6.900000e-01 3.413555e+01 8.965361e-04
-6.890000e-01 3.338933e+01 8.818171e-04
-6.880000e-01 3.259335e+01 8.656205e-04
-6.870000e-01 3.175166e+01 8.480201e-04
-6.860000e-01 3.086824e+01 8.290898e-04
-6.850000e-01 2.994697e+01 8.089035e-04
-6.840000e-01 2.899167e+01 7.875357e-04
-6.830000e-01 2.800606e+01 7.650609e-04
-6.820000e-01 2.699377e+01 7.415540e-04
-6.810000e-01 2.595833e+01 7.170901e-04
-6.800000e-01 2.490317e+01 6.917445e-04
-6.790000e-01 2.383162e+01 6.655927e-04
-6.780000e-01 2.274690e+01 6.387104e-04
-6.770000e-01 2.165212e+01 6.111736e-04
-6.760000e-01 2.055029e+01 5.830587e-04
-6.750000e-01 1.944428e+01 5.544419e-04
-6.740000e-01 1.833687e+01 5.253999e-04
-6.730000e-01 1.723073e+01 4.960096e-04
-6.720000e-01 1.612838e+01 4.663480e-04
-6.710000e-01 1.503226e+01 4.364924e-04
-6.700000e-01 1.394467e+01 4.065203e-04
-6.690000e-01 1.286781e+01 3.765093e-04
-6.680000e-01 1.180374e+01 3.465374e-04
-6.670000e-01 1.075442e+01 3.166826e-04
-6.660000e-01 9.721688e+00 2.870231e-04
-6.650000e-01 8.707278e+00 2.576375e-04
-6.640000e-01 7.712798e+00 2.286043e-04
-6.630000e-01 6.739748e+00 2.000025e-04
-6.620000e-01 5.789516e+00 1.719110e-04
-6.610000e-01 4.863383e+00 1.444091e-04
-6.600000e-01 3.962519e+00 1.175762e-04
-6.590000e-01 3.087991e+00 9.149168e-05
-6.580000e-01 2.240764e+00 6.623547e-05
-6.570000e-01 1.421698e+00 4.188743e-05
-6.560000e-01 6.315568e-01 1.852766e-05
-6.550000e-01 1.289917e-01 3.763682e-06
-6.540000e-01 8.593747e-01 2.493400e-05
-6.530000e-01 1.559110e+00 4.499751e-05
-6.520000e-01 2.227803e+00 6.397815e-05
-6.510000e-01 2.865146e+00 8.189967e-05
-6.500000e-01 3.470912e+00 9.878570e-05
-6.490000e-01 4.044957e+00 1.146597e-04
-6.480000e-01 4.587210e+00 1.295449e-04
-6.470000e-01 5.097676e+00 1.434645e-04
-6.460000e-01 5.576431e+00 1.564415e-04
-6.450000e-01 6.023617e+00 1.684986e-04
-6.440000e-01 6.439442e+00 1.796586e-04
-6.430000e-01 6.824175e+00 1.899441e-04
-6.420000e-01 7.178144e+00 1.993773e-04
-6.410000e-01 7.501733e+00 2.079805e-04
-6.400000e-01 7.795375e+00 2.157759e-04
-6.390000e-01 8.059557e+00 2.227853e-04
-6.380000e-01 8.294810e+00 2.290306e-04
-6.370000e-01 8.501707e+00 2.345334e-04
-6.360000e-01 8.680864e+00 2.393153e-04
-6.350000e-01 8.832932e+00 2.433977e-04
-6.340000e-01 8.958599e+00 2.468018e-04
-6.330000e-01 9.058583e+00 2.495488e-04
-6.320000e-01 9.133631e+00 2.516596e-04
-6.310000e-01 9.184516e+00 2.531552e-04
-6.300000e-01 9.212036e+00 2.540562e-04
-6.290000e-01 9.217008e+00 2.543832e-04
-6.280000e-01 9.200269e+00 2.541568e-04
-6.270000e-01 9.162670e+00 2.533973e-04
-6.260000e-01 9.105076e+00 2.521248e-04
-6.250000e-01 9.028365e+00 2.503596e-04
-6.240000e-01 8.933420e+00 2.481216e-04
-6.230000e-01 8.821134e+00 2.454306e-04
-6.220000e-01 8.692402e+00 2.423064e-04
-6.210000e-01 8.548123e+00 2.387686e-04
-6.200000e-01 8.389195e+00 2.348367e-04
-6.190000e-01 8.216514e+00 2.305301e-04
-6.180000e-01 8.030974e+00 2.258681e-04
-6.170000e-01 7.833464e+00 2.208698e-04
-6.160000e-01 7.624864e+00 2.155543e-04
-6.150000e-01 7.406047e+00 2.099405e-04
-6.140000e-01 7.177876e+00 2.040472e-04
-6.130000e-01 6.941202e+00 1.978932e-04
-6.120000e-01 6.696864e+00 1.914970e-04
-6.110000e-01 6.445685e+00 1.848771e-04
-6.100000e-01 6.188475e+00 1.780519e-04
-6.090000e-01 5.926026e+00 1.710398e-04
-6.080000e-01 5.659113e+00 1.638588e-04
-6.070000e-01 5.388493e+00 1.565270e-04
-6.060000e-01 5.114902e+00 1.490625e-04
-6.050000e-01 4.839057e+00 1.414830e-04
-6.040000e-01 4.561655e+00 1.338064e-04
-6.030000e-01 4.283369e+00 1.260502e-04
-6.020000e-01 4.004852e+00 1.182322e-04
-6.010000e-01 3.726732e+00 1.103696e-04
-6.000000e-01 3.449614e+00 1.024799e-04
-5.990000e-01 3.174082e+00 9.458035e-05
-5.980000e-01 2.900692e+00 8.668813e-05
-5.970000e-01 2.629979e+00 7.882029e-05
-5.960000e-01 2.362450e+00 7.099382e-05
-5.950000e-01 2.098590e+00 6.322561e-05
-5.940000e-01 1.838858e+00 5.553243e-05
-5.930000e-01 1.583689e+00 4.793100e-05
-5.920000e-01 1.333490e+00 4.043791e-05
-5.910000e-01 1.088647e+00 3.306967e-05
-5.900000e-01 8.495189e-01 2.584272e-05
-5.890000e-01 6.164395e-01 1.877337e-05
-5.880000e-01 3.897193e-01 1.187788e-05
-5.870000e-01 1.696438e-01 5.172398e-06
-5.860000e-01 4.352532e-02 1.327037e-06
-5.850000e-01 2.495503e-01 7.609055e-06
-5.840000e-01 4.482168e-01 1.367240e-05
-5.830000e-01 6.393334e-01 1.951725e-05
-5.820000e-01 8.227315e-01 2.514385e-05
-5.810000e-01 9.982645e-01 3.055253e-05
-5.800000e-01 1.165808e+00 3.574371e-05
-5.790000e-01 1.325258e+00 4.071790e-05
-5.780000e-01 1.476532e+00 4.547569e-05
-5.770000e-01 1.619568e+00 5.001774e-05
-5.760000e-01 1.754322e+00 5.434481e-05
-5.750000e-01 1.880771e+00 5.845774e-05
-5.740000e-01 1.998910e+00 6.235744e-05
-5.730000e-01 2.108750e+00 6.604490e-05
-5.720000e-01 2.210321e+00 6.952121e-05
-5.710000e-01 2.303670e+00 7.278752e-05
-5.700000e-01 2.388859e+00 7.584506e-05
-5.690000e-01 2.465964e+00 7.869515e-05
-5.680000e-01 2.535079e+00 8.133919e-05
-5.670000e-01 2.596307e+00 8.377863e-05
-5.660000e-01 2.649770e+00 8.601504e-05
-5.650000e-01 2.695598e+00 8.805004e-05
-5.640000e-01 2.733934e+00 8.988532e-05
-5.630000e-01 2.764934e+00 9.152267e-05
-5.620000e-01 2.788761e+00 9.296393e-05
-5.610000e-01 2.805592e+00 9.421104e-05
-5.600000e-01 2.815610e+00 9.526600e-05
-5.590000e-01 2.819008e+00 9.613089e-05
-5.580000e-01 2.815985e+00 9.680785e-05
-5.570000e-01 2.806749e+00 9.729911e-05
-5.560000e-01 2.791515e+00 9.760698e-05
-5.550000e-01 2.770501e+00 9.773382e-05
-5.540000e-01 2.743932e+00 9.768207e-05
-5.530000e-01 2.712038e+00 9.745426e-05
-5.520000e-01 2.675053e+00 9.705296e-05
-5.510000e-01 2.633212e+00 9.648085e-05
-5.500000e-01 2.586755e+00 9.574064e-05
-5.490000e-01 2.535925e+00 9.483515e-05
-5.480000e-01 2.480964e+00 9.376724e-05
-5.470000e-01 2.422116e+00 9.253985e-05
-5.460000e-01 2.359627e+00 9.115601e-05
-5.450000e-01 2.293742e+00 8.961878e-05
-5.440000e-01 2.224705e+00 8.793132e-05
-5.430000e-01 2.152760e+00 8.609686e-05
-5.420000e-01 2.078149e+00 8.411867e-05
-5.410000e-01 2.001113e+00 8.200012e-05
-5.400000e-01 1.921889e+00 7.974464e-05
-5.390000e-01 1.840713e+00 7.735571e-05
-5.380000e-01 1.757819e+00 7.483691e-05
-5.370000e-01 1.673433e+00 7.219186e-05
-5.360000e-01 1.587783e+00 6.942425e-05
-5.350000e-01 1.501088e+00 6.653785e-05
-5.340000e-01 1.413566e+00 6.353650e-05
-5.330000e-01 1.325428e+00 6.042408e-05
-5.320000e-01 1.236881e+00 5.720457e-05
-5.310000e-01 1.148127e+00 5.388200e-05
-5.300000e-01 1.059362e+00 5.046045e-05
-5.290000e-01 9.707759e-01 4.694410e-05
-5.280000e-01 8.825532e-01 4.333717e-05
-5.270000e-01 7.948720e-01 3.964395e-05
-5.260000e-01 7.079042e-01 3.586881e-05
-5.250000e-01 6.218150e-01 3.201617e-05
-5.240000e-01 5.367633e-01 2.809052e-05
-5.230000e-01 4.529009e-01 2.409641e-05
-5.220000e-01 3.703729e-01 2.003846e-05
-5.210000e-01 2.893177e-01 1.592136e-05
-5.200000e-01 2.098663e-01 1.174985e-05
-5.190000e-01 1.321429e-01 7.528750e-06
-5.180000e-01 5.626453e-02 3.262935e-06
-5.170000e-01 1.765899e-02 1.042652e-06
-5.160000e-01 8.952489e-02 5.382728e-06
-5.150000e-01 1.592376e-01 9.751395e-06
-5.140000e-01 2.267086e-01 1.414263e-05
-5.130000e-01 2.918565e-01 1.855034e-05
-5.120000e-01 3.546070e-01 2.296838e-05
-5.110000e-01 4.148927e-01 2.739053e-05
-5.100000e-01 4.726533e-01 3.181051e-05
-5.090000e-01 5.278353e-01 3.622197e-05
-5.080000e-01 5.803918e-01 4.061852e-05
-5.070000e-01 6.302828e-01 4.499367e-05
-5.060000e-01 6.774748e-01 4.934091e-05
-5.050000e-01 7.219405e-01 5.365362e-05
-5.040000e-01 7.636593e-01 5.792515e-05
-5.030000e-01 8.026166e-01 6.214878e-05
-5.020000e-01 8.388038e-01 6.631772e-05
-5.010000e-01 8.722182e-01 7.042513e-05
-5.000000e-01 9.028629e-01 7.446408e-05
-4.990000e-01 9.307465e-01 7.842761e-05
-4.980000e-01 9.558831e-01 8.230867e-05
-4.970000e-01 9.782918e-01 8.610016e-05
-4.960000e-01 9.979971e-01 8.979492e-05
-4.950000e-01 1.015028e+00 9.338572e-05
-4.940000e-01 1.029418e+00 9.686527e-05
-4.930000e-01 1.041206e+00 1.002262e-04
-4.920000e-01 1.050435e+00 1.034611e-04
-4.910000e-01 1.057150e+00 1.065625e-04
-4.900000e-01 1.061403e+00 1.095229e-04
-4.890000e-01 1.063247e+00 1.123346e-04
-4.880000e-01 1.062741e+00 1.149900e-04
-4.870000e-01 1.059945e+00 1.174813e-04
-4.860000e-01 1.054924e+00 1.198008e-04
-4.850000e-01 1.047743e+00 1.219405e-04
-4.840000e-01 1.038474e+00 1.238926e-04
-4.830000e-01 1.027187e+00 1.256490e-04
-4.820000e-01 1.013956e+00 1.272017e-04
-4.810000e-01 9.988592e-01 1.285427e-04
-4.800000e-01 9.819731e-01 1.296636e-04
-4.790000e-01 9.633779e-01 1.305563e-04
-4.780000e-01 9.431547e-01 1.312125e-04
-4.770000e-01 9.213858e-01 1.316238e-04
-4.760000e-01 8.981548e-01 1.317816e-04
-4.750000e-01 8.735458e-01 1.316777e-04
-4.740000e-01 8.476439e-01 1.313033e-04
-4.730000e-01 8.205346e-01 1.306498e-04
-4.720000e-01 7.923036e-01 1.297086e-04
-4.710000e-01 7.630369e-01 1.284708e-04
-4.700000e-01 7.328202e-01 1.269277e-04
-4.690000e-01 7.017395e-01 1.250703e-04
-4.680000e-01 6.698799e-01 1.228898e-04
-4.670000e-01 6.373263e-01 1.203770e-04
-4.660000e-01 6.041628e-01 1.175228e-04
-4.650000e-01 5.704729e-01 1.143182e-04
-4.640000e-01 5.363389e-01 1.107539e-04
-4.630000e-01 5.018420e-01 1.068206e-04
-4.620000e-01 4.670625e-01 1.025089e-04
-4.610000e-01 4.320789e-01 9.780944e-05
-4.600000e-01 3.969687e-01 9.271269e-05
-4.590000e-01 3.618074e-01 8.720911e-05
-4.580000e-01 3.266692e-01 8.128905e-05
-4.570000e-01 2.916261e-01 7.494284e-05
-4.560000e-01 2.567487e-01 6.816069e-05
-4.550000e-01 2.221051e-01 6.093279e-05
-4.540000e-01 1.877617e-01 5.324921e-05
-4.530000e-01 1.537827e-01 4.510001e-05
-4.520000e-01 1.202300e-01 3.647512e-05
-4.510000e-01 8.716336e-02 2.736445e-05
-4.500000e-01 5.463999e-02 1.775782e-05
-4.490000e-01 2.271487e-02 7.644960e-06
-4.480000e-01 8.559501e-03 2.984266e-06
-4.470000e-01 3.913313e-02 1.412412e-05
-4.460000e-01 6.895855e-02 2.574001e-05
-4.450000e-01 9.799084e-02 3.779440e-05
-4.440000e-01 1.261877e-01 5.024980e-05
-4.430000e-01 1.535094e-01 6.306881e-05
-4.420000e-01 1.799188e-01 7.621410e-05
-4.410000e-01 2.053815e-01 8.964841e-05
-4.400000e-01 2.298656e-01 1.033345e-04
-4.390000e-01 2.533421e-01 1.172354e-04
-4.380000e-01 2.757844e-01 1.313139e-04
-4.370000e-01 2.971685e-01 1.455331e-04
-4.360000e-01 3.174733e-01 1.598562e-04
-4.350000e-01 3.366800e-01 1.742462e-04
-4.340000e-01 3.547725e-01 1.886666e-04
-4.330000e-01 3.717374e-01 2.030805e-04
-4.320000e-01 3.875635e-01 2.174514e-04
-4.310000e-01 4.022424e-01 2.317428e-04
-4.300000e-01 4.157679e-01 2.459183e-04
-4.290000e-01 4.281365e-01 2.599416e-04
-4.280000e-01 4.393467e-01 2.737762e-04
-4.270000e-01 4.493996e-01 2.873861e-04
-4.260000e-01 4.582984e-01 3.007351e-04
-4.250000e-01 4.660487e-01 3.137872e-04
-4.240000e-01 4.726580e-01 3.265065e-04
-4.230000e-01 4.781361e-01 3.388569e-04
-4.220000e-01 4.824946e-01 3.508028e-04
-4.210000e-01 4.857474e-01 3.623085e-04
-4.200000e-01 4.879099e-01 3.733382e-04
-4.190000e-01 4.889997e-01 3.838565e-04
-4.180000e-01 4.890358e-01 3.938279e-04
-4.170000e-01 4.880392e-01 4.032170e-04
-4.160000e-01 4.860324e-01 4.119885e-04
-4.150000e-01 4.830392e-01 4.201071e-04
-4.140000e-01 4.790852e-01 4.275379e-04
-4.130000e-01 4.741972e-01 4.342456e-04
-4.120000e-01 4.684033e-01 4.401954e-04
-4.110000e-01 4.617329e-01 4.453524e-04
-4.100000e-01 4.542165e-01 4.496819e-04
-4.090000e-01 4.458855e-01 4.531491e-04
-4.080000e-01 4.367726e-01 4.557194e-04
-4.070000e-01 4.269111e-01 4.573583e-04
-4.060000e-01 4.163353e-01 4.580314e-04
-4.050000e-01 4.050801e-01 4.577045e-04
-4.040000e-01 3.931811e-01 4.563431e-04
-4.030000e-01 3.806746e-01 4.539133e-04
-4.020000e-01 3.675972e-01 4.503809e-04
-4.010000e-01 3.539861e-01 4.457120e-04
-4.000000e-01 3.398787e-01 4.398728e-04
-3.990000e-01 3.253127e-01 4.328294e-04
-3.980000e-01 3.103260e-01 4.245482e-04
-3.970000e-01 2.949566e-01 4.149957e-04
-3.960000e-01 2.792426e-01 4.041384e-04
-3.950000e-01 2.632220e-01 3.919429e-04
-3.940000e-01 2.469326e-01 3.783759e-04
-3.930000e-01 2.304123e-01 3.634042e-04
-3.920000e-01 2.136985e-01 3.469949e-04
-3.910000e-01 1.968284e-01 3.291149e-04
-3.900000e-01 1.798388e-01 3.097314e-04
-3.890000e-01 1.627661e-01 2.888115e-04
-3.880000e-01 1.456462e-01 2.663228e-04
-3.870000e-01 1.285144e-01 2.422325e-04
-3.860000e-01 1.114056e-01 2.165083e-04
-3.850000e-01 9.435364e-02 1.891179e-04
-3.840000e-01 7.739204e-02 1.600290e-04
-3.830000e-01 6.055335e-02 1.292095e-04
-3.820000e-01 4.386938e-02 9.662741e-05
-3.810000e-01 2.737107e-02 6.225085e-05
-3.800000e-01 1.108846e-02 2.604804e-05
-3.790000e-01 4.949331e-03 1.201188e-05
-3.780000e-01 2.071417e-02 5.190307e-05
-3.770000e-01 3.617892e-02 9.350623e-05
-3.760000e-01 5.131750e-02 1.366933e-04
-3.750000e-01 6.610489e-02 1.813359e-04
-3.740000e-01 8.051717e-02 2.273058e-04
-3.730000e-01 9.453155e-02 2.744745e-04
-3.720000e-01 1.081264e-01 3.227134e-04
-3.710000e-01 1.212812e-01 3.718938e-04
-3.700000e-01 1.339767e-01 4.218868e-04
-3.690000e-01 1.461948e-01 4.725634e-04
-3.680000e-01 1.579186e-01 5.237946e-04
-3.670000e-01 1.691326e-01 5.754511e-04
-3.660000e-01 1.798222e-01 6.274036e-04
-3.650000e-01 1.899743e-01 6.795225e-04
-3.640000e-01 1.995770e-01 7.316783e-04
-3.630000e-01 2.086196e-01 7.837412e-04
-3.620000e-01 2.170926e-01 8.355813e-04
-3.610000e-01 2.249880e-01 8.870685e-04
-3.600000e-01 2.322987e-01 9.380728e-04
-3.590000e-01 2.390190e-01 9.884637e-04
-3.580000e-01 2.451445e-01 1.038111e-03
-3.570000e-01 2.506718e-01 1.086884e-03
-3.560000e-01 2.555988e-01 1.134652e-03
-3.550000e-01 2.599247e-01 1.181283e-03
-3.540000e-01 2.636497e-01 1.226648e-03
-3.530000e-01 2.667753e-01 1.270615e-03
-3.520000e-01 2.693039e-01 1.313052e-03
-3.510000e-01 2.712392e-01 1.353828e-03
-3.500000e-01 2.725859e-01 1.392812e-03
-3.490000e-01 2.733499e-01 1.429871e-03
-3.480000e-01 2.735378e-01 1.464874e-03
-3.470000e-01 2.731576e-01 1.497689e-03
-3.460000e-01 2.722179e-01 1.528183e-03
-3.450000e-01 2.707286e-01 1.556224e-03
-3.440000e-01 2.687002e-01 1.581679e-03
-3.430000e-01 2.661444e-01 1.604415e-03
-3.420000e-01 2.630733e-01 1.624300e-03
-3.410000e-01 2.595002e-01 1.641201e-03
-3.400000e-01 2.554391e-01 1.654984e-03
-3.390000e-01 2.509045e-01 1.665515e-03
-3.380000e-01 2.459119e-01 1.672662e-03
-3.370000e-01 2.404772e-01 1.676290e-03
-3.360000e-01 2.346172e-01 1.676265e-03
-3.350000e-01 2.283491e-01 1.672454e-03
-3.340000e-01 2.216906e-01 1.664721e-03
-3.330000e-01 2.146600e-01 1.652933e-03
-3.320000e-01 2.072761e-01 1.636955e-03
-3.310000e-01 1.995580e-01 1.616651e-03
-3.300000e-01 1.915253e-01 1.591886e-03
-3.290000e-01 1.831978e-01 1.562526e-03
-3.280000e-01 1.745958e-01 1.528434e-03
-3.270000e-01 1.657396e-01 1.489475e-03
-3.260000e-01 1.566501e-01 1.445514e-03
-3.250000e-01 1.473479e-01 1.396413e-03
-3.240000e-01 1.378541e-01 1.342037e-03
-3.230000e-01 1.281898e-01 1.282249e-03
-3.220000e-01 1.183760e-01 1.216912e-03
-3.210000e-01 1.084341e-01 1.145890e-03
-3.200000e-01 9.838502e-02 1.069044e-03
-3.190000e-01 8.824996e-02 9.862387e-04
-3.180000e-01 7.804987e-02 8.973349e-04
-3.170000e-01 6.780562e-02 8.021952e-04
-3.160000e-01 5.753791e-02 7.006815e-04
-3.150000e-01 4.726722e-02 5.926554e-04
-3.140000e-01 3.701382e-02 4.779784e-04
-3.130000e-01 2.679767e-02 3.565115e-04
-3.120000e-01 1.663847e-02 2.281157e-04
-3.110000e-01 6.555557e-03 9.265173e-05
-3.100000e-01 3.432086e-03 5.001569e-05
-3.090000e-01 1.330587e-02 1.997784e-04
-3.080000e-01 2.304765e-02 3.561623e-04
-3.070000e-01 3.263970e-02 5.186636e-04
-3.060000e-01 4.206480e-02 6.867785e-04
-3.050000e-01 5.130622e-02 8.600035e-04
-3.040000e-01 6.034776e-02 1.037836e-03
-3.030000e-01 6.917379e-02 1.219772e-03
-3.020000e-01 7.776922e-02 1.405310e-03
-3.010000e-01 8.611958e-02 1.593947e-03
-3.000000e-01 9.421100e-02 1.785181e-03
-2.990000e-01 1.020302e-01 1.978511e-03
-2.980000e-01 1.095647e-01 2.173435e-03
-2.970000e-01 1.168025e-01 2.369452e-03
-2.960000e-01 1.237324e-01 2.566062e-03
-2.950000e-01 1.303438e-01 2.762763e-03
-2.940000e-01 1.366269e-01 2.959055e-03
-2.930000e-01 1.425725e-01 3.154440e-03
-2.920000e-01 1.481722e-01 3.348416e-03
-2.910000e-01 1.534183e-01 3.540486e-03
-2.900000e-01 1.583038e-01 3.730149e-03
-2.890000e-01 1.628226e-01 3.916908e-03
-2.880000e-01 1.669692e-01 4.100265e-03
-2.870000e-01 1.707389e-01 4.279720e-03
-2.860000e-01 1.741276e-01 4.454779e-03
-2.850000e-01 1.771321e-01 4.624942e-03
-2.840000e-01 1.797500e-01 4.789713e-03
-2.830000e-01 1.819795e-01 4.948596e-03
-2.820000e-01 1.838195e-01 5.101095e-03
-2.810000e-01 1.852699e-01 5.246714e-03
-2.800000e-01 1.863311e-01 5.384958e-03
-2.790000e-01 1.870042e-01 5.515333e-03
-2.780000e-01 1.872912e-01 5.637343e-03
-2.770000e-01 1.871945e-01 5.750496e-03
-2.760000e-01 1.867175e-01 5.854296e-03
-2.750000e-01 1.858642e-01 5.948251e-03
-2.740000e-01 1.846391e-01 6.031869e-03
-2.730000e-01 1.830476e-01 6.104657e-03
-2.720000e-01 1.810954e-01 6.166123e-03
-2.710000e-01 1.787892e-01 6.215775e-03
-2.700000e-01 1.761361e-01 6.253124e-03
-2.690000e-01 1.731437e-01 6.277678e-03
-2.680000e-01 1.698204e-01 6.288947e-03
-2.670000e-01 1.661750e-01 6.286442e-03
-2.660000e-01 1.622169e-01 6.269674e-03
-2.650000e-01 1.579559e-01 6.238154e-03
-2.640000e-01 1.534023e-01 6.191394e-03
-2.630000e-01 1.485670e-01 6.128907e-03
-2.620000e-01 1.434612e-01 6.050205e-03
-2.610000e-01 1.380966e-01 5.954803e-03
-2.600000e-01 1.324853e-01 5.842214e-03
-2.590000e-01 1.266398e-01 5.711953e-03
-2.580000e-01 1.205727e-01 5.563536e-03
-2.570000e-01 1.142973e-01 5.396477e-03
-2.560000e-01 1.078269e-01 5.210293e-03
-2.550000e-01 1.011751e-01 5.004502e-03
-2.540000e-01 9.435605e-02 4.778620e-03
-2.530000e-01 8.738373e-02 4.532166e-03
-2.520000e-01 8.027251e-02 4.264659e-03
-2.510000e-01 7.303690e-02 3.975618e-03
-2.500000e-01 6.569154e-02 3.664563e-03
-2.490000e-01 5.825119e-02 3.331015e-03
-2.480000e-01 5.073070e-02 2.974495e-03
-2.470000e-01 4.314497e-02 2.594525e-03
-2.460000e-01 3.550895e-02 2.190629e-03
-2.450000e-01 2.783760e-02 1.762328e-03
-2.440000e-01 2.014584e-02 1.309149e-03
-2.430000e-01 1.244858e-02 8.306148e-04
-2.420000e-01 4.760650e-03 3.262520e-04
-2.410000e-01 2.903220e-03 2.043923e-04
-2.400000e-01 1.052841e-02 7.608541e-04
-2.390000e-01 1.810044e-02 1.341412e-03
-2.380000e-01 2.560501e-02 1.944252e-03
-2.370000e-01 3.302799e-02 2.567560e-03
-2.360000e-01 4.035547e-02 3.209521e-03
-2.350000e-01 4.757379e-02 3.868320e-03
-2.340000e-01 5.466952e-02 4.542138e-03
-2.330000e-01 6.162953e-02 5.229159e-03
-2.320000e-01 6.844099e-02 5.927564e-03
-2.310000e-01 7.509139e-02 6.635533e-03
-2.300000e-01 8.156855e-02 7.351246e-03
-2.290000e-01 8.786067e-02 8.072881e-03
-2.280000e-01 9.395630e-02 8.798616e-03
-2.270000e-01 9.984442e-02 9.526628e-03
-2.260000e-01 1.055144e-01 1.025509e-02
-2.250000e-01 1.109560e-01 1.098218e-02
-2.240000e-01 1.161596e-01 1.170607e-02
-2.230000e-01 1.211158e-01 1.242493e-02
-2.220000e-01 1.258158e-01 1.313694e-02
-2.210000e-01 1.302513e-01 1.384026e-02
-2.200000e-01 1.344145e-01 1.453306e-02
-2.190000e-01 1.382980e-01 1.521351e-02
-2.180000e-01 1.418950e-01 1.587978e-02
-2.170000e-01 1.451993e-01 1.653003e-02
-2.160000e-01 1.482052e-01 1.716243e-02
-2.150000e-01 1.509075e-01 1.777514e-02
-2.140000e-01 1.533016e-01 1.836631e-02
-2.130000e-01 1.553833e-01 1.893412e-02
-2.120000e-01 1.571492e-01 1.947672e-02
-2.110000e-01 1.585964e-01 1.999226e-02
-2.100000e-01 1.597226e-01 2.047891e-02
-2.090000e-01 1.605258e-01 2.093482e-02
-2.080000e-01 1.610050e-01 2.135813e-02
-2.070000e-01 1.611595e-01 2.174701e-02
-2.060000e-01 1.609893e-01 2.209960e-02
-2.050000e-01 1.604949e-01 2.241405e-02
-2.040000e-01 1.596774e-01 2.268850e-02
-2.030000e-01 1.585384e-01 2.292111e-02
-2.020000e-01 1.570803e-01 2.311002e-02
-2.010000e-01 1.553058e-01 2.325336e-02
-2.000000e-01 1.532183e-01 2.334927e-02
-1.990000e-01 1.508217e-01 2.339590e-02
-1.980000e-01 1.481204e-01 2.339138e-02
-1.970000e-01 1.451195e-01 2.333385e-02
-1.960000e-01 1.418245e-01 2.322143e-02
-1.950000e-01 1.382414e-01 2.305226e-02
-1.940000e-01 1.343767e-01 2.282446e-02
-1.930000e-01 1.302374e-01 2.253616e-02
-1.920000e-01 1.258312e-01 2.218549e-02
-1.910000e-01 1.211659e-01 2.177056e-02
-1.900000e-01 1.162501e-01 2.128950e-02
-1.890000e-01 1.110926e-01 2.074041e-02
-1.880000e-01 1.057027e-01 2.012143e-02
-1.870000e-01 1.000901e-01 1.943065e-02
-1.860000e-01 9.426508e-02 1.866619e-02
-1.850000e-01 8.823803e-02 1.782615e-02
-1.840000e-01 8.201985e-02 1.690864e-02
-1.830000e-01 7.562176e-02 1.591177e-02
-1.820000e-01 6.905531e-02 1.483362e-02
-1.810000e-01 6.233237e-02 1.367229e-02
-1.800000e-01 5.546508e-02 1.242588e-02
-1.790000e-01 4.846588e-02 1.109248e-02
-1.780000e-01 4.134743e-02 9.670170e-03
-1.770000e-01 3.412266e-02 8.157038e-03
-1.760000e-01 2.680468e-02 6.551163e-03
-1.750000e-01 1.940681e-02 4.850621e-03
-1.740000e-01 1.194255e-02 3.053487e-03
-1.730000e-01 4.425539e-03 1.157829e-03
-1.720000e-01 3.130462e-03 8.381807e-04
-1.710000e-01 1.071157e-02 2.932560e-03
-1.700000e-01 1.830382e-02 5.118556e-03
-1.690000e-01 2.589318e-02 7.389117e-03
-1.680000e-01 3.346558e-02 9.737194e-03
-1.670000e-01 4.100692e-02 1.215575e-02
-1.660000e-01 4.850310e-02 1.463773e-02
-1.650000e-01 5.594004e-02 1.717612e-02
-1.640000e-01 6.330372e-02 1.976388e-02
-1.630000e-01 7.058017e-02 2.239398e-02
-1.620000e-01 7.775549e-02 2.505941e-02
-1.610000e-01 8.481593e-02 2.775315e-02
-1.600000e-01 9.174782e-02 3.046819e-02
-1.590000e-01 9.853768e-02 3.319752e-02
-1.580000e-01 1.051722e-01 3.593416e-02
-1.570000e-01 1.116381e-01 3.867109e-02
-1.560000e-01 1.179227e-01 4.140135e-02
-1.550000e-01 1.240131e-01 4.411794e-02
-1.540000e-01 1.298969e-01 4.681390e-02
-1.530000e-01 1.355620e-01 4.948224e-02
-1.520000e-01 1.409964e-01 5.211602e-02
-1.510000e-01 1.461886e-01 5.470828e-02
-1.500000e-01 1.511273e-01 5.725207e-02
-1.490000e-01 1.558015e-01 5.974044e-02
-1.480000e-01 1.602008e-01 6.216648e-02
-1.470000e-01 1.643149e-01 6.452325e-02
-1.460000e-01 1.681341e-01 6.680384e-02
-1.450000e-01 1.716489e-01 6.900135e-02
-1.440000e-01 1.748503e-01 7.110886e-02
-1.430000e-01 1.777300e-01 7.311950e-02
-1.420000e-01 1.802796e-01 7.502639e-02
-1.410000e-01 1.824918e-01 7.682265e-02
-1.400000e-01 1.843592e-01 7.850142e-02
-1.390000e-01 1.858753e-01 8.005586e-02
-1.380000e-01 1.870338e-01 8.147913e-02
-1.370000e-01 1.878292e-01 8.276440e-02
-1.360000e-01 1.882562e-01 8.390485e-02
-1.350000e-01 1.883104e-01 8.489369e-02
-1.340000e-01 1.879876e-01 8.572413e-02
-1.330000e-01 1.872842e-01 8.638938e-02
-1.320000e-01 1.861974e-01 8.688268e-02
-1.310000e-01 1.847247e-01 8.719729e-02
-1.300000e-01 1.828643e-01 8.732648e-02
-1.290000e-01 1.806149e-01 8.726352e-02
-1.280000e-01 1.779757e-01 8.700171e-02
-1.270000e-01 1.749466e-01 8.653437e-02
-1.260000e-01 1.715281e-01 8.585484e-02
-1.250000e-01 1.677213e-01 8.495645e-02
-1.240000e-01 1.635276e-01 8.383259e-02
-1.230000e-01 1.589494e-01 8.247665e-02
-1.220000e-01 1.539893e-01 8.088202e-02
-1.210000e-01 1.486508e-01 7.904216e-02
-1.200000e-01 1.429378e-01 7.695050e-02
-1.190000e-01 1.368548e-01 7.460054e-02
-1.180000e-01 1.304069e-01 7.198578e-02
-1.170000e-01 1.235998e-01 6.909974e-02
-1.160000e-01 1.164397e-01 6.593599e-02
-1.150000e-01 1.089333e-01 6.248811e-02
-1.140000e-01 1.010882e-01 5.874971e-02
-1.130000e-01 9.291213e-02 5.471445e-02
-1.120000e-01 8.441360e-02 5.037601e-02
-1.110000e-01 7.560161e-02 4.572809e-02
-1.100000e-01 6.648569e-02 4.076446e-02
-1.090000e-01 5.707588e-02 3.547890e-02
-1.080000e-01 4.738275e-02 2.986525e-02
-1.070000e-01 3.741737e-02 2.391737e-02
-1.060000e-01 2.719130e-02 1.762918e-02
-1.050000e-01 1.671660e-02 1.099465e-02
-1.040000e-01 6.005779e-03 4.007797e-03
-1.030000e-01 4.928167e-03 3.336964e-03
-1.020000e-01 1.607180e-02 1.103461e-02
-1.010000e-01 2.741124e-02 1.906800e-02
-1.000000e-01 3.893218e-02 2.741928e-02
-9.900000e-02 5.061990e-02 3.607050e-02
-9.800000e-02 6.245925e-02 4.500367e-02
-9.700000e-02 7.443473e-02 5.420071e-02
-9.600000e-02 8.653042e-02 6.364347e-02
-9.500000e-02 9.873005e-02 7.331371e-02
-9.400000e-02 1.110170e-01 8.319311e-02
-9.300000e-02 1.233743e-01 9.326324e-02
-9.200000e-02 1.357847e-01 1.035056e-01
-9.100000e-02 1.482304e-01 1.139015e-01
-9.000000e-02 1.606937e-01 1.244323e-01
-8.900000e-02 1.731563e-01 1.350791e-01
-8.800000e-02 1.855996e-01 1.458228e-01
-8.700000e-02 1.980049e-01 1.566444e-01
-8.600000e-02 2.103531e-01 1.675245e-01
-8.500000e-02 2.226250e-01 1.784437e-01
-8.400000e-02 2.348009e-01 1.893823e-01
-8.300000e-02 2.468610e-01 2.003206e-01
-8.200000e-02 2.587854e-01 2.112386e-01
-8.100000e-02 2.705537e-01 2.221159e-01
-8.000000e-02 2.821453e-01 2.329321e-01
-7.900000e-02 2.935397e-01 2.436665e-01
-7.800000e-02 3.047157e-01 2.542981e-01
-7.700000e-02 3.156522e-01 2.648054e-01
-7.600000e-02 3.263276e-01 2.751670e-01
-7.500000e-02 3.367203e-01 2.853607e-01
-7.400000e-02 3.468082e-01 2.953641e-01
-7.300000e-02 3.565691e-01 3.051545e-01
-7.200000e-02 3.659803e-01 3.147083e-01
-7.100000e-02 3.750189e-01 3.240020e-01
-7.000000e-02 3.836615e-01 3.330109e-01
-6.900000e-02 3.918844e-01 3.417100e-01
-6.800000e-02 3.996634e-01 3.500735e-01
-6.700000e-02 4.069736e-01 3.580748e-01
-6.600000e-02 4.137898e-01 3.656866e-01
-6.500000e-02 4.200857e-01 3.728802e-01
-6.400000e-02 4.258345e-01 3.796262e-01
-6.300000e-02 4.310084e-01 3.858938e-01
-6.200000e-02 4.355785e-01 3.916507e-01
-6.100000e-02 4.395146e-01 3.968630e-01
-6.000000e-02 4.427852e-01 4.014952e-01
-5.900000e-02 4.453568e-01 4.055094e-01
-5.800000e-02 4.471942e-01 4.088655e-01
-5.700000e-02 4.482597e-01 4.115206e-01
-5.600000e-02 4.485126e-01 4.134283e-01
-5.500000e-02 4.479093e-01 4.145388e-01
-5.400000e-02 4.464016e-01 4.147976e-01
-5.300000e-02 4.439370e-01 4.141450e-01
-5.200000e-02 4.404568e-01 4.125148e-01
-5.100000e-02 4.358953e-01 4.098336e-01
-5.000000e-02 4.301782e-01 4.060182e-01
-4.900000e-02 4.232202e-01 4.009747e-01
-4.800000e-02 4.149223e-01 3.945945e-01
-4.700000e-02 4.051687e-01 3.867519e-01
-4.600000e-02 3.938213e-01 3.772982e-01
-4.500000e-02 3.807135e-01 3.660558e-01
-4.400000e-02 3.656407e-01 3.528086e-01
-4.300000e-02 3.483473e-01 3.372889e-01
-4.200000e-02 3.285069e-01 3.191577e-01
-4.100000e-02 3.056928e-01 2.979749e-01
-4.000000e-02 2.793306e-01 2.731525e-01
-3.900000e-02 2.486204e-01 2.438762e-01
-3.800000e-02 2.123983e-01 2.089676e-01
-3.700000e-02 1.688754e-01 1.666219e-01
-3.600000e-02 1.150861e-01 1.138579e-01
-3.500000e-02 4.555840e-02 4.518699e-02
-3.400000e-02 5.167266e-02 5.137232e-02
-3.300000e-02 2.126355e-01 2.118501e-01
-3.200000e-02 7.806682e-01 7.795708e-01
-3.100000e-02 2.742986e-01 2.730484e-01
-3.000000e-02 8.771553e-02 8.645826e-02
-2.900000e-02 1.565432e-02 1.678571e-02
-2.800000e-02 8.649754e-02 8.738237e-02
-2.700000e-02 1.396909e-01 1.402202e-01
-2.600000e-02 1.816784e-01 1.817546e-01
-2.500000e-02 2.158445e-01 2.153806e-01
-2.400000e-02 2.441904e-01 2.431096e-01
-2.300000e-02 2.679995e-01 2.662348e-01
-2.200000e-02 2.881457e-01 2.856393e-01
-2.100000e-02 3.052520e-01 3.019549e-01
-2.000000e-02 3.197793e-01 3.156506e-01
-1.900000e-02 3.320787e-01 3.270856e-01
-1.800000e-02 3.424251e-01 3.365418e-01
-1.700000e-02 3.510380e-01 3.442460e-01
-1.600000e-02 3.580964e-01 3.503834e-01
-1.500000e-02 3.637486e-01 3.551086e-01
-1.400000e-02 3.681195e-01 3.585521e-01
-1.300000e-02 3.713156e-01 3.608258e-01
-1.200000e-02 3.734291e-01 3.620268e-01
-1.100000e-02 3.745406e-01 3.622401e-01
-1.000000e-02 3.747213e-01 3.615414e-01
-9.000000e-03 3.740348e-01 3.599981e-01
-8.000000e-03 3.725385e-01 3.576712e-01
-7.000000e-03 3.702845e-01 3.546161e-01
-6.000000e-03 3.673205e-01 3.508836e-01
-5.000000e-03 3.636908e-01 3.465207e-01
-4.000000e-03 3.594363e-01 3.415708e-01
-3.000000e-03 3.545954e-01 3.360745e-01
-2.000000e-03 3.492040e-01 3.300701e-01
-1.000000e-03 3.432964e-01 3.235934e-01
8.812395e-16 3.369049e-01 3.166787e-01
1.000000e-03 3.300603e-01 3.093582e-01
2.000000e-03 3.227922e-01 3.016631e-01
3.000000e-03 3.151291e-01 2.936229e-01
4.000000e-03 3.070983e-01 2.852662e-01
5.000000e-03 2.987261e-01 2.766207e-01
6.000000e-03 2.900383e-01 2.677128e-01
7.000000e-03 2.810597e-01 2.585685e-01
8.000000e-03 2.718143e-01 2.492128e-01
9.000000e-03 2.623256e-01 2.396701e-01
1.000000e-02 2.526165e-01 2.299643e-01
1.100000e-02 2.427094e-01 2.201187e-01
1.200000e-02 2.326259e-01 2.101560e-01
1.300000e-02 2.223875e-01 2.000987e-01
1.400000e-02 2.120147e-01 1.899687e-01
1.500000e-02 2.015281e-01 1.797875e-01
1.600000e-02 1.909473e-01 1.695766e-01
1.700000e-02 1.802919e-01 1.593567e-01
1.800000e-02 1.695809e-01 1.491485e-01
1.900000e-02 1.588327e-01 1.389725e-01
2.000000e-02 1.480654e-01 1.288487e-01
2.100000e-02 1.372969e-01 1.187972e-01
2.200000e-02 1.265443e-01 1.088375e-01
2.300000e-02 1.158245e-01 9.898935e-02
2.400000e-02 1.051539e-01 8.927195e-02
2.500000e-02 9.454850e-02 7.970451e-02
2.600000e-02 8.402384e-02 7.030607e-02
2.700000e-02 7.359504e-02 6.109551e-02
2.800000e-02 6.327678e-02 5.209159e-02
2.900000e-02 5.308328e-02 4.331292e-02
3.000000e-02 4.302833e-02 3.477801e-02
3.100000e-02 3.312523e-02 2.650527e-02
3.200000e-02 2.338687e-02 1.851299e-02
3.300000e-02 1.382563e-02 1.081937e-02
3.400000e-02 4.453437e-03 3.442519e-03
3.500000e-02 4.718263e-03 3.600066e-03
3.600000e-02 1.367850e-02 1.030237e-02
3.700000e-02 2.241680e-02 1.666936e-02
3.800000e-02 3.092317e-02 2.270648e-02
3.900000e-02 3.918812e-02 2.841927e-02
4.000000e-02 4.720265e-02 3.381331e-02
4.100000e-02 5.495828e-02 3.889426e-02
4.200000e-02 6.244701e-02 4.366782e-02
4.300000e-02 6.966137e-02 4.813975e-02
4.400000e-02 7.659439e-02 5.231586e-02
4.500000e-02 8.323963e-02 5.620201e-02
4.600000e-02 8.959115e-02 5.980409e-02
4.700000e-02 9.564353e-02 6.312806e-02
4.800000e-02 1.013919e-01 6.617991e-02
4.900000e-02 1.068318e-01 6.896564e-02
5.000000e-02 1.119594e-01 7.149134e-02
5.100000e-02 1.167714e-01 7.376309e-02
5.200000e-02 1.212648e-01 7.578703e-02
5.300000e-02 1.254375e-01 7.756932e-02
5.400000e-02 1.292876e-01 7.911614e-02
5.500000e-02 1.328137e-01 8.043373e-02
5.600000e-02 1.360151e-01 8.152832e-02
5.700000e-02 1.388914e-01 8.240621e-02
5.800000e-02 1.414429e-01 8.307368e-02
5.900000e-02 1.436703e-01 8.353706e-02
6.000000e-02 1.455746e-01 8.380270e-02
6.100000e-02 1.471576e-01 8.387696e-02
6.200000e-02 1.484213e-01 8.376625e-02
6.300000e-02 1.493683e-01 8.347696e-02
6.400000e-02 1.500018e-01 8.301553e-02
6.500000e-02 1.503250e-01 8.238841e-02
6.600000e-02 1.503420e-01 8.160207e-02
6.700000e-02 1.500571e-01 8.066298e-02
6.800000e-02 1.494751e-01 7.957765e-02
6.900000e-02 1.486010e-01 7.835259e-02
7.000000e-02 1.474406e-01 7.699433e-02
7.100000e-02 1.459998e-01 7.550942e-02
7.200000e-02 1.442848e-01 7.390442e-02
7.300000e-02 1.423024e-01 7.218589e-02
7.400000e-02 1.400596e-01 7.036043e-02
7.500000e-02 1.375638e-01 6.843463e-02
7.600000e-02 1.348227e-01 6.641511e-02
7.700000e-02 1.318443e-01 6.430847e-02
7.800000e-02 1.286370e-01 6.212136e-02
7.900000e-02 1.252092e-01 5.986042e-02
8.000000e-02 1.215698e-01 5.753229e-02
8.100000e-02 1.177280e-01 5.514365e-02
8.200000e-02 1.136931e-01 5.270116e-02
8.300000e-02 1.094746e-01 5.021152e-02
8.400000e-02 1.050824e-01 4.768140e-02
8.500000e-02 1.005263e-01 4.511750e-02
8.600000e-02 9.581646e-02 4.252654e-02
8.700000e-02 9.096320e-02 3.991524e-02
8.800000e-02 8.597692e-02 3.729030e-02
8.900000e-02 8.086816e-02 3.465847e-02
9.000000e-02 7.564758e-02 3.202649e-02
9.100000e-02 7.032590e-02 2.940109e-02
9.200000e-02 6.491395e-02 2.678904e-02
9.300000e-02 5.942258e-02 2.419708e-02
9.400000e-02 5.386269e-02 2.163199e-02
9.500000e-02 4.824523e-02 1.910054e-02
9.600000e-02 4.258111e-02 1.660949e-02
9.700000e-02 3.688126e-02 1.416565e-02
9.800000e-02 3.115656e-02 1.177578e-02
9.900000e-02 2.541787e-02 9.446700e-03
1.000000e-01 1.967598e-02 7.185194e-03
1.010000e-01 1.394157e-02 4.998071e-03
1.020000e-01 8.225284e-03 2.892139e-03
1.030000e-01 2.537606e-03 8.742133e-04
1.040000e-01 3.111080e-03 1.049131e-03
1.050000e-01 8.710540e-03 2.875760e-03
1.060000e-01 1.425069e-02 4.607418e-03
1.070000e-01 1.972163e-02 6.245977e-03
1.080000e-01 2.511362e-02 7.793303e-03
1.090000e-01 3.041716e-02 9.251260e-03
1.100000e-01 3.562293e-02 1.062171e-02
1.110000e-01 4.072185e-02 1.190650e-02
1.120000e-01 4.570508e-02 1.310749e-02
1.130000e-01 5.056405e-02 1.422652e-02
1.140000e-01 5.529043e-02 1.526545e-02
1.150000e-01 5.987618e-02 1.622610e-02
1.160000e-01 6.431356e-02 1.711032e-02
1.170000e-01 6.859512e-02 1.791995e-02
1.180000e-01 7.271373e-02 1.865681e-02
1.190000e-01 7.666258e-02 1.932273e-02
1.200000e-01 8.043518e-02 1.991955e-02
1.210000e-01 8.402540e-02 2.044907e-02
1.220000e-01 8.742745e-02 2.091312e-02
1.230000e-01 9.063590e-02 2.131352e-02
1.240000e-01 9.364568e-02 2.165209e-02
1.250000e-01 9.645210e-02 2.193063e-02
1.260000e-01 9.905085e-02 2.215094e-02
1.270000e-01 1.014380e-01 2.231485e-02
1.280000e-01 1.036100e-01 2.242416e-02
1.290000e-01 1.055637e-01 2.248065e-02
1.300000e-01 1.072963e-01 2.248615e-02
1.310000e-01 1.088056e-01 2.244243e-02
1.320000e-01 1.100895e-01 2.235130e-02
1.330000e-01 1.111466e-01 2.221456e-02
1.340000e-01 1.119756e-01 2.203398e-02
1.350000e-01 1.125759e-01 2.181137e-02
1.360000e-01 1.129472e-01 2.154850e-02
1.370000e-01 1.130896e-01 2.124716e-02
1.380000e-01 1.130035e-01 2.090914e-02
1.390000e-01 1.126898e-01 2.053622e-02
1.400000e-01 1.121500e-01 2.013017e-02
1.410000e-01 1.113856e-01 1.969278e-02
1.420000e-01 1.103988e-01 1.922581e-02
1.430000e-01 1.091920e-01 1.873105e-02
1.440000e-01 1.077683e-01 1.821027e-02
1.450000e-01 1.061308e-01 1.766523e-02
1.460000e-01 1.042831e-01 1.709771e-02
1.470000e-01 1.022294e-01 1.650947e-02
1.480000e-01 9.997386e-02 1.590229e-02
1.490000e-01 9.752135e-02 1.527792e-02
1.500000e-01 9.487690e-02 1.463813e-02
1.510000e-01 9.204591e-02 1.398468e-02
1.520000e-01 8.903413e-02 1.331934e-02
1.530000e-01 8.584761e-02 1.264385e-02
1.540000e-01 8.249271e-02 1.195999e-02
1.550000e-01 7.897610e-02 1.126950e-02
1.560000e-01 7.530470e-02 1.057415e-02
1.570000e-01 7.148574e-02 9.875679e-03
1.580000e-01 6.752669e-02 9.175849e-03
1.590000e-01 6.343528e-02 8.476410e-03
1.600000e-01 5.921946e-02 7.779113e-03
1.610000e-01 5.488741e-02 7.085708e-03
1.620000e-01 5.044752e-02 6.397942e-03
1.630000e-01 4.590836e-02 5.717564e-03
1.640000e-01 4.127869e-02 5.046320e-03
1.650000e-01 3.656743e-02 4.385954e-03
1.660000e-01 3.178365e-02 3.738212e-03
1.670000e-01 2.693655e-02 3.104836e-03
1.680000e-01 2.203545e-02 2.487569e-03
1.690000e-01 1.708976e-02 1.888152e-03
1.700000e-01 1.210898e-02 1.308325e-03
1.710000e-01 7.102694e-03 7.498284e-04
1.720000e-01 2.080517e-03 2.143999e-04
1.730000e-01 2.947889e-03 2.962960e-04
1.740000e-01 7.972845e-03 7.817578e-04
1.750000e-01 1.298467e-02 1.242412e-03
1.760000e-01 1.797370e-02 1.678712e-03
1.770000e-01 2.293030e-02 2.091112e-03
1.780000e-01 2.784487e-02 2.480067e-03
1.790000e-01 3.270791e-02 2.846032e-03
1.800000e-01 3.750995e-02 3.189465e-03
1.810000e-01 4.224167e-02 3.510821e-03
1.820000e-01 4.689383e-02 3.810560e-03
1.830000e-01 5.145732e-02 4.089140e-03
1.840000e-01 5.592320e-02 4.347021e-03
1.850000e-01 6.028267e-02 4.584662e-03
1.860000e-01 6.452712e-02 4.802524e-03
1.870000e-01 6.864813e-02 5.001070e-03
1.880000e-01 7.263749e-02 5.180760e-03
1.890000e-01 7.648721e-02 5.342059e-03
1.900000e-01 8.018954e-02 5.485430e-03
1.910000e-01 8.373698e-02 5.611336e-03
1.920000e-01 8.712231e-02 5.720243e-03
1.930000e-01 9.033856e-02 5.812615e-03
1.940000e-01 9.337909e-02 5.888920e-03
1.950000e-01 9.623753e-02 5.949623e-03
1.960000e-01 9.890786e-02 5.995191e-03
1.970000e-01 1.013844e-01 6.026093e-03
1.980000e-01 1.036617e-01 6.042797e-03
1.990000e-01 1.057348e-01 6.045771e-03
2.000000e-01 1.075990e-01 6.035485e-03
2.010000e-01 1.092501e-01 6.012408e-03
2.020000e-01 1.106841e-01 5.977012e-03
2.030000e-01 1.118976e-01 5.929767e-03
2.040000e-01 1.128874e-01 5.871145e-03
2.050000e-01 1.136508e-01 5.801616e-03
2.060000e-01 1.141855e-01 5.721655e-03
2.070000e-01 1.144896e-01 5.631734e-03
2.080000e-01 1.145616e-01 5.532326e-03
2.090000e-01 1.144004e-01 5.423905e-03
2.100000e-01 1.140056e-01 5.306946e-03
2.110000e-01 1.133768e-01 5.181923e-03
2.120000e-01 1.125143e-01 5.049311e-03
2.130000e-01 1.114188e-01 4.909586e-03
2.140000e-01 1.100915e-01 4.763225e-03
2.150000e-01 1.085338e-01 4.610702e-03
2.160000e-01 1.067478e-01 4.452497e-03
2.170000e-01 1.047359e-01 4.289085e-03
2.180000e-01 1.025010e-01 4.120945e-03
2.190000e-01 1.000464e-01 3.948554e-03
2.200000e-01 9.737567e-02 3.772392e-03
2.210000e-01 9.449310e-02 3.592936e-03
2.220000e-01 9.140322e-02 3.410667e-03
2.230000e-01 8.811100e-02 3.226064e-03
2.240000e-01 8.462181e-02 3.039607e-03
2.250000e-01 8.094143e-02 2.851776e-03
2.260000e-01 7.707603e-02 2.663052e-03
2.270000e-01 7.303215e-02 2.473916e-03
2.280000e-01 6.881672e-02 2.284849e-03
2.290000e-01 6.443702e-02 2.096334e-03
2.300000e-01 5.990069e-02 1.908852e-03
2.310000e-01 5.521570e-02 1.722885e-03
2.320000e-01 5.039035e-02 1.538917e-03
2.330000e-01 4.543327e-02 1.357430e-03
2.340000e-01 4.035338e-02 1.178908e-03
2.350000e-01 3.515988e-02 1.003835e-03
2.360000e-01 2.986225e-02 8.326942e-04
2.370000e-01 2.447025e-02 6.659700e-04
2.380000e-01 1.899385e-02 5.041471e-04
2.390000e-01 1.344326e-02 3.477103e-04
2.400000e-01 7.828915e-03 1.971449e-04
2.410000e-01 2.161413e-03 5.293621e-05
2.420000e-01 3.548452e-03 8.445479e-05
2.430000e-01 9.289736e-03 2.149086e-04
2.440000e-01 1.505136e-02 3.385544e-04
2.450000e-01 2.082211e-02 4.555269e-04
2.460000e-01 2.659069e-02 5.659605e-04
2.470000e-01 3.234573e-02 6.699893e-04
2.480000e-01 3.807576e-02 7.677472e-04
2.490000e-01 4.376932e-02 8.593679e-04
2.500000e-01 4.941490e-02 9.449846e-04
2.510000e-01 5.500100e-02 1.024731e-03
2.520000e-01 6.051613e-02 1.098739e-03
2.530000e-01 6.594886e-02 1.167141e-03
2.540000e-01 7.128781e-02 1.230071e-03
2.550000e-01 7.652169e-02 1.287661e-03
2.560000e-01 8.163933e-02 1.340041e-03
2.570000e-01 8.662966e-02 1.387345e-03
2.580000e-01 9.148178e-02 1.429703e-03
2.590000e-01 9.618495e-02 1.467247e-03
2.600000e-01 1.007286e-01 1.500108e-03
2.610000e-01 1.051025e-01 1.528416e-03
2.620000e-01 1.092964e-01 1.552303e-03
2.630000e-01 1.133005e-01 1.571898e-03
2.640000e-01 1.171052e-01 1.587332e-03
2.650000e-01 1.207013e-01 1.598736e-03
2.660000e-01 1.240798e-01 1.606238e-03
2.670000e-01 1.272320e-01 1.609968e-03
2.680000e-01 1.301496e-01 1.610057e-03
2.690000e-01 1.328248e-01 1.606632e-03
2.700000e-01 1.352499e-01 1.599823e-03
2.710000e-01 1.374179e-01 1.589760e-03
2.720000e-01 1.393221e-01 1.576570e-03
2.730000e-01 1.409562e-01 1.560381e-03
2.740000e-01 1.423143e-01 1.541324e-03
2.750000e-01 1.433911e-01 1.519525e-03
2.760000e-01 1.441819e-01 1.495112e-03
2.770000e-01 1.446821e-01 1.468213e-03
2.780000e-01 1.448880e-01 1.438956e-03
2.790000e-01 1.447962e-01 1.407468e-03
2.800000e-01 1.444040e-01 1.373877e-03
2.810000e-01 1.437090e-01 1.338309e-03
2.820000e-01 1.427096e-01 1.300892e-03
2.830000e-01 1.414048e-01 1.261751e-03
2.840000e-01 1.397938e-01 1.221015e-03
2.850000e-01 1.378768e-01 1.178809e-03
2.860000e-01 1.356543e-01 1.135259e-03
2.870000e-01 1.331277e-01 1.090492e-03
2.880000e-01 1.302986e-01 1.044634e-03
2.890000e-01 1.271694e-01 9.978100e-04
2.900000e-01 1.237433e-01 9.501463e-04
2.910000e-01 1.200238e-01 9.017682e-04
2.920000e-01 1.160150e-01 8.528012e-04
2.930000e-01 1.117219e-01 8.033705e-04
2.940000e-01 1.071499e-01 7.536012e-04
2.950000e-01 1.023049e-01 7.036183e-04
2.960000e-01 9.719362e-02 6.535465e-04
2.970000e-01 9.182320e-02 6.035106e-04
2.980000e-01 8.620144e-02 5.536351e-04
2.990000e-01 8.033671e-02 5.040444e-04
3.000000e-01 7.423794e-02 4.548629e-04
3.010000e-01 6.791460e-02 4.062145e-04
3.020000e-01 6.137674e-02 3.582235e-04
3.030000e-01 5.463491e-02 3.110136e-04
3.040000e-01 4.770022e-02 2.647087e-04
3.050000e-01 4.058426e-02 2.194323e-04
3.060000e-01 3.329912e-02 1.753079e-04
3.070000e-01 2.585737e-02 1.324591e-04
3.080000e-01 1.827204e-02 9.100898e-05
3.090000e-01 1.055660e-02 5.108076e-05
3.100000e-01 2.724939e-03 1.279746e-05
3.110000e-01 5.208639e-03 2.372520e-05
3.120000e-01 1.322946e-02 5.845876e-05
3.130000e-01 2.132250e-02 9.143290e-05
3.140000e-01 2.947238e-02 1.226784e-04
3.150000e-01 3.766342e-02 1.522263e-04
3.160000e-01 4.587966e-02 1.801075e-04
3.170000e-01 5.410488e-02 2.063532e-04
3.180000e-01 6.232260e-02 2.309947e-04
3.190000e-01 7.051617e-02 2.540634e-04
3.200000e-01 7.866874e-02 2.755907e-04
3.210000e-01 8.676332e-02 2.956083e-04
3.220000e-01 9.478281e-02 3.141477e-04
3.230000e-01 1.027100e-01 3.312408e-04
3.240000e-01 1.105276e-01 3.469195e-04
3.250000e-01 1.182184e-01 3.612159e-04
3.260000e-01 1.257651e-01 3.741618e-04
3.270000e-01 1.331504e-01 3.857897e-04
3.280000e-01 1.403572e-01 3.961317e-04
3.290000e-01 1.473684e-01 4.052203e-04
3.300000e-01 1.541672e-01 4.130880e-04
3.310000e-01 1.607366e-01 4.197672e-04
3.320000e-01 1.670602e-01 4.252908e-04
3.330000e-01 1.731217e-01 4.296914e-04
3.340000e-01 1.789051e-01 4.330020e-04
3.350000e-01 1.843945e-01 4.352555e-04
3.360000e-01 1.895747e-01 4.364849e-04
3.370000e-01 1.944306e-01 4.367234e-04
3.380000e-01 1.989477e-01 4.360042e-04
3.390000e-01 2.031117e-01 4.343606e-04
3.400000e-01 2.069090e-01 4.318261e-04
3.410000e-01 2.103264e-01 4.284340e-04
3.420000e-01 2.133513e-01 4.242180e-04
3.430000e-01 2.159717e-01 4.192117e-04
3.440000e-01 2.181761e-01 4.134489e-04
3.450000e-01 2.199537e-01 4.069634e-04
3.460000e-01 2.212944e-01 3.997892e-04
3.470000e-01 2.221887e-01 3.919601e-04
3.480000e-01 2.226280e-01 3.835103e-04
3.490000e-01 2.226044e-01 3.744739e-04
3.500000e-01 2.221105e-01 3.648851e-04
3.510000e-01 2.211402e-01 3.547784e-04
3.520000e-01 2.196878e-01 3.441879e-04
3.530000e-01 2.177487e-01 3.331483e-04
3.540000e-01 2.153192e-01 3.216941e-04
3.550000e-01 2.123963e-01 3.098599e-04
3.560000e-01 2.089781e-01 2.976803e-04
3.570000e-01 2.050637e-01 2.851902e-04
3.580000e-01 2.006529e-01 2.724243e-04
3.590000e-01 1.957467e-01 2.594177e-04
3.600000e-01 1.903470e-01 2.462053e-04
3.610000e-01 1.844568e-01 2.328222e-04
3.620000e-01 1.780801e-01 2.193034e-04
3.630000e-01 1.712217e-01 2.056843e-04
3.640000e-01 1.638878e-01 1.920000e-04
3.650000e-01 1.560853e-01 1.782860e-04
3.660000e-01 1.478224e-01 1.645776e-04
3.670000e-01 1.391082e-01 1.509104e-04
3.680000e-01 1.299530e-01 1.373198e-04
3.690000e-01 1.203680e-01 1.238416e-04
3.700000e-01 1.103655e-01 1.105113e-04
3.710000e-01 9.995885e-02 9.736483e-05
3.720000e-01 8.916246e-02 8.443791e-05
3.730000e-01 7.799173e-02 7.176645e-05
3.740000e-01 6.646309e-02 5.938640e-05
3.750000e-01 5.459397e-02 4.733377e-05
3.760000e-01 4.240280e-02 3.564466e-05
3.770000e-01 2.990897e-02 2.435521e-05
3.780000e-01 1.713283e-02 1.350161e-05
3.790000e-01 4.095648e-03 3.120148e-06
3.800000e-01 9.180384e-03 6.755442e-06
3.810000e-01 2.267220e-02 1.611908e-05
3.820000e-01 3.635589e-02 2.498146e-05
3.830000e-01 5.020670e-02 3.335344e-05
3.840000e-01 6.419909e-02 4.124582e-05
3.850000e-01 7.830677e-02 4.866934e-05
3.860000e-01 9.250272e-02 5.563468e-05
3.870000e-01 1.067593e-01 6.215247e-05
3.880000e-01 1.210480e-01 6.823326e-05
3.890000e-01 1.353400e-01 7.388757e-05
3.900000e-01 1.496058e-01 7.912584e-05
3.910000e-01 1.638154e-01 8.395846e-05
3.920000e-01 1.779382e-01 8.839577e-05
3.930000e-01 1.919435e-01 9.244804e-05
3.940000e-01 2.057998e-01 9.612549e-05
3.950000e-01 2.194757e-01 9.943829e-05
3.960000e-01 2.329393e-01 1.023965e-04
3.970000e-01 2.461587e-01 1.050103e-04
3.980000e-01 2.591016e-01 1.072896e-04
3.990000e-01 2.717358e-01 1.092443e-04
4.000000e-01 2.840290e-01 1.108844e-04
4.010000e-01 2.959491e-01 1.122197e-04
4.020000e-01 3.074639e-01 1.132599e-04
4.030000e-01 3.185415e-01 1.140149e-04
4.040000e-01 3.291501e-01 1.144942e-04
4.050000e-01 3.392583e-01 1.147075e-04
4.060000e-01 3.488351e-01 1.146644e-04
4.070000e-01 3.578500e-01 1.143744e-04
4.080000e-01 3.662727e-01 1.138470e-04
4.090000e-01 3.740737e-01 1.130916e-04
4.100000e-01 3.812243e-01 1.121175e-04
4.110000e-01 3.876961e-01 1.109341e-04
4.120000e-01 3.934619e-01 1.095507e-04
4.130000e-01 3.984950e-01 1.079764e-04
4.140000e-01 4.027699e-01 1.062205e-04
4.150000e-01 4.062619e-01 1.042921e-04
4.160000e-01 4.089475e-01 1.022001e-04
4.170000e-01 4.108042e-01 9.995377e-05
4.180000e-01 4.118108e-01 9.756193e-05
4.190000e-01 4.119474e-01 9.503354e-05
4.200000e-01 4.111953e-01 9.237748e-05
4.210000e-01 4.095373e-01 8.960259e-05
4.220000e-01 4.069576e-01 8.671764e-05
4.230000e-01 4.034419e-01 8.373137e-05
4.240000e-01 3.989777e-01 8.065246e-05
4.250000e-01 3.935538e-01 7.748957e-05
4.260000e-01 3.871611e-01 7.425128e-05
4.270000e-01 3.797919e-01 7.094615e-05
4.280000e-01 3.714405e-01 6.758268e-05
4.290000e-01 3.621031e-01 6.416931e-05
4.300000e-01 3.517777e-01 6.071448e-05
4.310000e-01 3.404645e-01 5.722654e-05
4.320000e-01 3.281653e-01 5.371381e-05
4.330000e-01 3.148844e-01 5.018457e-05
4.340000e-01 3.006278e-01 4.664705e-05
4.350000e-01 2.854040e-01 4.310943e-05
4.360000e-01 2.692234e-01 3.957987e-05
4.370000e-01 2.520986e-01 3.606646e-05
4.380000e-01 2.340446e-01 3.257725e-05
4.390000e-01 2.150785e-01 2.912025e-05
4.400000e-01 1.952197e-01 2.570343e-05
4.410000e-01 1.744898e-01 2.233472e-05
4.420000e-01 1.529128e-01 1.902199e-05
4.430000e-01 1.305149e-01 1.577308e-05
4.440000e-01 1.073246e-01 1.259579e-05
4.450000e-01 8.337276e-02 9.497867e-06
4.460000e-01 5.869249e-02 6.487018e-06
4.470000e-01 3.331916e-02 3.570913e-06
4.480000e-01 7.290415e-03 7.571755e-07
4.490000e-01 1.935387e-02 1.947137e-06
4.500000e-01 4.657159e-02 4.539987e-06
4.510000e-01 7.431847e-02 7.022131e-06
4.520000e-01 1.025481e-01 9.394398e-06
4.530000e-01 1.312118e-01 1.165765e-05
4.540000e-01 1.602591e-01 1.381281e-05
4.550000e-01 1.896374e-01 1.586082e-05
4.560000e-01 2.192920e-01 1.780268e-05
4.570000e-01 2.491663e-01 1.963941e-05
4.580000e-01 2.792022e-01 2.137210e-05
4.590000e-01 3.093394e-01 2.300185e-05
4.600000e-01 3.395162e-01 2.452983e-05
4.610000e-01 3.696692e-01 2.595723e-05
4.620000e-01 3.997334e-01 2.728529e-05
4.630000e-01 4.296423e-01 2.851528e-05
4.640000e-01 4.593284e-01 2.964853e-05
4.650000e-01 4.887227e-01 3.068638e-05
4.660000e-01 5.177550e-01 3.163024e-05
4.670000e-01 5.463542e-01 3.248154e-05
4.680000e-01 5.744483e-01 3.324177e-05
4.690000e-01 6.019646e-01 3.391243e-05
4.700000e-01 6.288295e-01 3.449509e-05
4.710000e-01 6.549690e-01 3.499133e-05
4.720000e-01 6.803088e-01 3.540281e-05
4.730000e-01 7.047743e-01 3.573118e-05
4.740000e-01 7.282905e-01 3.597816e-05
4.750000e-01 7.507829e-01 3.614552e-05
4.760000e-01 7.721769e-01 3.623503e-05
4.770000e-01 7.923983e-01 3.624853e-05
4.780000e-01 8.113733e-01 3.618790e-05
4.790000e-01 8.290290e-01 3.605503e-05
4.800000e-01 8.452931e-01 3.585189e-05
4.810000e-01 8.600944e-01 3.558045e-05
4.820000e-01 8.733628e-01 3.524275e-05
4.830000e-01 8.850296e-01 3.484084e-05
4.840000e-01 8.950276e-01 3.437683e-05
4.850000e-01 9.032913e-01 3.385286e-05
4.860000e-01 9.097570e-01 3.327112e-05
4.870000e-01 9.143630e-01 3.263382e-05
4.880000e-01 9.170501e-01 3.194322e-05
4.890000e-01 9.177612e-01 3.120161e-05
4.900000e-01 9.164419e-01 3.041133e-05
4.910000e-01 9.130406e-01 2.957476e-05
4.920000e-01 9.075087e-01 2.869430e-05
4.930000e-01 8.998006e-01 2.777240e-05
4.940000e-01 8.898741e-01 2.681155e-05
4.950000e-01 8.776905e-01 2.581428e-05
4.960000e-01 8.632148e-01 2.478316e-05
4.970000e-01 8.464158e-01 2.372077e-05
4.980000e-01 8.272663e-01 2.262978e-05
4.990000e-01 8.057433e-01 2.151284e-05
5.000000e-01 7.818282e-01 2.037269e-05
5.010000e-01 7.555068e-01 1.921208e-05
5.020000e-01 7.267698e-01 1.803380e-05
5.030000e-01 6.956126e-01 1.684069e-05
5.040000e-01 6.620355e-01 1.563561e-05
5.050000e-01 6.260440e-01 1.442147e-05
5.060000e-01 5.876488e-01 1.320122e-05
5.070000e-01 5.468662e-01 1.197785e-05
5.080000e-01 5.037178e-01 1.075438e-05
5.090000e-01 4.582309e-01 9.533870e-06
5.100000e-01 4.104385e-01 8.319421e-06
5.110000e-01 3.603796e-01 7.114172e-06
5.120000e-01 3.080989e-01 5.921300e-06
5.130000e-01 2.536473e-01 4.744019e-06
5.140000e-01 1.970818e-01 3.585584e-06
5.150000e-01 1.384654e-01 2.449288e-06
5.160000e-01 7.786752e-02 1.338459e-06
5.170000e-01 1.536366e-02 2.564689e-07
5.180000e-01 4.896428e-02 7.935832e-07
5.190000e-01 1.150281e-01 1.811158e-06
5.200000e-01 1.827333e-01 2.796985e-06
5.210000e-01 2.519791e-01 3.751764e-06
5.220000e-01 3.226583e-01 4.676158e-06
5.230000e-01 3.946575e-01 5.570789e-06
5.240000e-01 4.678571e-01 6.436243e-06
5.250000e-01 5.421313e-01 7.273062e-06
5.260000e-01 6.173481e-01 8.081755e-06
5.270000e-01 6.933696e-01 8.862788e-06
5.280000e-01 7.700520e-01 9.616590e-06
5.290000e-01 8.472454e-01 1.034355e-05
5.300000e-01 9.247947e-01 1.104401e-05
5.310000e-01 1.002539e+00 1.171829e-05
5.320000e-01 1.080312e+00 1.236666e-05
5.330000e-01 1.157942e+00 1.298935e-05
5.340000e-01 1.235252e+00 1.358654e-05
5.350000e-01 1.312062e+00 1.415840e-05
5.360000e-01 1.388186e+00 1.470503e-05
5.370000e-01 1.463433e+00 1.522650e-05
5.380000e-01 1.537609e+00 1.572286e-05
5.390000e-01 1.610516e+00 1.619408e-05
5.400000e-01 1.681953e+00 1.664012e-05
5.410000e-01 1.751715e+00 1.706090e-05
5.420000e-01 1.819594e+00 1.745628e-05
5.430000e-01 1.885380e+00 1.782609e-05
5.440000e-01 1.948861e+00 1.817013e-05
5.450000e-01 2.009823e+00 1.848815e-05
5.460000e-01 2.068050e+00 1.877984e-05
5.470000e-01 2.123325e+00 1.904489e-05
5.480000e-01 2.175432e+00 1.928291e-05
5.490000e-01 2.224153e+00 1.949349e-05
5.500000e-01 2.269272e+00 1.967618e-05
5.510000e-01 2.310572e+00 1.983047e-05
5.520000e-01 2.347838e+00 1.995583e-05
5.530000e-01 2.380858e+00 2.005167e-05
5.540000e-01 2.409419e+00 2.011738e-05
5.550000e-01 2.433315e+00 2.015228e-05
5.560000e-01 2.452340e+00 2.015567e-05
5.570000e-01 2.466293e+00 2.012680e-05
5.580000e-01 2.474978e+00 2.006487e-05
5.590000e-01 2.478203e+00 1.996906e-05
5.600000e-01 2.475782e+00 1.983847e-05
5.610000e-01 2.467535e+00 1.967220e-05
5.620000e-01 2.453289e+00 1.946927e-05
5.630000e-01 2.432878e+00 1.922868e-05
5.640000e-01 2.406143e+00 1.894938e-05
5.650000e-01 2.372936e+00 1.863027e-05
5.660000e-01 2.333116e+00 1.827021e-05
5.670000e-01 2.286552e+00 1.786801e-05
5.680000e-01 2.233124e+00 1.742246e-05
5.690000e-01 2.172724e+00 1.693227e-05
5.700000e-01 2.105252e+00 1.639613e-05
5.710000e-01 2.030623e+00 1.581269e-05
5.720000e-01 1.948766e+00 1.518052e-05
5.730000e-01 1.859620e+00 1.449818e-05
5.740000e-01 1.763140e+00 1.376417e-05
5.750000e-01 1.659296e+00 1.297694e-05
5.760000e-01 1.548071e+00 1.213491e-05
5.770000e-01 1.429468e+00 1.123644e-05
5.780000e-01 1.303501e+00 1.027985e-05
5.790000e-01 1.170204e+00 9.263401e-06
5.800000e-01 1.029629e+00 8.185324e-06
5.810000e-01 8.818440e-01 7.043793e-06
5.820000e-01 7.269360e-01 5.836937e-06
5.830000e-01 5.650112e-01 4.562838e-06
5.840000e-01 3.961951e-01 3.219528e-06
5.850000e-01 2.206328e-01 1.804993e-06
5.860000e-01 3.848972e-02 3.171690e-07
5.870000e-01 1.500483e-01 1.245365e-06
5.880000e-01 3.447745e-01 2.878855e-06
5.890000e-01 5.454608e-01 4.577210e-06
5.900000e-01 7.518576e-01 6.334374e-06
5.910000e-01 9.636936e-01 8.144342e-06
5.920000e-01 1.180676e+00 1.000116e-05
5.930000e-01 1.402488e+00 1.189893e-05
5.940000e-01 1.628793e+00 1.383179e-05
5.950000e-01 1.859230e+00 1.579394e-05
5.960000e-01 2.093418e+00 1.777963e-05
5.970000e-01 2.330950e+00 1.978316e-05
5.980000e-01 2.571399e+00 2.179888e-05
5.990000e-01 2.814316e+00 2.382120e-05
6.000000e-01 3.059228e+00 2.584458e-05
6.010000e-01 3.305641e+00 2.786353e-05
6.020000e-01 3.553039e+00 2.987261e-05
6.030000e-01 3.800886e+00 3.186643e-05
6.040000e-01 4.048621e+00 3.383968e-05
6.050000e-01 4.295667e+00 3.578707e-05
6.060000e-01 4.541424e+00 3.770339e-05
6.070000e-01 4.785272e+00 3.958347e-05
6.080000e-01 5.026573e+00 4.142221e-05
6.090000e-01 5.264671e+00 4.321454e-05
6.100000e-01 5.498890e+00 4.495549e-05
6.110000e-01 5.728541e+00 4.664009e-05
6.120000e-01 5.952914e+00 4.826348e-05
6.130000e-01 6.171288e+00 4.982082e-05
6.140000e-01 6.382925e+00 5.130735e-05
6.150000e-01 6.587076e+00 5.271836e-05
6.160000e-01 6.782979e+00 5.404919e-05
6.170000e-01 6.969861e+00 5.529526e-05
6.180000e-01 7.146940e+00 5.645203e-05
6.190000e-01 7.313426e+00 5.751503e-05
6.200000e-01 7.468521e+00 5.847984e-05
6.210000e-01 7.611425e+00 5.934212e-05
6.220000e-01 7.741331e+00 6.009758e-05
6.230000e-01 7.857431e+00 6.074197e-05
6.240000e-01 7.958917e+00 6.127115e-05
6.250000e-01 8.044983e+00 6.168100e-05
6.260000e-01 8.114826e+00 6.196748e-05
6.270000e-01 8.167647e+00 6.212662e-05
6.280000e-01 8.202656e+00 6.215450e-05
6.290000e-01 8.219072e+00 6.204728e-05
6.300000e-01 8.216124e+00 6.180117e-05
6.310000e-01 8.193057e+00 6.141245e-05
6.320000e-01 8.149130e+00 6.087747e-05
6.330000e-01 8.083620e+00 6.019264e-05
6.340000e-01 7.995825e+00 5.935445e-05
6.350000e-01 7.885068e+00 5.835945e-05
6.360000e-01 7.750694e+00 5.720426e-05
6.370000e-01 7.592078e+00 5.588555e-05
6.380000e-01 7.408624e+00 5.440010e-05
6.390000e-01 7.199772e+00 5.274472e-05
6.400000e-01 6.964994e+00 5.091631e-05
6.410000e-01 6.703802e+00 4.891184e-05
6.420000e-01 6.415751e+00 4.672835e-05
6.430000e-01 6.100436e+00 4.436295e-05
6.440000e-01 5.757503e+00 4.181283e-05
6.450000e-01 5.386644e+00 3.907524e-05
6.460000e-01 4.987604e+00 3.614753e-05
6.470000e-01 4.560185e+00 3.302709e-05
6.480000e-01 4.104244e+00 2.971141e-05
6.490000e-01 3.619699e+00 2.619805e-05
6.500000e-01 3.106534e+00 2.248465e-05
6.510000e-01 2.564795e+00 1.856892e-05
6.520000e-01 1.994602e+00 1.444866e-05
6.530000e-01 1.396141e+00 1.012173e-05
6.540000e-01 7.696763e-01 5.586086e-06
6.550000e-01 1.155474e-01 8.397641e-07
6.560000e-01 5.658264e-01 4.117648e-06
6.570000e-01 1.273944e+00 9.276482e-06
6.580000e-01 2.008219e+00 1.462284e-05
6.590000e-01 2.767981e+00 2.014274e-05
6.600000e-01 3.552466e+00 2.582209e-05
6.610000e-01 4.360823e+00 3.164673e-05
6.620000e-01 5.192105e+00 3.760242e-05
6.630000e-01 6.045272e+00 4.367482e-05
6.640000e-01 6.919185e+00 4.984951e-05
6.650000e-01 7.812607e+00 5.611198e-05
6.660000e-01 8.724199e+00 6.244763e-05
6.670000e-01 9.652524e+00 6.884177e-05
6.680000e-01 1.059604e+01 7.527962e-05
6.690000e-01 1.155309e+01 8.174631e-05
6.700000e-01 1.252194e+01 8.822687e-05
6.710000e-01 1.350072e+01 9.470624e-05
6.720000e-01 1.448747e+01 1.011693e-04
6.730000e-01 1.548012e+01 1.076007e-04
6.740000e-01 1.647649e+01 1.139852e-04
6.750000e-01 1.747430e+01 1.203074e-04
6.760000e-01 1.847115e+01 1.265516e-04
6.770000e-01 1.946457e+01 1.327023e-04
6.780000e-01 2.045193e+01 1.387437e-04
6.790000e-01 2.143056e+01 1.446599e-04
6.800000e-01 2.239763e+01 1.504351e-04
6.810000e-01 2.335024e+01 1.560532e-04
6.820000e-01 2.428540e+01 1.614979e-04
6.830000e-01 2.520001e+01 1.667532e-04
6.840000e-01 2.609087e+01 1.718025e-04
6.850000e-01 2.695472e+01 1.766295e-04
6.860000e-01 2.778818e+01 1.812175e-04
6.870000e-01 2.858781e+01 1.855499e-04
6.880000e-01 2.935009e+01 1.896098e-04
6.890000e-01 3.007141e+01 1.933804e-04
6.900000e-01 3.074812e+01 1.968445e-04
6.910000e-01 3.137649e+01 1.999852e-04
6.920000e-01 3.195272e+01 2.027850e-04
6.930000e-01 3.247299e+01 2.052267e-04
6.940000e-01 3.293342e+01 2.072927e-04
6.950000e-01 3.333008e+01 2.089655e-04
6.960000e-01 3.365904e+01 2.102272e-04
6.970000e-01 3.391632e+01 2.110600e-04
6.980000e-01 3.409794e+01 2.114460e-04
6.990000e-01 3.419991e+01 2.113670e-04
7.000000e-01 3.421826e+01 2.108048e-04
7.010000e-01 3.414902e+01 2.097410e-04
7.020000e-01 3.398824e+01 2.081572e-04
7.030000e-01 3.373201e+01 2.060346e-04
7.040000e-01 3.337649e+01 2.033546e-04
7.050000e-01 3.291785e+01 2.000983e-04
7.060000e-01 3.235237e+01 1.962466e-04
7.070000e-01 3.167640e+01 1.917803e-04
7.080000e-01 3.088638e+01 1.866802e-04
7.090000e-01 2.997885e+01 1.809268e-04
7.100000e-01 2.895050e+01 1.745005e-04
7.110000e-01 2.779813e+01 1.673816e-04
7.120000e-01 2.651870e+01 1.595502e-04
7.130000e-01 2.510932e+01 1.509863e-04
7.140000e-01 2.356732e+01 1.416698e-04
7.150000e-01 2.189018e+01 1.315802e-04
7.160000e-01 2.007562e+01 1.206971e-04
7.170000e-01 1.812157e+01 1.089999e-04
7.180000e-01 1.602623e+01 9.646779e-05
7.190000e-01 1.378804e+01 8.307983e-05
7.200000e-01 1.140573e+01 6.881491e-05
7.210000e-01 8.878308e+00 5.365176e-05
7.220000e-01 6.205121e+00 3.756895e-05
7.230000e-01 3.385834e+00 2.054488e-05
7.240000e-01 4.204640e-01 2.557780e-06
7.250000e-01 2.690606e+00 1.640445e-05
7.260000e-01 5.946605e+00 3.629430e-05
7.270000e-01 9.346359e+00 5.704200e-05
7.280000e-01 1.288827e+01 7.857788e-05
7.290000e-01 1.657031e+01 1.008325e-04
7.300000e-01 2.038998e+01 1.237365e-04
7.310000e-01 2.434430e+01 1.472208e-04
7.320000e-01 2.842981e+01 1.712165e-04
7.330000e-01 3.264254e+01 1.956549e-04
7.340000e-01 3.697798e+01 2.204674e-04
7.350000e-01 4.143108e+01 2.455856e-04
7.360000e-01 4.599622e+01 2.709415e-04
7.370000e-01 5.066722e+01 2.964670e-04
7.380000e-01 5.543728e+01 3.220944e-04
7.390000e-01 6.029900e+01 3.477562e-04
7.400000e-01 6.524438e+01 3.733850e-04
7.410000e-01 7.026475e+01 3.989136e-04
7.420000e-01 7.535080e+01 4.242752e-04
7.430000e-01 8.049257e+01 4.494030e-04
7.440000e-01 8.567941e+01 4.742306e-04
7.450000e-01 9.090000e+01 4.986916e-04
7.460000e-01 9.614232e+01 5.227201e-04
7.470000e-01 1.013936e+02 5.462502e-04
7.480000e-01 1.066406e+02 5.692163e-04
7.490000e-01 1.118689e+02 5.915530e-04
7.500000e-01 1.170639e+02 6.131953e-04
7.510000e-01 1.222099e+02 6.340782e-04
7.520000e-01 1.272906e+02 6.541372e-04
7.530000e-01 1.322890e+02 6.733077e-04
7.540000e-01 1.371875e+02 6.915257e-04
7.550000e-01 1.419675e+02 7.087273e-04
7.560000e-01 1.466100e+02 7.248489e-04
7.570000e-01 1.510951e+02 7.398270e-04
7.580000e-01 1.554024e+02 7.535986e-04
7.590000e-01 1.595106e+02 7.661007e-04
7.600000e-01 1.633979e+02 7.772710e-04
7.610000e-01 1.670419e+02 7.870469e-04
7.620000e-01 1.704195e+02 7.953666e-04
7.630000e-01 1.735070e+02 8.021682e-04
7.640000e-01 1.762802e+02 8.073904e-04
7.650000e-01 1.787144e+02 8.109720e-04
7.660000e-01 1.807843e+02 8.128521e-04
7.670000e-01 1.824642e+02 8.129702e-04
7.680000e-01 1.837279e+02 8.112659e-04
7.690000e-01 1.845490e+02 8.076795e-04
7.700000e-01 1.849007e+02 8.021511e-04
7.710000e-01 1.847557e+02 7.946216e-04
7.720000e-01 1.840867e+02 7.850320e-04
7.730000e-01 1.828662e+02 7.733235e-04
7.740000e-01 1.810666e+02 7.594378e-04
7.750000e-01 1.786601e+02 7.433170e-04
7.760000e-01 1.756191e+02 7.249034e-04
7.770000e-01 1.719160e+02 7.041397e-04
7.780000e-01 1.675235e+02 6.809690e-04
7.790000e-01 1.624144e+02 6.553347e-04
7.800000e-01 1.565618e+02 6.271806e-04
7.810000e-01 1.499396e+02 5.964508e-04
7.820000e-01 1.425217e+02 5.630899e-04
7.830000e-01 1.342830e+02 5.270428e-04
7.840000e-01 1.251991e+02 4.882547e-04
7.850000e-01 1.152463e+02 4.466715e-04
7.860000e-01 1.044020e+02 4.022391e-04
7.870000e-01 9.264447e+01 3.549041e-04
7.880000e-01 7.995341e+01 3.046135e-04
7.890000e-01 6.630969e+01 2.513146e-04
7.900000e-01 5.169569e+01 1.949551e-04
7.910000e-01 3.609537e+01 1.354832e-04
7.920000e-01 1.949442e+01 7.284768e-05
7.930000e-01 1.880397e+00 6.997575e-06
7.940000e-01 1.675712e+01 6.208543e-05
7.950000e-01 3.642635e+01 1.342435e-04
7.960000e-01 5.713322e+01 2.092588e-04
7.970000e-01 7.888112e+01 2.869127e-04
7.980000e-01 1.016708e+02 3.669864e-04
7.990000e-01 1.255002e+02 4.492602e-04
8.000000e-01 1.503642e+02 5.335143e-04
8.010000e-01 1.762546e+02 6.195282e-04
8.020000e-01 2.031597e+02 7.070808e-04
8.030000e-01 2.310644e+02 7.959505e-04
8.040000e-01 2.599498e+02 8.859154e-04
8.050000e-01 2.897932e+02 9.767527e-04
8.060000e-01 3.205676e+02 1.068239e-03
8.070000e-01 3.522420e+02 1.160151e-03
8.080000e-01 3.847806e+02 1.252265e-03
8.090000e-01 4.181433e+02 1.344354e-03
8.100000e-01 4.522848e+02 1.436194e-03
8.110000e-01 4.871550e+02 1.527559e-03
8.120000e-01 5.226985e+02 1.618221e-03
8.130000e-01 5.588544e+02 1.707954e-03
8.140000e-01 5.955563e+02 1.796528e-03
8.150000e-01 6.327320e+02 1.883717e-03
8.160000e-01 6.703031e+02 1.969289e-03
8.170000e-01 7.081855e+02 2.053016e-03
8.180000e-01 7.462883e+02 2.134666e-03
8.190000e-01 7.845145e+02 2.214008e-03
8.200000e-01 8.227602e+02 2.290809e-03
8.210000e-01 8.609148e+02 2.364838e-03
8.220000e-01 8.988607e+02 2.435859e-03
8.230000e-01 9.364734e+02 2.503639e-03
8.240000e-01 9.736210e+02 2.567942e-03
8.250000e-01 1.010164e+03 2.628533e-03
8.260000e-01 1.045957e+03 2.685175e-03
8.270000e-01 1.080844e+03 2.737629e-03
8.280000e-01 1.114665e+03 2.785658e-03
8.290000e-01 1.147249e+03 2.829022e-03
8.300000e-01 1.178421e+03 2.867481e-03
8.310000e-01 1.207995e+03 2.900794e-03
8.320000e-01 1.235778e+03 2.928719e-03
8.330000e-01 1.261572e+03 2.951013e-03
8.340000e-01 1.285167e+03 2.967432e-03
8.350000e-01 1.306348e+03 2.977731e-03
8.360000e-01 1.324892e+03 2.981664e-03
8.370000e-01 1.340570e+03 2.978986e-03
8.380000e-01 1.353143e+03 2.969447e-03
8.390000e-01 1.362366e+03 2.952799e-03
8.400000e-01 1.367989e+03 2.928792e-03
8.410000e-01 1.369753e+03 2.897175e-03
8.420000e-01 1.367394e+03 2.857696e-03
8.430000e-01 1.360640e+03 2.810102e-03
8.440000e-01 1.349217e+03 2.754137e-03
8.450000e-01 1.332841e+03 2.689547e-03
8.460000e-01 1.311228e+03 2.616075e-03
8.470000e-01 1.284086e+03 2.533463e-03
8.480000e-01 1.251121e+03 2.441450e-03
8.490000e-01 1.212036e+03 2.339778e-03
8.500000e-01 1.166530e+03 2.228183e-03
8.510000e-01 1.114301e+03 2.106403e-03
8.520000e-01 1.055047e+03 1.974172e-03
8.530000e-01 9.884625e+02 1.831226e-03
8.540000e-01 9.142463e+02 1.677296e-03
8.550000e-01 8.320966e+02 1.512113e-03
8.560000e-01 7.417148e+02 1.335407e-03
8.570000e-01 6.428055e+02 1.146906e-03
8.580000e-01 5.350786e+02 9.463371e-04
8.590000e-01 4.182495e+02 7.334240e-04
8.600000e-01 2.920413e+02 5.078903e-04
8.610000e-01 1.561856e+02 2.694575e-04
8.620000e-01 1.042400e+01 1.784551e-05
8.630000e-01 1.454900e+02 2.470606e-04
8.640000e-01 3.117897e+02 5.245544e-04
8.650000e-01 4.886933e+02 8.136787e-04
8.660000e-01 6.764024e+02 1.113478e-03
8.670000e-01 8.750997e+02 1.422999e-03
8.680000e-01 1.084947e+03 1.741290e-03
8.690000e-01 1.306084e+03 2.067401e-03
8.700000e-01 1.538625e+03 2.400386e-03
8.710000e-01 1.782656e+03 2.739299e-03
8.720000e-01 2.038236e+03 3.083196e-03
8.730000e-01 2.305389e+03 3.431138e-03
8.740000e-01 2.584107e+03 3.782185e-03
8.750000e-01 2.874342e+03 4.135401e-03
8.760000e-01 3.176008e+03 4.489853e-03
8.770000e-01 3.488975e+03 4.844610e-03
8.780000e-01 3.813068e+03 5.198742e-03
8.790000e-01 4.148061e+03 5.551323e-03
8.800000e-01 4.493677e+03 5.901431e-03
8.810000e-01 4.849584e+03 6.248143e-03
8.820000e-01 5.215390e+03 6.590544e-03
8.830000e-01 5.590640e+03 6.927717e-03
8.840000e-01 5.974816e+03 7.258750e-03
8.850000e-01 6.367327e+03 7.582735e-03
8.860000e-01 6.767510e+03 7.898766e-03
8.870000e-01 7.174625e+03 8.205940e-03
8.880000e-01 7.587849e+03 8.503358e-03
8.890000e-01 8.006276e+03 8.790124e-03
8.900000e-01 8.428910e+03 9.065346e-03
8.910000e-01 8.854660e+03 9.328135e-03
8.920000e-01 9.282340e+03 9.577606e-03
8.930000e-01 9.710661e+03 9.812878e-03
8.940000e-01 1.013823e+04 1.003307e-02
8.950000e-01 1.056353e+04 1.023732e-02
8.960000e-01 1.098496e+04 1.042475e-02
8.970000e-01 1.140076e+04 1.059449e-02
8.980000e-01 1.180908e+04 1.074569e-02
8.990000e-01 1.220793e+04 1.087749e-02
9.000000e-01 1.259517e+04 1.098904e-02
9.010000e-01 1.296856e+04 1.107949e-02
9.020000e-01 1.332570e+04 1.114800e-02
9.030000e-01 1.366403e+04 1.119373e-02
9.040000e-01 1.398087e+04 1.121586e-02
9.050000e-01 1.427338e+04 1.121356e-02
9.060000e-01 1.453855e+04 1.118601e-02
9.070000e-01 1.477322e+04 1.113238e-02
9.080000e-01 1.497407e+04 1.105189e-02
9.090000e-01 1.513762e+04 1.094372e-02
9.100000e-01 1.526020e+04 1.080707e-02
9.110000e-01 1.533799e+04 1.064117e-02
9.120000e-01 1.536700e+04 1.044522e-02
9.130000e-01 1.534305e+04 1.021845e-02
9.140000e-01 1.526178e+04 9.960095e-03
9.150000e-01 1.511868e+04 9.669393e-03
9.160000e-01 1.490905e+04 9.345591e-03
9.170000e-01 1.462799e+04 8.987943e-03
9.180000e-01 1.427047e+04 8.595715e-03
9.190000e-01 1.383126e+04 8.168178e-03
9.200000e-01 1.330495e+04 7.704613e-03
9.210000e-01 1.268599e+04 7.204311e-03
9.220000e-01 1.196865e+04 6.666572e-03
9.230000e-01 1.114703e+04 6.090705e-03
9.240000e-01 1.021511e+04 5.476031e-03
9.250000e-01 9.166693e+03 4.821881e-03
9.260000e-01 7.995466e+03 4.127597e-03
9.270000e-01 6.694983e+03 3.392533e-03
9.280000e-01 5.258683e+03 2.616053e-03
9.290000e-01 3.679903e+03 1.797535e-03
9.300000e-01 1.951894e+03 9.363714e-04
9.310000e-01 6.783396e+01 3.196479e-05
9.320000e-01 1.979153e+03 9.158058e-04
9.330000e-01 4.195977e+03 1.905004e-03
9.340000e-01 6.589556e+03 2.933113e-03
9.350000e-01 9.166799e+03 3.997599e-03
9.360000e-01 1.193457e+04 5.095912e-03
9.370000e-01 1.489967e+04 6.225486e-03
9.380000e-01 1.806880e+04 7.383736e-03
9.390000e-01 2.144851e+04 8.568059e-03
9.400000e-01 2.504519e+04 9.775834e-03
9.410000e-01 2.886502e+04 1.100442e-02
9.420000e-01 3.291388e+04 1.225114e-02
9.430000e-01 3.719739e+04 1.351333e-02
9.440000e-01 4.172078e+04 1.478827e-02
9.450000e-01 4.648887e+04 1.607323e-02
9.460000e-01 5.150598e+04 1.736545e-02
9.470000e-01 5.677590e+04 1.866214e-02
9.480000e-01 6.230181e+04 1.996050e-02
9.490000e-01 6.808618e+04 2.125769e-02
9.500000e-01 7.413071e+04 2.255083e-02
9.510000e-01 8.043624e+04 2.383702e-02
9.520000e-01 8.700264e+04 2.511333e-02
9.530000e-01 9.382874e+04 2.637678e-02
9.540000e-01 1.009122e+05 2.762436e-02
9.550000e-01 1.082494e+05 2.885304e-02
9.560000e-01 1.158353e+05 3.005972e-02
9.570000e-01 1.236634e+05 3.124127e-02
9.580000e-01 1.317254e+05 3.239452e-02
9.590000e-01 1.400113e+05 3.351624e-02
9.600000e-01 1.485091e+05 3.460316e-02
9.610000e-01 1.572046e+05 3.565195e-02
9.620000e-01 1.660813e+05 3.665922e-02
9.630000e-01 1.751204e+05 3.762155e-02
9.640000e-01 1.843000e+05 3.853541e-02
9.650000e-01 1.935955e+05 3.939725e-02
9.660000e-01 2.029793e+05 4.020340e-02
9.670000e-01 2.124201e+05 4.095017e-02
9.680000e-01 2.218833e+05 4.163374e-02
9.690000e-01 2.313301e+05 4.225024e-02
9.700000e-01 2.407177e+05 4.279570e-02
9.710000e-01 2.499987e+05 4.326604e-02
9.720000e-01 2.591210e+05 4.365710e-02
9.730000e-01 2.680273e+05 4.396459e-02
9.740000e-01 2.766550e+05 4.418412e-02
9.750000e-01 2.849353e+05 4.431117e-02
9.760000e-01 2.927934e+05 4.434107e-02
9.770000e-01 3.001479e+05 4.426904e-02
9.780000e-01 3.069101e+05 4.409012e-02
9.790000e-01 3.129839e+05 4.379919e-02
9.800000e-01 3.182651e+05 4.339095e-02
9.810000e-01 3.226408e+05 4.285992e-02
9.820000e-01 3.259893e+05 4.220040e-02
9.830000e-01 3.281791e+05 4.140647e-02
9.840000e-01 3.290684e+05 4.047196e-02
9.850000e-01 3.285046e+05 3.939046e-02
9.860000e-01 3.263236e+05 3.815525e-02
9.870000e-01 3.223491e+05 3.675931e-02
9.880000e-01 3.163917e+05 3.519528e-02
9.890000e-01 3.082484e+05 3.345542e-02
9.900000e-01 2.977017e+05 3.153160e-02
9.910000e-01 2.845187e+05 2.941525e-02
9.920000e-01 2.684503e+05 2.709728e-02
9.930000e-01 2.492302e+05 2.456810e-02
9.940000e-01 2.265740e+05 2.181750e-02
9.950000e-01 2.001782e+05 1.883463e-02
9.960000e-01 1.697190e+05 1.560789e-02
9.970000e-01 1.348512e+05 1.212488e-02
9.980000e-01 9.520718e+04 8.372307e-03
9.990000e-01 5.039560e+04 4.335834e-03
