-1.000000e+00 5.756463e-01
-9.990000e-01 5.836263e-01
-9.980000e-01 5.918693e-01
-9.970000e-01 6.003933e-01
-9.960000e-01 6.092179e-01
-9.950000e-01 6.183651e-01
-9.940000e-01 6.278592e-01
-9.930000e-01 6.377276e-01
-9.920000e-01 6.480008e-01
-9.910000e-01 6.587135e-01
-9.900000e-01 6.699049e-01
-9.890000e-01 6.816196e-01
-9.880000e-01 6.939091e-01
-9.870000e-01 7.068324e-01
-9.860000e-01 7.204586e-01
-9.850000e-01 7.348685e-01
-9.840000e-01 7.501577e-01
-9.830000e-01 7.664405e-01
-9.820000e-01 7.838551e-01
-9.810000e-01 8.025708e-01
-9.800000e-01 8.227979e-01
-9.790000e-01 8.448022e-01
-9.780000e-01 8.689266e-01
-9.770000e-01 8.956238e-01
-9.760000e-01 9.255095e-01
-9.750000e-01 9.594504e-01
-9.740000e-01 9.987236e-01
-9.730000e-01 1.045324e+00
-9.720000e-01 1.102631e+00
-9.710000e-01 1.177083e+00
-9.700000e-01 1.283553e+00
-9.690000e-01 1.472723e+00
-9.680000e-01 1.981164e+00
-9.670000e-01 1.414682e+00
-9.660000e-01 1.254749e+00
-9.650000e-01 1.158025e+00
-9.640000e-01 1.088479e+00
-9.630000e-01 1.034146e+00
-9.620000e-01 9.895539e-01
-9.610000e-01 9.517379e-01
-9.600000e-01 9.189095e-01
-9.590000e-01 8.899068e-01
-9.580000e-01 8.639317e-01
-9.570000e-01 8.404125e-01
-9.560000e-01 8.189258e-01
-9.550000e-01 7.991488e-01
-9.540000e-01 7.808302e-01
-9.530000e-01 7.637702e-01
-9.520000e-01 7.478077e-01
-9.510000e-01 7.328104e-01
-9.500000e-01 7.186688e-01
-9.490000e-01 7.052910e-01
-9.480000e-01 6.925991e-01
-9.470000e-01 6.805267e-01
-9.460000e-01 6.690164e-01
-9.450000e-01 6.580186e-01
-9.440000e-01 6.474899e-01
-9.430000e-01 6.373924e-01
-9.420000e-01 6.276923e-01
-9.410000e-01 6.183598e-01
-9.400000e-01 6.093685e-01
-9.390000e-01 6.006944e-01
-9.380000e-01 5.923162e-01
-9.370000e-01 5.842147e-01
-9.360000e-01 5.763724e-01
-9.350000e-01 5.687734e-01
-9.340000e-01 5.614033e-01
-9.330000e-01 5.542489e-01
-9.320000e-01 5.472982e-01
-9.310000e-01 5.405401e-01
-9.300000e-01 5.339644e-01
-9.290000e-01 5.275616e-01
-9.280000e-01 5.213231e-01
-9.270000e-01 5.152409e-01
-9.260000e-01 5.093074e-01
-9.250000e-01 5.035158e-01
-9.240000e-01 4.978595e-01
-9.230000e-01 4.923325e-01
-9.220000e-01 4.869293e-01
-9.210000e-01 4.816445e-01
-9.200000e-01 4.764731e-01
-9.190000e-01 4.714106e-01
-9.180000e-01 4.664526e-01
-9.170000e-01 4.615950e-01
-9.160000e-01 4.568340e-01
-9.150000e-01 4.521658e-01
-9.140000e-01 4.475871e-01
-9.130000e-01 4.430947e-01
-9.120000e-01 4.386854e-01
-9.110000e-01 4.343563e-01
-9.100000e-01 4.301048e-01
-9.090000e-01 4.259281e-01
-9.080000e-01 4.218238e-01
-9.070000e-01 4.177896e-01
-9.060000e-01 4.138231e-01
-9.050000e-01 4.099223e-01
-9.040000e-01 4.060851e-01
-9.030000e-01 4.023096e-01
-9.020000e-01 3.985939e-01
-9.010000e-01 3.949362e-01
-9.000000e-01 3.913349e-01
-8.990000e-01 3.877884e-01
-8.980000e-01 3.842950e-01
-8.970000e-01 3.808533e-01
-8.960000e-01 3.774619e-01
-8.950000e-01 3.741195e-01
-8.940000e-01 3.708247e-01
-8.930000e-01 3.675762e-01
-8.920000e-01 3.643729e-01
-8.910000e-01 3.612136e-01
-8.900000e-01 3.580972e-01
-8.890000e-01 3.550227e-01
-8.880000e-01 3.519889e-01
-8.870000e-01 3.489949e-01
-8.860000e-01 3.460398e-01
-8.850000e-01 3.431227e-01
-8.840000e-01 3.402426e-01
-8.830000e-01 3.373986e-01
-8.820000e-01 3.345901e-01
-8.810000e-01 3.318161e-01
-8.800000e-01 3.290759e-01
-8.790000e-01 3.263688e-01
-8.780000e-01 3.236940e-01
-8.770000e-01 3.210509e-01
-8.760000e-01 3.184387e-01
-8.750000e-01 3.158569e-01
-8.740000e-01 3.133048e-01
-8.730000e-01 3.107817e-01
-8.720000e-01 3.082872e-01
-8.710000e-01 3.058206e-01
-8.700000e-01 3.033813e-01
-8.690000e-01 3.009689e-01
-8.680000e-01 2.985828e-01
-8.670000e-01 2.962225e-01
-8.660000e-01 2.938876e-01
-8.650000e-01 2.915775e-01
-8.640000e-01 2.892917e-01
-8.630000e-01 2.870299e-01
-8.620000e-01 2.847916e-01
-8.610000e-01 2.825764e-01
-8.600000e-01 2.803838e-01
-8.590000e-01 2.782135e-01
-8.580000e-01 2.760650e-01
-8.570000e-01 2.739381e-01
-8.560000e-01 2.718322e-01
-8.550000e-01 2.697471e-01
-8.540000e-01 2.676825e-01
-8.530000e-01 2.656379e-01
-8.520000e-01 2.636131e-01
-8.510000e-01 2.616076e-01
-8.500000e-01 2.596213e-01
-8.490000e-01 2.576538e-01
-8.480000e-01 2.557047e-01
-8.470000e-01 2.537739e-01
-8.460000e-01 2.518610e-01
-8.450000e-01 2.499658e-01
-8.440000e-01 2.480879e-01
-8.430000e-01 2.462271e-01
-8.420000e-01 2.443832e-01
-8.410000e-01 2.425559e-01
-8.400000e-01 2.407449e-01
-8.390000e-01 2.389501e-01
-8.380000e-01 2.371711e-01
-8.370000e-01 2.354078e-01
-8.360000e-01 2.336599e-01
-8.350000e-01 2.319273e-01
-8.340000e-01 2.302096e-01
-8.330000e-01 2.285067e-01
-8.320000e-01 2.268184e-01
-8.310000e-01 2.251445e-01
-8.300000e-01 2.234847e-01
-8.290000e-01 2.218390e-01
-8.280000e-01 2.202070e-01
-8.270000e-01 2.185887e-01
-8.260000e-01 2.169839e-01
-8.250000e-01 2.153923e-01
-8.240000e-01 2.138138e-01
-8.230000e-01 2.122483e-01
-8.220000e-01 2.106955e-01
-8.210000e-01 2.091553e-01
-8.200000e-01 2.076276e-01
-8.190000e-01 2.061122e-01
-8.180000e-01 2.046089e-01
-8.170000e-01 2.031176e-01
-8.160000e-01 2.016381e-01
-8.150000e-01 2.001704e-01
-8.140000e-01 1.987142e-01
-8.130000e-01 1.972695e-01
-8.120000e-01 1.958360e-01
-8.110000e-01 1.944137e-01
-8.100000e-01 1.930025e-01
-8.090000e-01 1.916021e-01
-8.080000e-01 1.902126e-01
-8.070000e-01 1.888337e-01
-8.060000e-01 1.874653e-01
-8.050000e-01 1.861074e-01
-8.040000e-01 1.847597e-01
-8.030000e-01 1.834223e-01
-8.020000e-01 1.820949e-01
-8.010000e-01 1.807775e-01
-8.000000e-01 1.794700e-01
-7.990000e-01 1.781722e-01
-7.980000e-01 1.768841e-01
-7.970000e-01 1.756056e-01
-7.960000e-01 1.743365e-01
-7.950000e-01 1.730768e-01
-7.940000e-01 1.718263e-01
-7.930000e-01 1.705850e-01
-7.920000e-01 1.693528e-01
-7.910000e-01 1.681295e-01
-7.900000e-01 1.669152e-01
-7.890000e-01 1.657096e-01
-7.880000e-01 1.645128e-01
-7.870000e-01 1.633246e-01
-7.860000e-01 1.621449e-01
-7.850000e-01 1.609737e-01
-7.840000e-01 1.598109e-01
-7.830000e-01 1.586564e-01
-7.820000e-01 1.575102e-01
-7.810000e-01 1.563720e-01
-7.800000e-01 1.552420e-01
-7.790000e-01 1.541199e-01
-7.780000e-01 1.530058e-01
-7.770000e-01 1.518995e-01
-7.760000e-01 1.508010e-01
-7.750000e-01 1.497103e-01
-7.740000e-01 1.486271e-01
-7.730000e-01 1.475516e-01
-7.720000e-01 1.464835e-01
-7.710000e-01 1.454229e-01
-7.700000e-01 1.443697e-01
-7.690000e-01 1.433237e-01
-7.680000e-01 1.422851e-01
-7.670000e-01 1.412536e-01
-7.660000e-01 1.402292e-01
-7.650000e-01 1.392119e-01
-7.640000e-01 1.382017e-01
-7.630000e-01 1.371983e-01
-7.620000e-01 1.362019e-01
-7.610000e-01 1.352123e-01
-7.600000e-01 1.342295e-01
-7.590000e-01 1.332534e-01
-7.580000e-01 1.322840e-01
-7.570000e-01 1.313212e-01
-7.560000e-01 1.303649e-01
-7.550000e-01 1.294152e-01
-7.540000e-01 1.284720e-01
-7.530000e-01 1.275352e-01
-7.520000e-01 1.266047e-01
-7.510000e-01 1.256805e-01
-7.500000e-01 1.247626e-01
-7.490000e-01 1.238510e-01
-7.480000e-01 1.229455e-01
-7.470000e-01 1.220461e-01
-7.460000e-01 1.211529e-01
-7.450000e-01 1.202656e-01
-7.440000e-01 1.193844e-01
-7.430000e-01 1.185091e-01
-7.420000e-01 1.176397e-01
-7.410000e-01 1.167762e-01
-7.400000e-01 1.159185e-01
-7.390000e-01 1.150666e-01
-7.380000e-01 1.142204e-01
-7.370000e-01 1.133799e-01
-7.360000e-01 1.125451e-01
-7.350000e-01 1.117159e-01
-7.340000e-01 1.108923e-01
-7.330000e-01 1.100743e-01
-7.320000e-01 1.092617e-01
-7.310000e-01 1.084546e-01
-7.300000e-01 1.076530e-01
-7.290000e-01 1.068568e-01
-7.280000e-01 1.060659e-01
-7.270000e-01 1.052804e-01
-7.260000e-01 1.045001e-01
-7.250000e-01 1.037251e-01
-7.240000e-01 1.029554e-01
-7.230000e-01 1.021908e-01
-7.220000e-01 1.014314e-01
-7.210000e-01 1.006771e-01
-7.200000e-01 9.992796e-02
-7.190000e-01 9.918384e-02
-7.180000e-01 9.844477e-02
-7.170000e-01 9.771069e-02
-7.160000e-01 9.698159e-02
-7.150000e-01 9.625743e-02
-7.140000e-01 9.553819e-02
-7.130000e-01 9.482383e-02
-7.120000e-01 9.411432e-02
-7.110000e-01 9.340964e-02
-7.100000e-01 9.270976e-02
-7.090000e-01 9.201465e-02
-7.080000e-01 9.132429e-02
-7.070000e-01 9.063864e-02
-7.060000e-01 8.995768e-02
-7.050000e-01 8.928138e-02
-7.040000e-01 8.860972e-02
-7.030000e-01 8.794268e-02
-7.020000e-01 8.728021e-02
-7.010000e-01 8.662231e-02
-7.000000e-01 8.596895e-02
-6.990000e-01 8.532009e-02
-6.980000e-01 8.467572e-02
-6.970000e-01 8.403582e-02
-6.960000e-01 8.340035e-02
-6.950000e-01 8.276930e-02
-6.940000e-01 8.214265e-02
-6.930000e-01 8.152036e-02
-6.920000e-01 8.090242e-02
-6.910000e-01 8.028881e-02
-6.900000e-01 7.967949e-02
-6.890000e-01 7.907446e-02
-6.880000e-01 7.847369e-02
-6.870000e-01 7.787716e-02
-6.860000e-01 7.728485e-02
-6.850000e-01 7.669673e-02
-6.840000e-01 7.611279e-02
-6.830000e-01 7.553301e-02
-6.820000e-01 7.495736e-02
-6.810000e-01 7.438583e-02
-6.800000e-01 7.381840e-02
-6.790000e-01 7.325504e-02
-6.780000e-01 7.269574e-02
-6.770000e-01 7.214048e-02
-6.760000e-01 7.158924e-02
-6.750000e-01 7.104201e-02
-6.740000e-01 7.049876e-02
-6.730000e-01 6.995947e-02
-6.720000e-01 6.942414e-02
-6.710000e-01 6.889273e-02
-6.700000e-01 6.836524e-02
-6.690000e-01 6.784165e-02
-6.680000e-01 6.732193e-02
-6.670000e-01 6.680608e-02
-6.660000e-01 6.629408e-02
-6.650000e-01 6.578590e-02
-6.640000e-01 6.528154e-02
-6.630000e-01 6.478097e-02
-6.620000e-01 6.428419e-02
-6.610000e-01 6.379117e-02
-6.600000e-01 6.330191e-02
-6.590000e-01 6.281638e-02
-6.580000e-01 6.233457e-02
-6.570000e-01 6.185646e-02
-6.560000e-01 6.138205e-02
-6.550000e-01 6.091131e-02
-6.540000e-01 6.044424e-02
-6.530000e-01 5.998081e-02
-6.520000e-01 5.952101e-02
-6.510000e-01 5.906484e-02
-6.500000e-01 5.861227e-02
-6.490000e-01 5.816329e-02
-6.480000e-01 5.771789e-02
-6.470000e-01 5.727606e-02
-6.460000e-01 5.683777e-02
-6.450000e-01 5.640303e-02
-6.440000e-01 5.597182e-02
-6.430000e-01 5.554411e-02
-6.420000e-01 5.511991e-02
-6.410000e-01 5.469920e-02
-6.400000e-01 5.428197e-02
-6.390000e-01 5.386820e-02
-6.380000e-01 5.345788e-02
-6.370000e-01 5.305100e-02
-6.360000e-01 5.264755e-02
-6.350000e-01 5.224752e-02
-6.340000e-01 5.185090e-02
-6.330000e-01 5.145767e-02
-6.320000e-01 5.106782e-02
-6.310000e-01 5.068135e-02
-6.300000e-01 5.029824e-02
-6.290000e-01 4.991848e-02
-6.280000e-01 4.954206e-02
-6.270000e-01 4.916897e-02
-6.260000e-01 4.879920e-02
-6.250000e-01 4.843274e-02
-6.240000e-01 4.806958e-02
-6.230000e-01 4.770971e-02
-6.220000e-01 4.735311e-02
-6.210000e-01 4.699979e-02
-6.200000e-01 4.664973e-02
-6.190000e-01 4.630291e-02
-6.180000e-01 4.595934e-02
-6.170000e-01 4.561900e-02
-6.160000e-01 4.528188e-02
-6.150000e-01 4.494798e-02
-6.140000e-01 4.461728e-02
-6.130000e-01 4.428978e-02
-6.120000e-01 4.396546e-02
-6.110000e-01 4.364432e-02
-6.100000e-01 4.332635e-02
-6.090000e-01 4.301154e-02
-6.080000e-01 4.269989e-02
-6.070000e-01 4.239138e-02
-6.060000e-01 4.208600e-02
-6.050000e-01 4.178376e-02
-6.040000e-01 4.148463e-02
-6.030000e-01 4.118862e-02
-6.020000e-01 4.089571e-02
-6.010000e-01 4.060590e-02
-6.000000e-01 4.031919e-02
-5.990000e-01 4.003555e-02
-5.980000e-01 3.975499e-02
-5.970000e-01 3.947749e-02
-5.960000e-01 3.920306e-02
-5.950000e-01 3.893168e-02
-5.940000e-01 3.866335e-02
-5.930000e-01 3.839806e-02
-5.920000e-01 3.813580e-02
-5.910000e-01 3.787657e-02
-5.900000e-01 3.762036e-02
-5.890000e-01 3.736717e-02
-5.880000e-01 3.711698e-02
-5.870000e-01 3.686979e-02
-5.860000e-01 3.662559e-02
-5.850000e-01 3.638439e-02
-5.840000e-01 3.614617e-02
-5.830000e-01 3.591092e-02
-5.820000e-01 3.567865e-02
-5.810000e-01 3.544934e-02
-5.800000e-01 3.522299e-02
-5.790000e-01 3.499959e-02
-5.780000e-01 3.477914e-02
-5.770000e-01 3.456164e-02
-5.760000e-01 3.434707e-02
-5.750000e-01 3.413543e-02
-5.740000e-01 3.392672e-02
-5.730000e-01 3.372093e-02
-5.720000e-01 3.351806e-02
-5.710000e-01 3.331811e-02
-5.700000e-01 3.312105e-02
-5.690000e-01 3.292690e-02
-5.680000e-01 3.273565e-02
-5.670000e-01 3.254729e-02
-5.660000e-01 3.236182e-02
-5.650000e-01 3.217923e-02
-5.640000e-01 3.199952e-02
-5.630000e-01 3.182269e-02
-5.620000e-01 3.164873e-02
-5.610000e-01 3.147763e-02
-5.600000e-01 3.130940e-02
-5.590000e-01 3.114402e-02
-5.580000e-01 3.098150e-02
-5.570000e-01 3.082183e-02
-5.560000e-01 3.066501e-02
-5.550000e-01 3.051103e-02
-5.540000e-01 3.035989e-02
-5.530000e-01 3.021158e-02
-5.520000e-01 3.006611e-02
-5.510000e-01 2.992346e-02
-5.500000e-01 2.978364e-02
-5.490000e-01 2.964664e-02
-5.480000e-01 2.951246e-02
-5.470000e-01 2.938110e-02
-5.460000e-01 2.925255e-02
-5.450000e-01 2.912681e-02
-5.440000e-01 2.900387e-02
-5.430000e-01 2.888374e-02
-5.420000e-01 2.876641e-02
-5.410000e-01 2.865188e-02
-5.400000e-01 2.854014e-02
-5.390000e-01 2.843120e-02
-5.380000e-01 2.832504e-02
-5.370000e-01 2.822168e-02
-5.360000e-01 2.812109e-02
-5.350000e-01 2.802329e-02
-5.340000e-01 2.792828e-02
-5.330000e-01 2.783604e-02
-5.320000e-01 2.774657e-02
-5.310000e-01 2.765988e-02
-5.300000e-01 2.757597e-02
-5.290000e-01 2.749482e-02
-5.280000e-01 2.741644e-02
-5.270000e-01 2.734083e-02
-5.260000e-01 2.726798e-02
-5.250000e-01 2.719789e-02
-5.240000e-01 2.713057e-02
-5.230000e-01 2.706601e-02
-5.220000e-01 2.700420e-02
-5.210000e-01 2.694515e-02
-5.200000e-01 2.688886e-02
-5.190000e-01 2.683532e-02
-5.180000e-01 2.678454e-02
-5.170000e-01 2.673650e-02
-5.160000e-01 2.669122e-02
-5.150000e-01 2.664869e-02
-5.140000e-01 2.660890e-02
-5.130000e-01 2.657187e-02
-5.120000e-01 2.653758e-02
-5.110000e-01 2.650603e-02
-5.100000e-01 2.647723e-02
-5.090000e-01 2.645118e-02
-5.080000e-01 2.642787e-02
-5.070000e-01 2.640730e-02
-5.060000e-01 2.638948e-02
-5.050000e-01 2.637440e-02
-5.040000e-01 2.636206e-02
-5.030000e-01 2.635247e-02
-5.020000e-01 2.634561e-02
-5.010000e-01 2.634150e-02
-5.000000e-01 2.634013e-02
-4.990000e-01 2.634150e-02
-4.980000e-01 2.634561e-02
-4.970000e-01 2.635247e-02
-4.960000e-01 2.636206e-02
-4.950000e-01 2.637440e-02
-4.940000e-01 2.638948e-02
-4.930000e-01 2.640730e-02
-4.920000e-01 2.642787e-02
-4.910000e-01 2.645118e-02
-4.900000e-01 2.647723e-02
-4.890000e-01 2.650603e-02
-4.880000e-01 2.653758e-02
-4.870000e-01 2.657187e-02
-4.860000e-01 2.660890e-02
-4.850000e-01 2.664869e-02
-4.840000e-01 2.669122e-02
-4.830000e-01 2.673650e-02
-4.820000e-01 2.678454e-02
-4.810000e-01 2.683532e-02
-4.800000e-01 2.688886e-02
-4.790000e-01 2.694515e-02
-4.780000e-01 2.700420e-02
-4.770000e-01 2.706601e-02
-4.760000e-01 2.713057e-02
-4.750000e-01 2.719789e-02
-4.740000e-01 2.726798e-02
-4.730000e-01 2.734083e-02
-4.720000e-01 2.741644e-02
-4.710000e-01 2.749482e-02
-4.700000e-01 2.757597e-02
-4.690000e-01 2.765988e-02
-4.680000e-01 2.774657e-02
-4.670000e-01 2.783604e-02
-4.660000e-01 2.792828e-02
-4.650000e-01 2.802329e-02
-4.640000e-01 2.812109e-02
-4.630000e-01 2.822168e-02
-4.620000e-01 2.832504e-02
-4.610000e-01 2.843120e-02
-4.600000e-01 2.854014e-02
-4.590000e-01 2.865188e-02
-4.580000e-01 2.876641e-02
-4.570000e-01 2.888374e-02
-4.560000e-01 2.900387e-02
-4.550000e-01 2.912681e-02
-4.540000e-01 2.925255e-02
-4.530000e-01 2.938110e-02
-4.520000e-01 2.951246e-02
-4.510000e-01 2.964664e-02
-4.500000e-01 2.978364e-02
-4.490000e-01 2.992346e-02
-4.480000e-01 3.006611e-02
-4.470000e-01 3.021158e-02
-4.460000e-01 3.035989e-02
-4.450000e-01 3.051103e-02
-4.440000e-01 3.066501e-02
-4.430000e-01 3.082183e-02
-4.420000e-01 3.098150e-02
-4.410000e-01 3.114402e-02
-4.400000e-01 3.130940e-02
-4.390000e-01 3.147763e-02
-4.380000e-01 3.164873e-02
-4.370000e-01 3.182269e-02
-4.360000e-01 3.199952e-02
-4.350000e-01 3.217923e-02
-4.340000e-01 3.236182e-02
-4.330000e-01 3.254729e-02
-4.320000e-01 3.273565e-02
-4.310000e-01 3.292690e-02
-4.300000e-01 3.312105e-02
-4.290000e-01 3.331811e-02
-4.280000e-01 3.351806e-02
-4.270000e-01 3.372093e-02
-4.260000e-01 3.392672e-02
-4.250000e-01 3.413543e-02
-4.240000e-01 3.434707e-02
-4.230000e-01 3.456164e-02
-4.220000e-01 3.477914e-02
-4.210000e-01 3.499959e-02
-4.200000e-01 3.522299e-02
-4.190000e-01 3.544934e-02
-4.180000e-01 3.567865e-02
-4.170000e-01 3.591092e-02
-4.160000e-01 3.614617e-02
-4.150000e-01 3.638439e-02
-4.140000e-01 3.662559e-02
-4.130000e-01 3.686979e-02
-4.120000e-01 3.711698e-02
-4.110000e-01 3.736717e-02
-4.100000e-01 3.762036e-02
-4.090000e-01 3.787657e-02
-4.080000e-01 3.813580e-02
-4.070000e-01 3.839806e-02
-4.060000e-01 3.866335e-02
-4.050000e-01 3.893168e-02
-4.040000e-01 3.920306e-02
-4.030000e-01 3.947749e-02
-4.020000e-01 3.975499e-02
-4.010000e-01 4.003555e-02
-4.000000e-01 4.031919e-02
-3.990000e-01 4.060590e-02
-3.980000e-01 4.089571e-02
-3.970000e-01 4.118862e-02
-3.960000e-01 4.148463e-02
-3.950000e-01 4.178376e-02
-3.940000e-01 4.208600e-02
-3.930000e-01 4.239138e-02
-3.920000e-01 4.269989e-02
-3.910000e-01 4.301154e-02
-3.900000e-01 4.332635e-02
-3.890000e-01 4.364432e-02
-3.880000e-01 4.396546e-02
-3.870000e-01 4.428978e-02
-3.860000e-01 4.461728e-02
-3.850000e-01 4.494798e-02
-3.840000e-01 4.528188e-02
-3.830000e-01 4.561900e-02
-3.820000e-01 4.595934e-02
-3.810000e-01 4.630291e-02
-3.800000e-01 4.664973e-02
-3.790000e-01 4.699979e-02
-3.780000e-01 4.735311e-02
-3.770000e-01 4.770971e-02
-3.760000e-01 4.806958e-02
-3.750000e-01 4.843274e-02
-3.740000e-01 4.879920e-02
-3.730000e-01 4.916897e-02
-3.720000e-01 4.954206e-02
-3.710000e-01 4.991848e-02
-3.700000e-01 5.029824e-02
-3.690000e-01 5.068135e-02
-3.680000e-01 5.106782e-02
-3.670000e-01 5.145767e-02
-3.660000e-01 5.185090e-02
-3.650000e-01 5.224752e-02
-3.640000e-01 5.264755e-02
-3.630000e-01 5.305100e-02
-3.620000e-01 5.345788e-02
-3.610000e-01 5.386820e-02
-3.600000e-01 5.428197e-02
-3.590000e-01 5.469920e-02
-3.580000e-01 5.511991e-02
-3.570000e-01 5.554411e-02
-3.560000e-01 5.597182e-02
-3.550000e-01 5.640303e-02
-3.540000e-01 5.683777e-02
-3.530000e-01 5.727606e-02
-3.520000e-01 5.771789e-02
-3.510000e-01 5.816329e-02
-3.500000e-01 5.861227e-02
-3.490000e-01 5.906484e-02
-3.480000e-01 5.952101e-02
-3.470000e-01 5.998081e-02
-3.460000e-01 6.044424e-02
-3.450000e-01 6.091131e-02
-3.440000e-01 6.138205e-02
-3.430000e-01 6.185646e-02
-3.420000e-01 6.233457e-02
-3.410000e-01 6.281638e-02
-3.400000e-01 6.330191e-02
-3.390000e-01 6.379117e-02
-3.380000e-01 6.428419e-02
-3.370000e-01 6.478097e-02
-3.360000e-01 6.528154e-02
-3.350000e-01 6.578590e-02
-3.340000e-01 6.629408e-02
-3.330000e-01 6.680608e-02
-3.320000e-01 6.732193e-02
-3.310000e-01 6.784165e-02
-3.300000e-01 6.836524e-02
-3.290000e-01 6.889273e-02
-3.280000e-01 6.942414e-02
-3.270000e-01 6.995947e-02
-3.260000e-01 7.049876e-02
-3.250000e-01 7.104201e-02
-3.240000e-01 7.158924e-02
-3.230000e-01 7.214048e-02
-3.220000e-01 7.269574e-02
-3.210000e-01 7.325504e-02
-3.200000e-01 7.381840e-02
-3.190000e-01 7.438583e-02
-3.180000e-01 7.495736e-02
-3.170000e-01 7.553301e-02
-3.160000e-01 7.611279e-02
-3.150000e-01 7.669673e-02
-3.140000e-01 7.728485e-02
-3.130000e-01 7.787716e-02
-3.120000e-01 7.847369e-02
-3.110000e-01 7.907446e-02
-3.100000e-01 7.967949e-02
-3.090000e-01 8.028881e-02
-3.080000e-01 8.090242e-02
-3.070000e-01 8.152036e-02
-3.060000e-01 8.214265e-02
-3.050000e-01 8.276930e-02
-3.040000e-01 8.340035e-02
-3.030000e-01 8.403582e-02
-3.020000e-01 8.467572e-02
-3.010000e-01 8.532009e-02
-3.000000e-01 8.596895e-02
-2.990000e-01 8.662231e-02
-2.980000e-01 8.728021e-02
-2.970000e-01 8.794268e-02
-2.960000e-01 8.860972e-02
-2.950000e-01 8.928138e-02
-2.940000e-01 8.995768e-02
-2.930000e-01 9.063864e-02
-2.920000e-01 9.132429e-02
-2.910000e-01 9.201465e-02
-2.900000e-01 9.270976e-02
-2.890000e-01 9.340964e-02
-2.880000e-01 9.411432e-02
-2.870000e-01 9.482383e-02
-2.860000e-01 9.553819e-02
-2.850000e-01 9.625743e-02
-2.840000e-01 9.698159e-02
-2.830000e-01 9.771069e-02
-2.820000e-01 9.844477e-02
-2.810000e-01 9.918384e-02
-2.800000e-01 9.992796e-02
-2.790000e-01 1.006771e-01
-2.780000e-01 1.014314e-01
-2.770000e-01 1.021908e-01
-2.760000e-01 1.029554e-01
-2.750000e-01 1.037251e-01
-2.740000e-01 1.045001e-01
-2.730000e-01 1.052804e-01
-2.720000e-01 1.060659e-01
-2.710000e-01 1.068568e-01
-2.700000e-01 1.076530e-01
-2.690000e-01 1.084546e-01
-2.680000e-01 1.092617e-01
-2.670000e-01 1.100743e-01
-2.660000e-01 1.108923e-01
-2.650000e-01 1.117159e-01
-2.640000e-01 1.125451e-01
-2.630000e-01 1.133799e-01
-2.620000e-01 1.142204e-01
-2.610000e-01 1.150666e-01
-2.600000e-01 1.159185e-01
-2.590000e-01 1.167762e-01
-2.580000e-01 1.176397e-01
-2.570000e-01 1.185091e-01
-2.560000e-01 1.193844e-01
-2.550000e-01 1.202656e-01
-2.540000e-01 1.211529e-01
-2.530000e-01 1.220461e-01
-2.520000e-01 1.229455e-01
-2.510000e-01 1.238510e-01
-2.500000e-01 1.247626e-01
-2.490000e-01 1.256805e-01
-2.480000e-01 1.266047e-01
-2.470000e-01 1.275352e-01
-2.460000e-01 1.284720e-01
-2.450000e-01 1.294152e-01
-2.440000e-01 1.303649e-01
-2.430000e-01 1.313212e-01
-2.420000e-01 1.322840e-01
-2.410000e-01 1.332534e-01
-2.400000e-01 1.342295e-01
-2.390000e-01 1.352123e-01
-2.380000e-01 1.362019e-01
-2.370000e-01 1.371983e-01
-2.360000e-01 1.382017e-01
-2.350000e-01 1.392119e-01
-2.340000e-01 1.402292e-01
-2.330000e-01 1.412536e-01
-2.320000e-01 1.422851e-01
-2.310000e-01 1.433237e-01
-2.300000e-01 1.443697e-01
-2.290000e-01 1.454229e-01
-2.280000e-01 1.464835e-01
-2.270000e-01 1.475516e-01
-2.260000e-01 1.486271e-01
-2.250000e-01 1.497103e-01
-2.240000e-01 1.508010e-01
-2.230000e-01 1.518995e-01
-2.220000e-01 1.530058e-01
-2.210000e-01 1.541199e-01
-2.200000e-01 1.552420e-01
-2.190000e-01 1.563720e-01
-2.180000e-01 1.575102e-01
-2.170000e-01 1.586564e-01
-2.160000e-01 1.598109e-01
-2.150000e-01 1.609737e-01
-2.140000e-01 1.621449e-01
-2.130000e-01 1.633246e-01
-2.120000e-01 1.645128e-01
-2.110000e-01 1.657096e-01
-2.100000e-01 1.669152e-01
-2.090000e-01 1.681295e-01
-2.080000e-01 1.693528e-01
-2.070000e-01 1.705850e-01
-2.060000e-01 1.718263e-01
-2.050000e-01 1.730768e-01
-2.040000e-01 1.743365e-01
-2.030000e-01 1.756056e-01
-2.020000e-01 1.768841e-01
-2.010000e-01 1.781722e-01
-2.000000e-01 1.794700e-01
-1.990000e-01 1.807775e-01
-1.980000e-01 1.820949e-01
-1.970000e-01 1.834223e-01
-1.960000e-01 1.847597e-01
-1.950000e-01 1.861074e-01
-1.940000e-01 1.874653e-01
-1.930000e-01 1.888337e-01
-1.920000e-01 1.902126e-01
-1.910000e-01 1.916021e-01
-1.900000e-01 1.930025e-01
-1.890000e-01 1.944137e-01
-1.880000e-01 1.958360e-01
-1.870000e-01 1.972695e-01
-1.860000e-01 1.987142e-01
-1.850000e-01 2.001704e-01
-1.840000e-01 2.016381e-01
-1.830000e-01 2.031176e-01
-1.820000e-01 2.046089e-01
-1.810000e-01 2.061122e-01
-1.800000e-01 2.076276e-01
-1.790000e-01 2.091553e-01
-1.780000e-01 2.106955e-01
-1.770000e-01 2.122483e-01
-1.760000e-01 2.138138e-01
-1.750000e-01 2.153923e-01
-1.740000e-01 2.169839e-01
-1.730000e-01 2.185887e-01
-1.720000e-01 2.202070e-01
-1.710000e-01 2.218390e-01
-1.700000e-01 2.234847e-01
-1.690000e-01 2.251445e-01
-1.680000e-01 2.268184e-01
-1.670000e-01 2.285067e-01
-1.660000e-01 2.302096e-01
-1.650000e-01 2.319273e-01
-1.640000e-01 2.336599e-01
-1.630000e-01 2.354078e-01
-1.620000e-01 2.371711e-01
-1.610000e-01 2.389501e-01
-1.600000e-01 2.407449e-01
-1.590000e-01 2.425559e-01
-1.580000e-01 2.443832e-01
-1.570000e-01 2.462271e-01
-1.560000e-01 2.480879e-01
-1.550000e-01 2.499658e-01
-1.540000e-01 2.518610e-01
-1.530000e-01 2.537739e-01
-1.520000e-01 2.557047e-01
-1.510000e-01 2.576538e-01
-1.500000e-01 2.596213e-01
-1.490000e-01 2.616076e-01
-1.480000e-01 2.636131e-01
-1.470000e-01 2.656379e-01
-1.460000e-01 2.676825e-01
-1.450000e-01 2.697471e-01
-1.440000e-01 2.718322e-01
-1.430000e-01 2.739381e-01
-1.420000e-01 2.760650e-01
-1.410000e-01 2.782135e-01
-1.400000e-01 2.803838e-01
-1.390000e-01 2.825764e-01
-1.380000e-01 2.847916e-01
-1.370000e-01 2.870299e-01
-1.360000e-01 2.892917e-01
-1.350000e-01 2.915775e-01
-1.340000e-01 2.938876e-01
-1.330000e-01 2.962225e-01
-1.320000e-01 2.985828e-01
-1.310000e-01 3.009689e-01
-1.300000e-01 3.033813e-01
-1.290000e-01 3.058206e-01
-1.280000e-01 3.082872e-01
-1.270000e-01 3.107817e-01
-1.260000e-01 3.133048e-01
-1.250000e-01 3.158569e-01
-1.240000e-01 3.184387e-01
-1.230000e-01 3.210509e-01
-1.220000e-01 3.236940e-01
-1.210000e-01 3.263688e-01
-1.200000e-01 3.290759e-01
-1.190000e-01 3.318161e-01
-1.180000e-01 3.345901e-01
-1.170000e-01 3.373986e-01
-1.160000e-01 3.402426e-01
-1.150000e-01 3.431227e-01
-1.140000e-01 3.460398e-01
-1.130000e-01 3.489949e-01
-1.120000e-01 3.519889e-01
-1.110000e-01 3.550227e-01
-1.100000e-01 3.580972e-01
-1.090000e-01 3.612136e-01
-1.080000e-01 3.643729e-01
-1.070000e-01 3.675762e-01
-1.060000e-01 3.708247e-01
-1.050000e-01 3.741195e-01
-1.040000e-01 3.774619e-01
-1.030000e-01 3.808533e-01
-1.020000e-01 3.842950e-01
-1.010000e-01 3.877884e-01
-1.000000e-01 3.913349e-01
-9.900000e-02 3.949362e-01
-9.800000e-02 3.985939e-01
-9.700000e-02 4.023096e-01
-9.600000e-02 4.060851e-01
-9.500000e-02 4.099223e-01
-9.400000e-02 4.138231e-01
-9.300000e-02 4.177896e-01
-9.200000e-02 4.218238e-01
-9.100000e-02 4.259281e-01
-9.000000e-02 4.301048e-01
-8.900000e-02 4.343563e-01
-8.800000e-02 4.386854e-01
-8.700000e-02 4.430947e-01
-8.600000e-02 4.475871e-01
-8.500000e-02 4.521658e-01
-8.400000e-02 4.568340e-01
-8.300000e-02 4.615950e-01
-8.200000e-02 4.664526e-01
-8.100000e-02 4.714106e-01
-8.000000e-02 4.764731e-01
-7.900000e-02 4.816445e-01
-7.800000e-02 4.869293e-01
-7.700000e-02 4.923325e-01
-7.600000e-02 4.978595e-01
-7.500000e-02 5.035158e-01
-7.400000e-02 5.093074e-01
-7.300000e-02 5.152409e-01
-7.200000e-02 5.213231e-01
-7.100000e-02 5.275616e-01
-7.000000e-02 5.339644e-01
-6.900000e-02 5.405401e-01
-6.800000e-02 5.472982e-01
-6.700000e-02 5.542489e-01
-6.600000e-02 5.614033e-01
-6.500000e-02 5.687734e-01
-6.400000e-02 5.763724e-01
-6.300000e-02 5.842147e-01
-6.200000e-02 5.923162e-01
-6.100000e-02 6.006944e-01
-6.000000e-02 6.093685e-01
-5.900000e-02 6.183598e-01
-5.800000e-02 6.276923e-01
-5.700000e-02 6.373924e-01
-5.600000e-02 6.474899e-01
-5.500000e-02 6.580186e-01
-5.400000e-02 6.690164e-01
-5.300000e-02 6.805267e-01
-5.200000e-02 6.925991e-01
-5.100000e-02 7.052910e-01
-5.000000e-02 7.186688e-01
-4.900000e-02 7.328104e-01
-4.800000e-02 7.478077e-01
-4.700000e-02 7.637702e-01
-4.600000e-02 7.808302e-01
-4.500000e-02 7.991488e-01
-4.400000e-02 8.189258e-01
-4.300000e-02 8.404125e-01
-4.200000e-02 8.639317e-01
-4.100000e-02 8.899068e-01
-4.000000e-02 9.189095e-01
-3.900000e-02 9.517379e-01
-3.800000e-02 9.895539e-01
-3.700000e-02 1.034146e+00
-3.600000e-02 1.088479e+00
-3.500000e-02 1.158025e+00
-3.400000e-02 1.254749e+00
-3.300000e-02 1.414682e+00
-3.200000e-02 1.981164e+00
-3.100000e-02 1.472723e+00
-3.000000e-02 1.283553e+00
-2.900000e-02 1.177083e+00
-2.800000e-02 1.102631e+00
-2.700000e-02 1.045324e+00
-2.600000e-02 9.987236e-01
-2.500000e-02 9.594504e-01
-2.400000e-02 9.255095e-01
-2.300000e-02 8.956238e-01
-2.200000e-02 8.689266e-01
-2.100000e-02 8.448022e-01
-2.000000e-02 8.227979e-01
-1.900000e-02 8.025708e-01
-1.800000e-02 7.838551e-01
-1.700000e-02 7.664405e-01
-1.600000e-02 7.501577e-01
-1.500000e-02 7.348685e-01
-1.400000e-02 7.204586e-01
-1.300000e-02 7.068324e-01
-1.200000e-02 6.939091e-01
-1.100000e-02 6.816196e-01
-1.000000e-02 6.699049e-01
-9.000000e-03 6.587135e-01
-8.000000e-03 6.480008e-01
-7.000000e-03 6.377276e-01
-6.000000e-03 6.278592e-01
-5.000000e-03 6.183651e-01
-4.000000e-03 6.092179e-01
-3.000000e-03 6.003933e-01
-2.000000e-03 5.918693e-01
-1.000000e-03 5.836263e-01
8.812395e-16 5.756463e-01
1.000000e-03 5.679131e-01
2.000000e-03 5.604121e-01
3.000000e-03 5.531298e-01
4.000000e-03 5.460538e-01
5.000000e-03 5.391729e-01
6.000000e-03 5.324766e-01
7.000000e-03 5.259553e-01
8.000000e-03 5.196003e-01
9.000000e-03 5.134034e-01
1.000000e-02 5.073568e-01
1.100000e-02 5.014537e-01
1.200000e-02 4.956873e-01
1.300000e-02 4.900516e-01
1.400000e-02 4.845409e-01
1.500000e-02 4.791497e-01
1.600000e-02 4.738731e-01
1.700000e-02 4.687064e-01
1.800000e-02 4.636452e-01
1.900000e-02 4.586853e-01
2.000000e-02 4.538228e-01
2.100000e-02 4.490539e-01
2.200000e-02 4.443754e-01
2.300000e-02 4.397837e-01
2.400000e-02 4.352759e-01
2.500000e-02 4.308490e-01
2.600000e-02 4.265001e-01
2.700000e-02 4.222267e-01
2.800000e-02 4.180263e-01
2.900000e-02 4.138964e-01
3.000000e-02 4.098347e-01
3.100000e-02 4.058392e-01
3.200000e-02 4.019077e-01
3.300000e-02 3.980384e-01
3.400000e-02 3.942292e-01
3.500000e-02 3.904784e-01
3.600000e-02 3.867844e-01
3.700000e-02 3.831454e-01
3.800000e-02 3.795600e-01
3.900000e-02 3.760266e-01
4.000000e-02 3.725437e-01
4.100000e-02 3.691101e-01
4.200000e-02 3.657244e-01
4.300000e-02 3.623852e-01
4.400000e-02 3.590915e-01
4.500000e-02 3.558421e-01
4.600000e-02 3.526357e-01
4.700000e-02 3.494714e-01
4.800000e-02 3.463481e-01
4.900000e-02 3.432648e-01
5.000000e-02 3.402205e-01
5.100000e-02 3.372144e-01
5.200000e-02 3.342454e-01
5.300000e-02 3.313129e-01
5.400000e-02 3.284158e-01
5.500000e-02 3.255535e-01
5.600000e-02 3.227251e-01
5.700000e-02 3.199299e-01
5.800000e-02 3.171672e-01
5.900000e-02 3.144362e-01
6.000000e-02 3.117363e-01
6.100000e-02 3.090669e-01
6.200000e-02 3.064273e-01
6.300000e-02 3.038168e-01
6.400000e-02 3.012350e-01
6.500000e-02 2.986812e-01
6.600000e-02 2.961548e-01
6.700000e-02 2.936554e-01
6.800000e-02 2.911823e-01
6.900000e-02 2.887352e-01
7.000000e-02 2.863134e-01
7.100000e-02 2.839165e-01
7.200000e-02 2.815441e-01
7.300000e-02 2.791957e-01
7.400000e-02 2.768708e-01
7.500000e-02 2.745691e-01
7.600000e-02 2.722900e-01
7.700000e-02 2.700333e-01
7.800000e-02 2.677985e-01
7.900000e-02 2.655852e-01
8.000000e-02 2.633931e-01
8.100000e-02 2.612218e-01
8.200000e-02 2.590709e-01
8.300000e-02 2.569401e-01
8.400000e-02 2.548291e-01
8.500000e-02 2.527376e-01
8.600000e-02 2.506651e-01
8.700000e-02 2.486115e-01
8.800000e-02 2.465764e-01
8.900000e-02 2.445596e-01
9.000000e-02 2.425606e-01
9.100000e-02 2.405794e-01
9.200000e-02 2.386155e-01
9.300000e-02 2.366687e-01
9.400000e-02 2.347388e-01
9.500000e-02 2.328255e-01
9.600000e-02 2.309286e-01
9.700000e-02 2.290477e-01
9.800000e-02 2.271828e-01
9.900000e-02 2.253335e-01
1.000000e-01 2.234996e-01
1.010000e-01 2.216810e-01
1.020000e-01 2.198773e-01
1.030000e-01 2.180884e-01
1.040000e-01 2.163141e-01
1.050000e-01 2.145542e-01
1.060000e-01 2.128084e-01
1.070000e-01 2.110766e-01
1.080000e-01 2.093586e-01
1.090000e-01 2.076542e-01
1.100000e-01 2.059633e-01
1.110000e-01 2.042856e-01
1.120000e-01 2.026209e-01
1.130000e-01 2.009692e-01
1.140000e-01 1.993303e-01
1.150000e-01 1.977039e-01
1.160000e-01 1.960899e-01
1.170000e-01 1.944882e-01
1.180000e-01 1.928986e-01
1.190000e-01 1.913210e-01
1.200000e-01 1.897552e-01
1.210000e-01 1.882011e-01
1.220000e-01 1.866585e-01
1.230000e-01 1.851273e-01
1.240000e-01 1.836074e-01
1.250000e-01 1.820986e-01
1.260000e-01 1.806008e-01
1.270000e-01 1.791138e-01
1.280000e-01 1.776376e-01
1.290000e-01 1.761720e-01
1.300000e-01 1.747169e-01
1.310000e-01 1.732722e-01
1.320000e-01 1.718378e-01
1.330000e-01 1.704135e-01
1.340000e-01 1.689992e-01
1.350000e-01 1.675949e-01
1.360000e-01 1.662004e-01
1.370000e-01 1.648156e-01
1.380000e-01 1.634404e-01
1.390000e-01 1.620747e-01
1.400000e-01 1.607184e-01
1.410000e-01 1.593715e-01
1.420000e-01 1.580337e-01
1.430000e-01 1.567050e-01
1.440000e-01 1.553854e-01
1.450000e-01 1.540747e-01
1.460000e-01 1.527728e-01
1.470000e-01 1.514797e-01
1.480000e-01 1.501952e-01
1.490000e-01 1.489193e-01
1.500000e-01 1.476519e-01
1.510000e-01 1.463929e-01
1.520000e-01 1.451423e-01
1.530000e-01 1.438998e-01
1.540000e-01 1.426655e-01
1.550000e-01 1.414394e-01
1.560000e-01 1.402212e-01
1.570000e-01 1.390109e-01
1.580000e-01 1.378085e-01
1.590000e-01 1.366139e-01
1.600000e-01 1.354270e-01
1.610000e-01 1.342478e-01
1.620000e-01 1.330761e-01
1.630000e-01 1.319119e-01
1.640000e-01 1.307552e-01
1.650000e-01 1.296058e-01
1.660000e-01 1.284638e-01
1.670000e-01 1.273289e-01
1.680000e-01 1.262013e-01
1.690000e-01 1.250807e-01
1.700000e-01 1.239673e-01
1.710000e-01 1.228608e-01
1.720000e-01 1.217612e-01
1.730000e-01 1.206685e-01
1.740000e-01 1.195826e-01
1.750000e-01 1.185035e-01
1.760000e-01 1.174311e-01
1.770000e-01 1.163653e-01
1.780000e-01 1.153061e-01
1.790000e-01 1.142534e-01
1.800000e-01 1.132073e-01
1.810000e-01 1.121675e-01
1.820000e-01 1.111342e-01
1.830000e-01 1.101071e-01
1.840000e-01 1.090864e-01
1.850000e-01 1.080719e-01
1.860000e-01 1.070635e-01
1.870000e-01 1.060613e-01
1.880000e-01 1.050651e-01
1.890000e-01 1.040751e-01
1.900000e-01 1.030909e-01
1.910000e-01 1.021128e-01
1.920000e-01 1.011405e-01
1.930000e-01 1.001741e-01
1.940000e-01 9.921353e-02
1.950000e-01 9.825870e-02
1.960000e-01 9.730961e-02
1.970000e-01 9.636619e-02
1.980000e-01 9.542842e-02
1.990000e-01 9.449626e-02
2.000000e-01 9.356966e-02
2.010000e-01 9.264857e-02
2.020000e-01 9.173298e-02
2.030000e-01 9.082282e-02
2.040000e-01 8.991808e-02
2.050000e-01 8.901870e-02
2.060000e-01 8.812465e-02
2.070000e-01 8.723590e-02
2.080000e-01 8.635241e-02
2.090000e-01 8.547414e-02
2.100000e-01 8.460106e-02
2.110000e-01 8.373313e-02
2.120000e-01 8.287031e-02
2.130000e-01 8.201258e-02
2.140000e-01 8.115991e-02
2.150000e-01 8.031225e-02
2.160000e-01 7.946957e-02
2.170000e-01 7.863184e-02
2.180000e-01 7.779904e-02
2.190000e-01 7.697112e-02
2.200000e-01 7.614807e-02
2.210000e-01 7.532983e-02
2.220000e-01 7.451640e-02
2.230000e-01 7.370773e-02
2.240000e-01 7.290380e-02
2.250000e-01 7.210457e-02
2.260000e-01 7.131002e-02
2.270000e-01 7.052012e-02
2.280000e-01 6.973485e-02
2.290000e-01 6.895417e-02
2.300000e-01 6.817805e-02
2.310000e-01 6.740647e-02
2.320000e-01 6.663940e-02
2.330000e-01 6.587682e-02
2.340000e-01 6.511870e-02
2.350000e-01 6.436501e-02
2.360000e-01 6.361573e-02
2.370000e-01 6.287083e-02
2.380000e-01 6.213028e-02
2.390000e-01 6.139407e-02
2.400000e-01 6.066217e-02
2.410000e-01 5.993454e-02
2.420000e-01 5.921118e-02
2.430000e-01 5.849205e-02
2.440000e-01 5.777714e-02
2.450000e-01 5.706641e-02
2.460000e-01 5.635985e-02
2.470000e-01 5.565744e-02
2.480000e-01 5.495914e-02
2.490000e-01 5.426494e-02
2.500000e-01 5.357483e-02
2.510000e-01 5.288876e-02
2.520000e-01 5.220673e-02
2.530000e-01 5.152872e-02
2.540000e-01 5.085469e-02
2.550000e-01 5.018464e-02
2.560000e-01 4.951854e-02
2.570000e-01 4.885637e-02
2.580000e-01 4.819811e-02
2.590000e-01 4.754374e-02
2.600000e-01 4.689324e-02
2.610000e-01 4.624660e-02
2.620000e-01 4.560379e-02
2.630000e-01 4.496479e-02
2.640000e-01 4.432959e-02
2.650000e-01 4.369816e-02
2.660000e-01 4.307050e-02
2.670000e-01 4.244657e-02
2.680000e-01 4.182637e-02
2.690000e-01 4.120988e-02
2.700000e-01 4.059707e-02
2.710000e-01 3.998793e-02
2.720000e-01 3.938244e-02
2.730000e-01 3.878059e-02
2.740000e-01 3.818236e-02
2.750000e-01 3.758774e-02
2.760000e-01 3.699670e-02
2.770000e-01 3.640923e-02
2.780000e-01 3.582531e-02
2.790000e-01 3.524493e-02
2.800000e-01 3.466808e-02
2.810000e-01 3.409473e-02
2.820000e-01 3.352487e-02
2.830000e-01 3.295849e-02
2.840000e-01 3.239557e-02
2.850000e-01 3.183610e-02
2.860000e-01 3.128006e-02
2.870000e-01 3.072743e-02
2.880000e-01 3.017821e-02
2.890000e-01 2.963238e-02
2.900000e-01 2.908992e-02
2.910000e-01 2.855081e-02
2.920000e-01 2.801506e-02
2.930000e-01 2.748264e-02
2.940000e-01 2.695354e-02
2.950000e-01 2.642774e-02
2.960000e-01 2.590523e-02
2.970000e-01 2.538601e-02
2.980000e-01 2.487005e-02
2.990000e-01 2.435734e-02
3.000000e-01 2.384787e-02
3.010000e-01 2.334163e-02
3.020000e-01 2.283861e-02
3.030000e-01 2.233879e-02
3.040000e-01 2.184216e-02
3.050000e-01 2.134870e-02
3.060000e-01 2.085842e-02
3.070000e-01 2.037128e-02
3.080000e-01 1.988730e-02
3.090000e-01 1.940644e-02
3.100000e-01 1.892870e-02
3.110000e-01 1.845407e-02
3.120000e-01 1.798254e-02
3.130000e-01 1.751409e-02
3.140000e-01 1.704872e-02
3.150000e-01 1.658641e-02
3.160000e-01 1.612715e-02
3.170000e-01 1.567094e-02
3.180000e-01 1.521776e-02
3.190000e-01 1.476760e-02
3.200000e-01 1.432045e-02
3.210000e-01 1.387630e-02
3.220000e-01 1.343514e-02
3.230000e-01 1.299696e-02
3.240000e-01 1.256175e-02
3.250000e-01 1.212951e-02
3.260000e-01 1.170021e-02
3.270000e-01 1.127385e-02
3.280000e-01 1.085043e-02
3.290000e-01 1.042993e-02
3.300000e-01 1.001234e-02
3.310000e-01 9.597650e-03
3.320000e-01 9.185858e-03
3.330000e-01 8.776950e-03
3.340000e-01 8.370918e-03
3.350000e-01 7.967753e-03
3.360000e-01 7.567447e-03
3.370000e-01 7.169990e-03
3.380000e-01 6.775374e-03
3.390000e-01 6.383590e-03
3.400000e-01 5.994630e-03
3.410000e-01 5.608486e-03
3.420000e-01 5.225148e-03
3.430000e-01 4.844610e-03
3.440000e-01 4.466862e-03
3.450000e-01 4.091898e-03
3.460000e-01 3.719708e-03
3.470000e-01 3.350285e-03
3.480000e-01 2.983621e-03
3.490000e-01 2.619709e-03
3.500000e-01 2.258540e-03
3.510000e-01 1.900108e-03
3.520000e-01 1.544405e-03
3.530000e-01 1.191422e-03
3.540000e-01 8.411543e-04
3.550000e-01 4.935930e-04
3.560000e-01 1.487313e-04
3.570000e-01 -1.934378e-04
3.580000e-01 -5.329214e-04
3.590000e-01 -8.697265e-04
3.600000e-01 -1.203860e-03
3.610000e-01 -1.535328e-03
3.620000e-01 -1.864139e-03
3.630000e-01 -2.190298e-03
3.640000e-01 -2.513812e-03
3.650000e-01 -2.834687e-03
3.660000e-01 -3.152931e-03
3.670000e-01 -3.468549e-03
3.680000e-01 -3.781548e-03
3.690000e-01 -4.091934e-03
3.700000e-01 -4.399713e-03
3.710000e-01 -4.704892e-03
3.720000e-01 -5.007476e-03
3.730000e-01 -5.307471e-03
3.740000e-01 -5.604883e-03
3.750000e-01 -5.899719e-03
3.760000e-01 -6.191983e-03
3.770000e-01 -6.481682e-03
3.780000e-01 -6.768822e-03
3.790000e-01 -7.053407e-03
3.800000e-01 -7.335444e-03
3.810000e-01 -7.614937e-03
3.820000e-01 -7.891893e-03
3.830000e-01 -8.166317e-03
3.840000e-01 -8.438213e-03
3.850000e-01 -8.707588e-03
3.860000e-01 -8.974445e-03
3.870000e-01 -9.238792e-03
3.880000e-01 -9.500632e-03
3.890000e-01 -9.759970e-03
3.900000e-01 -1.001681e-02
3.910000e-01 -1.027116e-02
3.920000e-01 -1.052303e-02
3.930000e-01 -1.077241e-02
3.940000e-01 -1.101931e-02
3.950000e-01 -1.126374e-02
3.960000e-01 -1.150570e-02
3.970000e-01 -1.174520e-02
3.980000e-01 -1.198224e-02
3.990000e-01 -1.221683e-02
4.000000e-01 -1.244897e-02
4.010000e-01 -1.267866e-02
4.020000e-01 -1.290590e-02
4.030000e-01 -1.313071e-02
4.040000e-01 -1.335309e-02
4.050000e-01 -1.357304e-02
4.060000e-01 -1.379056e-02
4.070000e-01 -1.400566e-02
4.080000e-01 -1.421835e-02
4.090000e-01 -1.442862e-02
4.100000e-01 -1.463648e-02
4.110000e-01 -1.484194e-02
4.120000e-01 -1.504499e-02
4.130000e-01 -1.524565e-02
4.140000e-01 -1.544391e-02
4.150000e-01 -1.563979e-02
4.160000e-01 -1.583327e-02
4.170000e-01 -1.602437e-02
4.180000e-01 -1.621309e-02
4.190000e-01 -1.639944e-02
4.200000e-01 -1.658341e-02
4.210000e-01 -1.676501e-02
4.220000e-01 -1.694424e-02
4.230000e-01 -1.712111e-02
4.240000e-01 -1.729562e-02
4.250000e-01 -1.746777e-02
4.260000e-01 -1.763757e-02
4.270000e-01 -1.780501e-02
4.280000e-01 -1.797011e-02
4.290000e-01 -1.813286e-02
4.300000e-01 -1.829327e-02
4.310000e-01 -1.845135e-02
4.320000e-01 -1.860708e-02
4.330000e-01 -1.876048e-02
4.340000e-01 -1.891155e-02
4.350000e-01 -1.906029e-02
4.360000e-01 -1.920671e-02
4.370000e-01 -1.935080e-02
4.380000e-01 -1.949257e-02
4.390000e-01 -1.963202e-02
4.400000e-01 -1.976916e-02
4.410000e-01 -1.990398e-02
4.420000e-01 -2.003649e-02
4.430000e-01 -2.016670e-02
4.440000e-01 -2.029459e-02
4.450000e-01 -2.042019e-02
4.460000e-01 -2.054348e-02
4.470000e-01 -2.066447e-02
4.480000e-01 -2.078316e-02
4.490000e-01 -2.089956e-02
4.500000e-01 -2.101366e-02
4.510000e-01 -2.112548e-02
4.520000e-01 -2.123500e-02
4.530000e-01 -2.134224e-02
4.540000e-01 -2.144718e-02
4.550000e-01 -2.154985e-02
4.560000e-01 -2.165023e-02
4.570000e-01 -2.174834e-02
4.580000e-01 -2.184416e-02
4.590000e-01 -2.193771e-02
4.600000e-01 -2.202898e-02
4.610000e-01 -2.211797e-02
4.620000e-01 -2.220470e-02
4.630000e-01 -2.228915e-02
4.640000e-01 -2.237134e-02
4.650000e-01 -2.245125e-02
4.660000e-01 -2.252890e-02
4.670000e-01 -2.260429e-02
4.680000e-01 -2.267741e-02
4.690000e-01 -2.274826e-02
4.700000e-01 -2.281686e-02
4.710000e-01 -2.288320e-02
4.720000e-01 -2.294727e-02
4.730000e-01 -2.300909e-02
4.740000e-01 -2.306865e-02
4.750000e-01 -2.312596e-02
4.760000e-01 -2.318101e-02
4.770000e-01 -2.323380e-02
4.780000e-01 -2.328434e-02
4.790000e-01 -2.333263e-02
4.800000e-01 -2.337867e-02
4.810000e-01 -2.342246e-02
4.820000e-01 -2.346400e-02
4.830000e-01 -2.350329e-02
4.840000e-01 -2.354032e-02
4.850000e-01 -2.357512e-02
4.860000e-01 -2.360766e-02
4.870000e-01 -2.363796e-02
4.880000e-01 -2.366601e-02
4.890000e-01 -2.369181e-02
4.900000e-01 -2.371537e-02
4.910000e-01 -2.373669e-02
4.920000e-01 -2.375576e-02
4.930000e-01 -2.377259e-02
4.940000e-01 -2.378717e-02
4.950000e-01 -2.379951e-02
4.960000e-01 -2.380960e-02
4.970000e-01 -2.381745e-02
4.980000e-01 -2.382306e-02
4.990000e-01 -2.382642e-02
5.000000e-01 -2.382754e-02
5.010000e-01 -2.382642e-02
5.020000e-01 -2.382306e-02
5.030000e-01 -2.381745e-02
5.040000e-01 -2.380960e-02
5.050000e-01 -2.379951e-02
5.060000e-01 -2.378717e-02
5.070000e-01 -2.377259e-02
5.080000e-01 -2.375576e-02
5.090000e-01 -2.373669e-02
5.100000e-01 -2.371537e-02
5.110000e-01 -2.369181e-02
5.120000e-01 -2.366601e-02
5.130000e-01 -2.363796e-02
5.140000e-01 -2.360766e-02
5.150000e-01 -2.357512e-02
5.160000e-01 -2.354032e-02
5.170000e-01 -2.350329e-02
5.180000e-01 -2.346400e-02
5.190000e-01 -2.342246e-02
5.200000e-01 -2.337867e-02
5.210000e-01 -2.333263e-02
5.220000e-01 -2.328434e-02
5.230000e-01 -2.323380e-02
5.240000e-01 -2.318101e-02
5.250000e-01 -2.312596e-02
5.260000e-01 -2.306865e-02
5.270000e-01 -2.300909e-02
5.280000e-01 -2.294727e-02
5.290000e-01 -2.288320e-02
5.300000e-01 -2.281686e-02
5.310000e-01 -2.274826e-02
5.320000e-01 -2.267741e-02
5.330000e-01 -2.260429e-02
5.340000e-01 -2.252890e-02
5.350000e-01 -2.245125e-02
5.360000e-01 -2.237134e-02
5.370000e-01 -2.228915e-02
5.380000e-01 -2.220470e-02
5.390000e-01 -2.211797e-02
5.400000e-01 -2.202898e-02
5.410000e-01 -2.193771e-02
5.420000e-01 -2.184416e-02
5.430000e-01 -2.174834e-02
5.440000e-01 -2.165023e-02
5.450000e-01 -2.154985e-02
5.460000e-01 -2.144718e-02
5.470000e-01 -2.134224e-02
5.480000e-01 -2.123500e-02
5.490000e-01 -2.112548e-02
5.500000e-01 -2.101366e-02
5.510000e-01 -2.089956e-02
5.520000e-01 -2.078316e-02
5.530000e-01 -2.066447e-02
5.540000e-01 -2.054348e-02
5.550000e-01 -2.042019e-02
5.560000e-01 -2.029459e-02
5.570000e-01 -2.016670e-02
5.580000e-01 -2.003649e-02
5.590000e-01 -1.990398e-02
5.600000e-01 -1.976916e-02
5.610000e-01 -1.963202e-02
5.620000e-01 -1.949257e-02
5.630000e-01 -1.935080e-02
5.640000e-01 -1.920671e-02
5.650000e-01 -1.906029e-02
5.660000e-01 -1.891155e-02
5.670000e-01 -1.876048e-02
5.680000e-01 -1.860708e-02
5.690000e-01 -1.845135e-02
5.700000e-01 -1.829327e-02
5.710000e-01 -1.813286e-02
5.720000e-01 -1.797011e-02
5.730000e-01 -1.780501e-02
5.740000e-01 -1.763757e-02
5.750000e-01 -1.746777e-02
5.760000e-01 -1.729562e-02
5.770000e-01 -1.712111e-02
5.780000e-01 -1.694424e-02
5.790000e-01 -1.676501e-02
5.800000e-01 -1.658341e-02
5.810000e-01 -1.639944e-02
5.820000e-01 -1.621309e-02
5.830000e-01 -1.602437e-02
5.840000e-01 -1.583327e-02
5.850000e-01 -1.563979e-02
5.860000e-01 -1.544391e-02
5.870000e-01 -1.524565e-02
5.880000e-01 -1.504499e-02
5.890000e-01 -1.484194e-02
5.900000e-01 -1.463648e-02
5.910000e-01 -1.442862e-02
5.920000e-01 -1.421835e-02
5.930000e-01 -1.400566e-02
5.940000e-01 -1.379056e-02
5.950000e-01 -1.357304e-02
5.960000e-01 -1.335309e-02
5.970000e-01 -1.313071e-02
5.980000e-01 -1.290590e-02
5.990000e-01 -1.267866e-02
6.000000e-01 -1.244897e-02
6.010000e-01 -1.221683e-02
6.020000e-01 -1.198224e-02
6.030000e-01 -1.174520e-02
6.040000e-01 -1.150570e-02
6.050000e-01 -1.126374e-02
6.060000e-01 -1.101931e-02
6.070000e-01 -1.077241e-02
6.080000e-01 -1.052303e-02
6.090000e-01 -1.027116e-02
6.100000e-01 -1.001681e-02
6.110000e-01 -9.759970e-03
6.120000e-01 -9.500632e-03
6.130000e-01 -9.238792e-03
6.140000e-01 -8.974445e-03
6.150000e-01 -8.707588e-03
6.160000e-01 -8.438213e-03
6.170000e-01 -8.166317e-03
6.180000e-01 -7.891893e-03
6.190000e-01 -7.614937e-03
6.200000e-01 -7.335444e-03
6.210000e-01 -7.053407e-03
6.220000e-01 -6.768822e-03
6.230000e-01 -6.481682e-03
6.240000e-01 -6.191983e-03
6.250000e-01 -5.899719e-03
6.260000e-01 -5.604883e-03
6.270000e-01 -5.307471e-03
6.280000e-01 -5.007476e-03
6.290000e-01 -4.704892e-03
6.300000e-01 -4.399713e-03
6.310000e-01 -4.091934e-03
6.320000e-01 -3.781548e-03
6.330000e-01 -3.468549e-03
6.340000e-01 -3.152931e-03
6.350000e-01 -2.834687e-03
6.360000e-01 -2.513812e-03
6.370000e-01 -2.190298e-03
6.380000e-01 -1.864139e-03
6.390000e-01 -1.535328e-03
6.400000e-01 -1.203860e-03
6.410000e-01 -8.697265e-04
6.420000e-01 -5.329214e-04
6.430000e-01 -1.934378e-04
6.440000e-01 1.487313e-04
6.450000e-01 4.935930e-04
6.460000e-01 8.411543e-04
6.470000e-01 1.191422e-03
6.480000e-01 1.544405e-03
6.490000e-01 1.900108e-03
6.500000e-01 2.258540e-03
6.510000e-01 2.619709e-03
6.520000e-01 2.983621e-03
6.530000e-01 3.350285e-03
6.540000e-01 3.719708e-03
6.550000e-01 4.091898e-03
6.560000e-01 4.466862e-03
6.570000e-01 4.844610e-03
6.580000e-01 5.225148e-03
6.590000e-01 5.608486e-03
6.600000e-01 5.994630e-03
6.610000e-01 6.383590e-03
6.620000e-01 6.775374e-03
6.630000e-01 7.169990e-03
6.640000e-01 7.567447e-03
6.650000e-01 7.967753e-03
6.660000e-01 8.370918e-03
6.670000e-01 8.776950e-03
6.680000e-01 9.185858e-03
6.690000e-01 9.597650e-03
6.700000e-01 1.001234e-02
6.710000e-01 1.042993e-02
6.720000e-01 1.085043e-02
6.730000e-01 1.127385e-02
6.740000e-01 1.170021e-02
6.750000e-01 1.212951e-02
6.760000e-01 1.256175e-02
6.770000e-01 1.299696e-02
6.780000e-01 1.343514e-02
6.790000e-01 1.387630e-02
6.800000e-01 1.432045e-02
6.810000e-01 1.476760e-02
6.820000e-01 1.521776e-02
6.830000e-01 1.567094e-02
6.840000e-01 1.612715e-02
6.850000e-01 1.658641e-02
6.860000e-01 1.704872e-02
6.870000e-01 1.751409e-02
6.880000e-01 1.798254e-02
6.890000e-01 1.845407e-02
6.900000e-01 1.892870e-02
6.910000e-01 1.940644e-02
6.920000e-01 1.988730e-02
6.930000e-01 2.037128e-02
6.940000e-01 2.085842e-02
6.950000e-01 2.134870e-02
6.960000e-01 2.184216e-02
6.970000e-01 2.233879e-02
6.980000e-01 2.283861e-02
6.990000e-01 2.334163e-02
7.000000e-01 2.384787e-02
7.010000e-01 2.435734e-02
7.020000e-01 2.487005e-02
7.030000e-01 2.538601e-02
7.040000e-01 2.590523e-02
7.050000e-01 2.642774e-02
7.060000e-01 2.695354e-02
7.070000e-01 2.748264e-02
7.080000e-01 2.801506e-02
7.090000e-01 2.855081e-02
7.100000e-01 2.908992e-02
7.110000e-01 2.963238e-02
7.120000e-01 3.017821e-02
7.130000e-01 3.072743e-02
7.140000e-01 3.128006e-02
7.150000e-01 3.183610e-02
7.160000e-01 3.239557e-02
7.170000e-01 3.295849e-02
7.180000e-01 3.352487e-02
7.190000e-01 3.409473e-02
7.200000e-01 3.466808e-02
7.210000e-01 3.524493e-02
7.220000e-01 3.582531e-02
7.230000e-01 3.640923e-02
7.240000e-01 3.699670e-02
7.250000e-01 3.758774e-02
7.260000e-01 3.818236e-02
7.270000e-01 3.878059e-02
7.280000e-01 3.938244e-02
7.290000e-01 3.998793e-02
7.300000e-01 4.059707e-02
7.310000e-01 4.120988e-02
7.320000e-01 4.182637e-02
7.330000e-01 4.244657e-02
7.340000e-01 4.307050e-02
7.350000e-01 4.369816e-02
7.360000e-01 4.432959e-02
7.370000e-01 4.496479e-02
7.380000e-01 4.560379e-02
7.390000e-01 4.624660e-02
7.400000e-01 4.689324e-02
7.410000e-01 4.754374e-02
7.420000e-01 4.819811e-02
7.430000e-01 4.885637e-02
7.440000e-01 4.951854e-02
7.450000e-01 5.018464e-02
7.460000e-01 5.085469e-02
7.470000e-01 5.152872e-02
7.480000e-01 5.220673e-02
7.490000e-01 5.288876e-02
7.500000e-01 5.357483e-02
7.510000e-01 5.426494e-02
7.520000e-01 5.495914e-02
7.530000e-01 5.565744e-02
7.540000e-01 5.635985e-02
7.550000e-01 5.706641e-02
7.560000e-01 5.777714e-02
7.570000e-01 5.849205e-02
7.580000e-01 5.921118e-02
7.590000e-01 5.993454e-02
7.600000e-01 6.066217e-02
7.610000e-01 6.139407e-02
7.620000e-01 6.213028e-02
7.630000e-01 6.287083e-02
7.640000e-01 6.361573e-02
7.650000e-01 6.436501e-02
7.660000e-01 6.511870e-02
7.670000e-01 6.587682e-02
7.680000e-01 6.663940e-02
7.690000e-01 6.740647e-02
7.700000e-01 6.817805e-02
7.710000e-01 6.895417e-02
7.720000e-01 6.973485e-02
7.730000e-01 7.052012e-02
7.740000e-01 7.131002e-02
7.750000e-01 7.210457e-02
7.760000e-01 7.290380e-02
7.770000e-01 7.370773e-02
7.780000e-01 7.451640e-02
7.790000e-01 7.532983e-02
7.800000e-01 7.614807e-02
7.810000e-01 7.697112e-02
7.820000e-01 7.779904e-02
7.830000e-01 7.863184e-02
7.840000e-01 7.946957e-02
7.850000e-01 8.031225e-02
7.860000e-01 8.115991e-02
7.870000e-01 8.201258e-02
7.880000e-01 8.287031e-02
7.890000e-01 8.373313e-02
7.900000e-01 8.460106e-02
7.910000e-01 8.547414e-02
7.920000e-01 8.635241e-02
7.930000e-01 8.723590e-02
7.940000e-01 8.812465e-02
7.950000e-01 8.901870e-02
7.960000e-01 8.991808e-02
7.970000e-01 9.082282e-02
7.980000e-01 9.173298e-02
7.990000e-01 9.264857e-02
8.000000e-01 9.356966e-02
8.010000e-01 9.449626e-02
8.020000e-01 9.542842e-02
8.030000e-01 9.636619e-02
8.040000e-01 9.730961e-02
8.050000e-01 9.825870e-02
8.060000e-01 9.921353e-02
8.070000e-01 1.001741e-01
8.080000e-01 1.011405e-01
8.090000e-01 1.021128e-01
8.100000e-01 1.030909e-01
8.110000e-01 1.040751e-01
8.120000e-01 1.050651e-01
8.130000e-01 1.060613e-01
8.140000e-01 1.070635e-01
8.150000e-01 1.080719e-01
8.160000e-01 1.090864e-01
8.170000e-01 1.101071e-01
8.180000e-01 1.111342e-01
8.190000e-01 1.121675e-01
8.200000e-01 1.132073e-01
8.210000e-01 1.142534e-01
8.220000e-01 1.153061e-01
8.230000e-01 1.163653e-01
8.240000e-01 1.174311e-01
8.250000e-01 1.185035e-01
8.260000e-01 1.195826e-01
8.270000e-01 1.206685e-01
8.280000e-01 1.217612e-01
8.290000e-01 1.228608e-01
8.300000e-01 1.239673e-01
8.310000e-01 1.250807e-01
8.320000e-01 1.262013e-01
8.330000e-01 1.273289e-01
8.340000e-01 1.284638e-01
8.350000e-01 1.296058e-01
8.360000e-01 1.307552e-01
8.370000e-01 1.319119e-01
8.380000e-01 1.330761e-01
8.390000e-01 1.342478e-01
8.400000e-01 1.354270e-01
8.410000e-01 1.366139e-01
8.420000e-01 1.378085e-01
8.430000e-01 1.390109e-01
8.440000e-01 1.402212e-01
8.450000e-01 1.414394e-01
8.460000e-01 1.426655e-01
8.470000e-01 1.438998e-01
8.480000e-01 1.451423e-01
8.490000e-01 1.463929e-01
8.500000e-01 1.476519e-01
8.510000e-01 1.489193e-01
8.520000e-01 1.501952e-01
8.530000e-01 1.514797e-01
8.540000e-01 1.527728e-01
8.550000e-01 1.540747e-01
8.560000e-01 1.553854e-01
8.570000e-01 1.567050e-01
8.580000e-01 1.580337e-01
8.590000e-01 1.593715e-01
8.600000e-01 1.607184e-01
8.610000e-01 1.620747e-01
8.620000e-01 1.634404e-01
8.630000e-01 1.648156e-01
8.640000e-01 1.662004e-01
8.650000e-01 1.675949e-01
8.660000e-01 1.689992e-01
8.670000e-01 1.704135e-01
8.680000e-01 1.718378e-01
8.690000e-01 1.732722e-01
8.700000e-01 1.747169e-01
8.710000e-01 1.761720e-01
8.720000e-01 1.776376e-01
8.730000e-01 1.791138e-01
8.740000e-01 1.806008e-01
8.750000e-01 1.820986e-01
8.760000e-01 1.836074e-01
8.770000e-01 1.851273e-01
8.780000e-01 1.866585e-01
8.790000e-01 1.882011e-01
8.800000e-01 1.897552e-01
8.810000e-01 1.913210e-01
8.820000e-01 1.928986e-01
8.830000e-01 1.944882e-01
8.840000e-01 1.960899e-01
8.850000e-01 1.977039e-01
8.860000e-01 1.993303e-01
8.870000e-01 2.009692e-01
8.880000e-01 2.026209e-01
8.890000e-01 2.042856e-01
8.900000e-01 2.059633e-01
8.910000e-01 2.076542e-01
8.920000e-01 2.093586e-01
8.930000e-01 2.110766e-01
8.940000e-01 2.128084e-01
8.950000e-01 2.145542e-01
8.960000e-01 2.163141e-01
8.970000e-01 2.180884e-01
8.980000e-01 2.198773e-01
8.990000e-01 2.216810e-01
9.000000e-01 2.234996e-01
9.010000e-01 2.253335e-01
9.020000e-01 2.271828e-01
9.030000e-01 2.290477e-01
9.040000e-01 2.309286e-01
9.050000e-01 2.328255e-01
9.060000e-01 2.347388e-01
9.070000e-01 2.366687e-01
9.080000e-01 2.386155e-01
9.090000e-01 2.405794e-01
9.100000e-01 2.425606e-01
9.110000e-01 2.445596e-01
9.120000e-01 2.465764e-01
9.130000e-01 2.486115e-01
9.140000e-01 2.506651e-01
9.150000e-01 2.527376e-01
9.160000e-01 2.548291e-01
9.170000e-01 2.569401e-01
9.180000e-01 2.590709e-01
9.190000e-01 2.612218e-01
9.200000e-01 2.633931e-01
9.210000e-01 2.655852e-01
9.220000e-01 2.677985e-01
9.230000e-01 2.700333e-01
9.240000e-01 2.722900e-01
9.250000e-01 2.745691e-01
9.260000e-01 2.768708e-01
9.270000e-01 2.791957e-01
9.280000e-01 2.815441e-01
9.290000e-01 2.839165e-01
9.300000e-01 2.863134e-01
9.310000e-01 2.887352e-01
9.320000e-01 2.911823e-01
9.330000e-01 2.936554e-01
9.340000e-01 2.961548e-01
9.350000e-01 2.986812e-01
9.360000e-01 3.012350e-01
9.370000e-01 3.038168e-01
9.380000e-01 3.064273e-01
9.390000e-01 3.090669e-01
9.400000e-01 3.117363e-01
9.410000e-01 3.144362e-01
9.420000e-01 3.171672e-01
9.430000e-01 3.199299e-01
9.440000e-01 3.227251e-01
9.450000e-01 3.255535e-01
9.460000e-01 3.284158e-01
9.470000e-01 3.313129e-01
9.480000e-01 3.342454e-01
9.490000e-01 3.372144e-01
9.500000e-01 3.402205e-01
9.510000e-01 3.432648e-01
9.520000e-01 3.463481e-01
9.530000e-01 3.494714e-01
9.540000e-01 3.526357e-01
9.550000e-01 3.558421e-01
9.560000e-01 3.590915e-01
9.570000e-01 3.623852e-01
9.580000e-01 3.657244e-01
9.590000e-01 3.691101e-01
9.600000e-01 3.725437e-01
9.610000e-01 3.760266e-01
9.620000e-01 3.795600e-01
9.630000e-01 3.831454e-01
9.640000e-01 3.867844e-01
9.650000e-01 3.904784e-01
9.660000e-01 3.942292e-01
9.670000e-01 3.980384e-01
9.680000e-01 4.019077e-01
9.690000e-01 4.058392e-01
9.700000e-01 4.098347e-01
9.710000e-01 4.138964e-01
9.720000e-01 4.180263e-01
9.730000e-01 4.222267e-01
9.740000e-01 4.265001e-01
9.750000e-01 4.308490e-01
9.760000e-01 4.352759e-01
9.770000e-01 4.397837e-01
9.780000e-01 4.443754e-01
9.790000e-01 4.490539e-01
9.800000e-01 4.538228e-01
9.810000e-01 4.586853e-01
9.820000e-01 4.636452e-01
9.830000e-01 4.687064e-01
9.840000e-01 4.738731e-01
9.850000e-01 4.791497e-01
9.860000e-01 4.845409e-01
9.870000e-01 4.900516e-01
9.880000e-01 4.956873e-01
9.890000e-01 5.014537e-01
9.900000e-01 5.073568e-01
9.910000e-01 5.134034e-01
9.920000e-01 5.196003e-01
9.930000e-01 5.259553e-01
9.940000e-01 5.324766e-01
9.950000e-01 5.391729e-01
9.960000e-01 5.460538e-01
9.970000e-01 5.531298e-01
9.980000e-01 5.604121e-01
9.990000e-01 5.679131e-01
