-1.000000e+00 5.756463e-01
-9.990000e-01 2.856770e+01
-9.980000e-01 5.475049e+01
-9.970000e-01 7.920015e+01
-9.960000e-01 1.019903e+02
-9.950000e-01 1.231923e+02
-9.940000e-01 1.428748e+02
-9.930000e-01 1.611045e+02
-9.920000e-01 1.779456e+02
-9.910000e-01 1.934602e+02
-9.900000e-01 2.077085e+02
-9.890000e-01 2.207482e+02
-9.880000e-01 2.326355e+02
-9.870000e-01 2.434243e+02
-9.860000e-01 2.531667e+02
-9.850000e-01 2.619130e+02
-9.840000e-01 2.697118e+02
-9.830000e-01 2.766098e+02
-9.820000e-01 2.826521e+02
-9.810000e-01 2.878821e+02
-9.800000e-01 2.923419e+02
-9.790000e-01 2.960716e+02
-9.780000e-01 2.991101e+02
-9.770000e-01 3.014949e+02
-9.760000e-01 3.032620e+02
-9.750000e-01 3.044459e+02
-9.740000e-01 3.050800e+02
-9.730000e-01 3.051963e+02
-9.720000e-01 3.048255e+02
-9.710000e-01 3.039973e+02
-9.700000e-01 3.027401e+02
-9.690000e-01 3.010810e+02
-9.680000e-01 2.990464e+02
-9.670000e-01 2.966612e+02
-9.660000e-01 2.939496e+02
-9.650000e-01 2.909346e+02
-9.640000e-01 2.876384e+02
-9.630000e-01 2.840821e+02
-9.620000e-01 2.802860e+02
-9.610000e-01 2.762695e+02
-9.600000e-01 2.720510e+02
-9.590000e-01 2.676485e+02
-9.580000e-01 2.630787e+02
-9.570000e-01 2.583578e+02
-9.560000e-01 2.535012e+02
-9.550000e-01 2.485237e+02
-9.540000e-01 2.434393e+02
-9.530000e-01 2.382613e+02
-9.520000e-01 2.330023e+02
-9.510000e-01 2.276745e+02
-9.500000e-01 2.222893e+02
-9.490000e-01 2.168576e+02
-9.480000e-01 2.113897e+02
-9.470000e-01 2.058955e+02
-9.460000e-01 2.003841e+02
-9.450000e-01 1.948643e+02
-9.440000e-01 1.893445e+02
-9.430000e-01 1.838323e+02
-9.420000e-01 1.783352e+02
-9.410000e-01 1.728602e+02
-9.400000e-01 1.674136e+02
-9.390000e-01 1.620016e+02
-9.380000e-01 1.566299e+02
-9.370000e-01 1.513039e+02
-9.360000e-01 1.460286e+02
-9.350000e-01 1.408087e+02
-9.340000e-01 1.356483e+02
-9.330000e-01 1.305517e+02
-9.320000e-01 1.255224e+02
-9.310000e-01 1.205639e+02
-9.300000e-01 1.156793e+02
-9.290000e-01 1.108715e+02
-9.280000e-01 1.061432e+02
-9.270000e-01 1.014966e+02
-9.260000e-01 9.693396e+01
-9.250000e-01 9.245717e+01
-9.240000e-01 8.806793e+01
-9.230000e-01 8.376775e+01
-9.220000e-01 7.955793e+01
-9.210000e-01 7.543958e+01
-9.200000e-01 7.141366e+01
-9.190000e-01 6.748094e+01
-9.180000e-01 6.364203e+01
-9.170000e-01 5.989740e+01
-9.160000e-01 5.624737e+01
-9.150000e-01 5.269211e+01
-9.140000e-01 4.923169e+01
-9.130000e-01 4.586603e+01
-9.120000e-01 4.259493e+01
-9.110000e-01 3.941812e+01
-9.100000e-01 3.633517e+01
-9.090000e-01 3.334560e+01
-9.080000e-01 3.044880e+01
-9.070000e-01 2.764411e+01
-9.060000e-01 2.493076e+01
-9.050000e-01 2.230791e+01
-9.040000e-01 1.977466e+01
-9.030000e-01 1.733003e+01
-9.020000e-01 1.497298e+01
-9.010000e-01 1.270243e+01
-9.000000e-01 1.051723e+01
-8.990000e-01 8.416173e+00
-8.980000e-01 6.398024e+00
-8.970000e-01 4.461499e+00
-8.960000e-01 2.605278e+00
-8.950000e-01 8.280033e-01
-8.940000e-01 -8.717101e-01
-8.930000e-01 -2.495278e+00
-8.920000e-01 -4.044139e+00
-8.910000e-01 -5.519755e+00
-8.900000e-01 -6.923608e+00
-8.890000e-01 -8.257195e+00
-8.880000e-01 -9.522028e+00
-8.870000e-01 -1.071963e+01
-8.860000e-01 -1.185153e+01
-8.850000e-01 -1.291927e+01
-8.840000e-01 -1.392440e+01
-8.830000e-01 -1.486846e+01
-8.820000e-01 -1.575300e+01
-8.810000e-01 -1.657956e+01
-8.800000e-01 -1.734971e+01
-8.790000e-01 -1.806496e+01
-8.780000e-01 -1.872686e+01
-8.770000e-01 -1.933694e+01
-8.760000e-01 -1.989672e+01
-8.750000e-01 -2.040770e+01
-8.740000e-01 -2.087139e+01
-8.730000e-01 -2.128926e+01
-8.720000e-01 -2.166280e+01
-8.710000e-01 -2.199347e+01
-8.700000e-01 -2.228270e+01
-8.690000e-01 -2.253191e+01
-8.680000e-01 -2.274254e+01
-8.670000e-01 -2.291595e+01
-8.660000e-01 -2.305353e+01
-8.650000e-01 -2.315664e+01
-8.640000e-01 -2.322660e+01
-8.630000e-01 -2.326473e+01
-8.620000e-01 -2.327232e+01
-8.610000e-01 -2.325065e+01
-8.600000e-01 -2.320096e+01
-8.590000e-01 -2.312448e+01
-8.580000e-01 -2.302242e+01
-8.570000e-01 -2.289596e+01
-8.560000e-01 -2.274625e+01
-8.550000e-01 -2.257444e+01
-8.540000e-01 -2.238164e+01
-8.530000e-01 -2.216893e+01
-8.520000e-01 -2.193738e+01
-8.510000e-01 -2.168803e+01
-8.500000e-01 -2.142189e+01
-8.490000e-01 -2.113997e+01
-8.480000e-01 -2.084322e+01
-8.470000e-01 -2.053259e+01
-8.460000e-01 -2.020901e+01
-8.450000e-01 -1.987337e+01
-8.440000e-01 -1.952654e+01
-8.430000e-01 -1.916937e+01
-8.420000e-01 -1.880269e+01
-8.410000e-01 -1.842730e+01
-8.400000e-01 -1.804397e+01
-8.390000e-01 -1.765347e+01
-8.380000e-01 -1.725652e+01
-8.370000e-01 -1.685384e+01
-8.360000e-01 -1.644611e+01
-8.350000e-01 -1.603399e+01
-8.340000e-01 -1.561813e+01
-8.330000e-01 -1.519915e+01
-8.320000e-01 -1.477765e+01
-8.310000e-01 -1.435421e+01
-8.300000e-01 -1.392938e+01
-8.290000e-01 -1.350370e+01
-8.280000e-01 -1.307768e+01
-8.270000e-01 -1.265182e+01
-8.260000e-01 -1.222660e+01
-8.250000e-01 -1.180247e+01
-8.240000e-01 -1.137987e+01
-8.230000e-01 -1.095921e+01
-8.220000e-01 -1.054091e+01
-8.210000e-01 -1.012533e+01
-8.200000e-01 -9.712839e+00
-8.190000e-01 -9.303790e+00
-8.180000e-01 -8.898508e+00
-8.170000e-01 -8.497306e+00
-8.160000e-01 -8.100480e+00
-8.150000e-01 -7.708309e+00
-8.140000e-01 -7.321058e+00
-8.130000e-01 -6.938976e+00
-8.120000e-01 -6.562296e+00
-8.110000e-01 -6.191238e+00
-8.100000e-01 -5.826007e+00
-8.090000e-01 -5.466793e+00
-8.080000e-01 -5.113775e+00
-8.070000e-01 -4.767116e+00
-8.060000e-01 -4.426967e+00
-8.050000e-01 -4.093468e+00
-8.040000e-01 -3.766745e+00
-8.030000e-01 -3.446912e+00
-8.020000e-01 -3.134074e+00
-8.010000e-01 -2.828323e+00
-8.000000e-01 -2.529738e+00
-7.990000e-01 -2.238393e+00
-7.980000e-01 -1.954346e+00
-7.970000e-01 -1.677650e+00
-7.960000e-01 -1.408345e+00
-7.950000e-01 -1.146463e+00
-7.940000e-01 -8.920284e-01
-7.930000e-01 -6.450553e-01
-7.920000e-01 -4.055503e-01
-7.910000e-01 -1.735118e-01
-7.900000e-01 5.106916e-02
-7.890000e-01 2.682091e-01
-7.880000e-01 4.779316e-01
-7.870000e-01 6.802670e-01
-7.860000e-01 8.752520e-01
-7.850000e-01 1.062930e+00
-7.840000e-01 1.243349e+00
-7.830000e-01 1.416565e+00
-7.820000e-01 1.582638e+00
-7.810000e-01 1.741633e+00
-7.800000e-01 1.893619e+00
-7.790000e-01 2.038673e+00
-7.780000e-01 2.176873e+00
-7.770000e-01 2.308302e+00
-7.760000e-01 2.433049e+00
-7.750000e-01 2.551205e+00
-7.740000e-01 2.662863e+00
-7.730000e-01 2.768123e+00
-7.720000e-01 2.867085e+00
-7.710000e-01 2.959854e+00
-7.700000e-01 3.046535e+00
-7.690000e-01 3.127239e+00
-7.680000e-01 3.202076e+00
-7.670000e-01 3.271160e+00
-7.660000e-01 3.334606e+00
-7.650000e-01 3.392532e+00
-7.640000e-01 3.445057e+00
-7.630000e-01 3.492299e+00
-7.620000e-01 3.534382e+00
-7.610000e-01 3.571427e+00
-7.600000e-01 3.603558e+00
-7.590000e-01 3.630898e+00
-7.580000e-01 3.653573e+00
-7.570000e-01 3.671708e+00
-7.560000e-01 3.685429e+00
-7.550000e-01 3.694861e+00
-7.540000e-01 3.700130e+00
-7.530000e-01 3.701362e+00
-7.520000e-01 3.698684e+00
-7.510000e-01 3.692221e+00
-7.500000e-01 3.682097e+00
-7.490000e-01 3.668438e+00
-7.480000e-01 3.651367e+00
-7.470000e-01 3.631009e+00
-7.460000e-01 3.607486e+00
-7.450000e-01 3.580920e+00
-7.440000e-01 3.551431e+00
-7.430000e-01 3.519140e+00
-7.420000e-01 3.484166e+00
-7.410000e-01 3.446626e+00
-7.400000e-01 3.406637e+00
-7.390000e-01 3.364314e+00
-7.380000e-01 3.319771e+00
-7.370000e-01 3.273119e+00
-7.360000e-01 3.224471e+00
-7.350000e-01 3.173934e+00
-7.340000e-01 3.121618e+00
-7.330000e-01 3.067628e+00
-7.320000e-01 3.012068e+00
-7.310000e-01 2.955041e+00
-7.300000e-01 2.896648e+00
-7.290000e-01 2.836989e+00
-7.280000e-01 2.776160e+00
-7.270000e-01 2.714256e+00
-7.260000e-01 2.651373e+00
-7.250000e-01 2.587600e+00
-7.240000e-01 2.523028e+00
-7.230000e-01 2.457744e+00
-7.220000e-01 2.391835e+00
-7.210000e-01 2.325383e+00
-7.200000e-01 2.258472e+00
-7.190000e-01 2.191179e+00
-7.180000e-01 2.123584e+00
-7.170000e-01 2.055761e+00
-7.160000e-01 1.987784e+00
-7.150000e-01 1.919725e+00
-7.140000e-01 1.851654e+00
-7.130000e-01 1.783637e+00
-7.120000e-01 1.715741e+00
-7.110000e-01 1.648028e+00
-7.100000e-01 1.580560e+00
-7.090000e-01 1.513397e+00
-7.080000e-01 1.446594e+00
-7.070000e-01 1.380209e+00
-7.060000e-01 1.314294e+00
-7.050000e-01 1.248899e+00
-7.040000e-01 1.184076e+00
-7.030000e-01 1.119870e+00
-7.020000e-01 1.056328e+00
-7.010000e-01 9.934929e-01
-7.000000e-01 9.314060e-01
-6.990000e-01 8.701072e-01
-6.980000e-01 8.096343e-01
-6.970000e-01 7.500233e-01
-6.960000e-01 6.913083e-01
-6.950000e-01 6.335216e-01
-6.940000e-01 5.766939e-01
-6.930000e-01 5.208540e-01
-6.920000e-01 4.660288e-01
-6.910000e-01 4.122439e-01
-6.900000e-01 3.595230e-01
-6.890000e-01 3.078880e-01
-6.880000e-01 2.573595e-01
-6.870000e-01 2.079563e-01
-6.860000e-01 1.596958e-01
-6.850000e-01 1.125936e-01
-6.840000e-01 6.666412e-02
-6.830000e-01 2.192007e-02
-6.820000e-01 -2.162717e-02
-6.810000e-01 -6.396765e-02
-6.800000e-01 -1.050928e-01
-6.790000e-01 -1.449954e-01
-6.780000e-01 -1.836696e-01
-6.770000e-01 -2.211107e-01
-6.760000e-01 -2.573154e-01
-6.750000e-01 -2.922815e-01
-6.740000e-01 -3.260081e-01
-6.730000e-01 -3.584953e-01
-6.720000e-01 -3.897446e-01
-6.710000e-01 -4.197582e-01
-6.700000e-01 -4.485398e-01
-6.690000e-01 -4.760938e-01
-6.680000e-01 -5.024256e-01
-6.670000e-01 -5.275419e-01
-6.660000e-01 -5.514499e-01
-6.650000e-01 -5.741580e-01
-6.640000e-01 -5.956754e-01
-6.630000e-01 -6.160120e-01
-6.620000e-01 -6.351787e-01
-6.610000e-01 -6.531871e-01
-6.600000e-01 -6.700494e-01
-6.590000e-01 -6.857789e-01
-6.580000e-01 -7.003891e-01
-6.570000e-01 -7.138945e-01
-6.560000e-01 -7.263101e-01
-6.550000e-01 -7.376516e-01
-6.540000e-01 -7.479350e-01
-6.530000e-01 -7.571772e-01
-6.520000e-01 -7.653953e-01
-6.510000e-01 -7.726070e-01
-6.500000e-01 -7.788306e-01
-6.490000e-01 -7.840846e-01
-6.480000e-01 -7.883880e-01
-6.470000e-01 -7.917601e-01
-6.460000e-01 -7.942207e-01
-6.450000e-01 -7.957899e-01
-6.440000e-01 -7.964878e-01
-6.430000e-01 -7.963352e-01
-6.420000e-01 -7.953529e-01
-6.410000e-01 -7.935619e-01
-6.400000e-01 -7.909836e-01
-6.390000e-01 -7.876394e-01
-6.380000e-01 -7.835508e-01
-6.370000e-01 -7.787397e-01
-6.360000e-01 -7.732278e-01
-6.350000e-01 -7.670371e-01
-6.340000e-01 -7.601896e-01
-6.330000e-01 -7.527074e-01
-6.320000e-01 -7.446126e-01
-6.310000e-01 -7.359271e-01
-6.300000e-01 -7.266732e-01
-6.290000e-01 -7.168729e-01
-6.280000e-01 -7.065482e-01
-6.270000e-01 -6.957210e-01
-6.260000e-01 -6.844132e-01
-6.250000e-01 -6.726466e-01
-6.240000e-01 -6.604429e-01
-6.230000e-01 -6.478235e-01
-6.220000e-01 -6.348100e-01
-6.210000e-01 -6.214234e-01
-6.200000e-01 -6.076850e-01
-6.190000e-01 -5.936156e-01
-6.180000e-01 -5.792358e-01
-6.170000e-01 -5.645662e-01
-6.160000e-01 -5.496270e-01
-6.150000e-01 -5.344382e-01
-6.140000e-01 -5.190197e-01
-6.130000e-01 -5.033910e-01
-6.120000e-01 -4.875713e-01
-6.110000e-01 -4.715796e-01
-6.100000e-01 -4.554347e-01
-6.090000e-01 -4.391549e-01
-6.080000e-01 -4.227585e-01
-6.070000e-01 -4.062631e-01
-6.060000e-01 -3.896863e-01
-6.050000e-01 -3.730454e-01
-6.040000e-01 -3.563570e-01
-6.030000e-01 -3.396377e-01
-6.020000e-01 -3.229038e-01
-6.010000e-01 -3.061709e-01
-6.000000e-01 -2.894547e-01
-5.990000e-01 -2.727701e-01
-5.980000e-01 -2.561319e-01
-5.970000e-01 -2.395546e-01
-5.960000e-01 -2.230522e-01
-5.950000e-01 -2.066382e-01
-5.940000e-01 -1.903260e-01
-5.930000e-01 -1.741284e-01
-5.920000e-01 -1.580580e-01
-5.910000e-01 -1.421269e-01
-5.900000e-01 -1.263469e-01
-5.890000e-01 -1.107293e-01
-5.880000e-01 -9.528508e-02
-5.870000e-01 -8.002489e-02
-5.860000e-01 -6.495893e-02
-5.850000e-01 -5.009702e-02
-5.840000e-01 -3.544861e-02
-5.830000e-01 -2.102276e-02
-5.820000e-01 -6.828163e-03
-5.810000e-01 7.126895e-03
-5.800000e-01 2.083449e-02
-5.790000e-01 3.428708e-02
-5.780000e-01 4.747751e-02
-5.770000e-01 6.039898e-02
-5.760000e-01 7.304507e-02
-5.750000e-01 8.540973e-02
-5.740000e-01 9.748729e-02
-5.730000e-01 1.092724e-01
-5.720000e-01 1.207601e-01
-5.710000e-01 1.319458e-01
-5.700000e-01 1.428253e-01
-5.690000e-01 1.533946e-01
-5.680000e-01 1.636501e-01
-5.670000e-01 1.735887e-01
-5.660000e-01 1.832075e-01
-5.650000e-01 1.925039e-01
-5.640000e-01 2.014756e-01
-5.630000e-01 2.101208e-01
-5.620000e-01 2.184379e-01
-5.610000e-01 2.264255e-01
-5.600000e-01 2.340828e-01
-5.590000e-01 2.414090e-01
-5.580000e-01 2.484037e-01
-5.570000e-01 2.550669e-01
-5.560000e-01 2.613987e-01
-5.550000e-01 2.673996e-01
-5.540000e-01 2.730704e-01
-5.530000e-01 2.784121e-01
-5.520000e-01 2.834258e-01
-5.510000e-01 2.881132e-01
-5.500000e-01 2.924760e-01
-5.490000e-01 2.965163e-01
-5.480000e-01 3.002361e-01
-5.470000e-01 3.036381e-01
-5.460000e-01 3.067249e-01
-5.450000e-01 3.094995e-01
-5.440000e-01 3.119648e-01
-5.430000e-01 3.141244e-01
-5.420000e-01 3.159816e-01
-5.410000e-01 3.175402e-01
-5.400000e-01 3.188040e-01
-5.390000e-01 3.197772e-01
-5.380000e-01 3.204640e-01
-5.370000e-01 3.208687e-01
-5.360000e-01 3.209960e-01
-5.350000e-01 3.208505e-01
-5.340000e-01 3.204371e-01
-5.330000e-01 3.197608e-01
-5.320000e-01 3.188267e-01
-5.310000e-01 3.176400e-01
-5.300000e-01 3.162061e-01
-5.290000e-01 3.145305e-01
-5.280000e-01 3.126188e-01
-5.270000e-01 3.104766e-01
-5.260000e-01 3.081097e-01
-5.250000e-01 3.055240e-01
-5.240000e-01 3.027254e-01
-5.230000e-01 2.997200e-01
-5.220000e-01 2.965137e-01
-5.210000e-01 2.931129e-01
-5.200000e-01 2.895236e-01
-5.190000e-01 2.857521e-01
-5.180000e-01 2.818047e-01
-5.170000e-01 2.776878e-01
-5.160000e-01 2.734077e-01
-5.150000e-01 2.689709e-01
-5.140000e-01 2.643837e-01
-5.130000e-01 2.596527e-01
-5.120000e-01 2.547842e-01
-5.110000e-01 2.497847e-01
-5.100000e-01 2.446607e-01
-5.090000e-01 2.394187e-01
-5.080000e-01 2.340651e-01
-5.070000e-01 2.286063e-01
-5.060000e-01 2.230488e-01
-5.050000e-01 2.173989e-01
-5.040000e-01 2.116631e-01
-5.030000e-01 2.058477e-01
-5.020000e-01 1.999590e-01
-5.010000e-01 1.940033e-01
-5.000000e-01 1.879868e-01
-4.990000e-01 1.819156e-01
-4.980000e-01 1.757959e-01
-4.970000e-01 1.696338e-01
-4.960000e-01 1.634353e-01
-4.950000e-01 1.572063e-01
-4.940000e-01 1.509527e-01
-4.930000e-01 1.446803e-01
-4.920000e-01 1.383949e-01
-4.910000e-01 1.321021e-01
-4.900000e-01 1.258075e-01
-4.890000e-01 1.195166e-01
-4.880000e-01 1.132349e-01
-4.870000e-01 1.069675e-01
-4.860000e-01 1.007199e-01
-4.850000e-01 9.449707e-02
-4.840000e-01 8.830412e-02
-4.830000e-01 8.214599e-02
-4.820000e-01 7.602753e-02
-4.810000e-01 6.995349e-02
-4.800000e-01 6.392852e-02
-4.790000e-01 5.795714e-02
-4.780000e-01 5.204379e-02
-4.770000e-01 4.619278e-02
-4.760000e-01 4.040833e-02
-4.750000e-01 3.469452e-02
-4.740000e-01 2.905535e-02
-4.730000e-01 2.349467e-02
-4.720000e-01 1.801624e-02
-4.710000e-01 1.262368e-02
-4.700000e-01 7.320511e-03
-4.690000e-01 2.110124e-03
-4.680000e-01 -3.004206e-03
-4.670000e-01 -8.019329e-03
-4.660000e-01 -1.293221e-02
-4.650000e-01 -1.773995e-02
-4.640000e-01 -2.243975e-02
-4.630000e-01 -2.702896e-02
-4.620000e-01 -3.150503e-02
-4.610000e-01 -3.586554e-02
-4.600000e-01 -4.010820e-02
-4.590000e-01 -4.423084e-02
-4.580000e-01 -4.823140e-02
-4.570000e-01 -5.210797e-02
-4.560000e-01 -5.585874e-02
-4.550000e-01 -5.948203e-02
-4.540000e-01 -6.297627e-02
-4.530000e-01 -6.634003e-02
-4.520000e-01 -6.957200e-02
-4.510000e-01 -7.267096e-02
-4.500000e-01 -7.563584e-02
-4.490000e-01 -7.846568e-02
-4.480000e-01 -8.115964e-02
-4.470000e-01 -8.371697e-02
-4.460000e-01 -8.613708e-02
-4.450000e-01 -8.841947e-02
-4.440000e-01 -9.056373e-02
-4.430000e-01 -9.256961e-02
-4.420000e-01 -9.443694e-02
-4.410000e-01 -9.616565e-02
-4.400000e-01 -9.775581e-02
-4.390000e-01 -9.920758e-02
-4.380000e-01 -1.005212e-01
-4.370000e-01 -1.016971e-01
-4.360000e-01 -1.027356e-01
-4.350000e-01 -1.036374e-01
-4.340000e-01 -1.044032e-01
-4.330000e-01 -1.050337e-01
-4.320000e-01 -1.055297e-01
-4.310000e-01 -1.058922e-01
-4.300000e-01 -1.061222e-01
-4.290000e-01 -1.062210e-01
-4.280000e-01 -1.061896e-01
-4.270000e-01 -1.060294e-01
-4.260000e-01 -1.057418e-01
-4.250000e-01 -1.053282e-01
-4.240000e-01 -1.047902e-01
-4.230000e-01 -1.041294e-01
-4.220000e-01 -1.033475e-01
-4.210000e-01 -1.024463e-01
-4.200000e-01 -1.014276e-01
-4.190000e-01 -1.002933e-01
-4.180000e-01 -9.904542e-02
-4.170000e-01 -9.768596e-02
-4.160000e-01 -9.621702e-02
-4.150000e-01 -9.464077e-02
-4.140000e-01 -9.295943e-02
-4.130000e-01 -9.117525e-02
-4.120000e-01 -8.929057e-02
-4.110000e-01 -8.730775e-02
-4.100000e-01 -8.522922e-02
-4.090000e-01 -8.305744e-02
-4.080000e-01 -8.079492e-02
-4.070000e-01 -7.844421e-02
-4.060000e-01 -7.600790e-02
-4.050000e-01 -7.348861e-02
-4.040000e-01 -7.088901e-02
-4.030000e-01 -6.821179e-02
-4.020000e-01 -6.545965e-02
-4.010000e-01 -6.263536e-02
-4.000000e-01 -5.974169e-02
-3.990000e-01 -5.678142e-02
-3.980000e-01 -5.375738e-02
-3.970000e-01 -5.067239e-02
-3.960000e-01 -4.752932e-02
-3.950000e-01 -4.433101e-02
-3.940000e-01 -4.108034e-02
-3.930000e-01 -3.778021e-02
-3.920000e-01 -3.443349e-02
-3.910000e-01 -3.104308e-02
-3.900000e-01 -2.761189e-02
-3.890000e-01 -2.414281e-02
-3.880000e-01 -2.063874e-02
-3.870000e-01 -1.710257e-02
-3.860000e-01 -1.353720e-02
-3.850000e-01 -9.945497e-03
-3.840000e-01 -6.330342e-03
-3.830000e-01 -2.694594e-03
-3.820000e-01 9.589010e-04
-3.810000e-01 4.627310e-03
-3.800000e-01 8.307818e-03
-3.790000e-01 1.199763e-02
-3.780000e-01 1.569397e-02
-3.770000e-01 1.939408e-02
-3.760000e-01 2.309524e-02
-3.750000e-01 2.679475e-02
-3.740000e-01 3.048993e-02
-3.730000e-01 3.417812e-02
-3.720000e-01 3.785673e-02
-3.710000e-01 4.152317e-02
-3.700000e-01 4.517488e-02
-3.690000e-01 4.880937e-02
-3.680000e-01 5.242414e-02
-3.670000e-01 5.601676e-02
-3.660000e-01 5.958484e-02
-3.650000e-01 6.312602e-02
-3.640000e-01 6.663798e-02
-3.630000e-01 7.011846e-02
-3.620000e-01 7.356522e-02
-3.610000e-01 7.697609e-02
-3.600000e-01 8.034894e-02
-3.590000e-01 8.368168e-02
-3.580000e-01 8.697228e-02
-3.570000e-01 9.021874e-02
-3.560000e-01 9.341915e-02
-3.550000e-01 9.657161e-02
-3.540000e-01 9.967430e-02
-3.530000e-01 1.027254e-01
-3.520000e-01 1.057233e-01
-3.510000e-01 1.086663e-01
-3.500000e-01 1.115527e-01
-3.490000e-01 1.143810e-01
-3.480000e-01 1.171498e-01
-3.470000e-01 1.198576e-01
-3.460000e-01 1.225029e-01
-3.450000e-01 1.250846e-01
-3.440000e-01 1.276013e-01
-3.430000e-01 1.300518e-01
-3.420000e-01 1.324350e-01
-3.410000e-01 1.347499e-01
-3.400000e-01 1.369954e-01
-3.390000e-01 1.391705e-01
-3.380000e-01 1.412745e-01
-3.370000e-01 1.433063e-01
-3.360000e-01 1.452654e-01
-3.350000e-01 1.471509e-01
-3.340000e-01 1.489623e-01
-3.330000e-01 1.506989e-01
-3.320000e-01 1.523602e-01
-3.310000e-01 1.539458e-01
-3.300000e-01 1.554553e-01
-3.290000e-01 1.568883e-01
-3.280000e-01 1.582446e-01
-3.270000e-01 1.595240e-01
-3.260000e-01 1.607263e-01
-3.250000e-01 1.618514e-01
-3.240000e-01 1.628993e-01
-3.230000e-01 1.638701e-01
-3.220000e-01 1.647638e-01
-3.210000e-01 1.655806e-01
-3.200000e-01 1.663207e-01
-3.190000e-01 1.669844e-01
-3.180000e-01 1.675719e-01
-3.170000e-01 1.680838e-01
-3.160000e-01 1.685203e-01
-3.150000e-01 1.688821e-01
-3.140000e-01 1.691697e-01
-3.130000e-01 1.693837e-01
-3.120000e-01 1.695247e-01
-3.110000e-01 1.695935e-01
-3.100000e-01 1.695909e-01
-3.090000e-01 1.695176e-01
-3.080000e-01 1.693746e-01
-3.070000e-01 1.691627e-01
-3.060000e-01 1.688830e-01
-3.050000e-01 1.685364e-01
-3.040000e-01 1.681241e-01
-3.030000e-01 1.676471e-01
-3.020000e-01 1.671066e-01
-3.010000e-01 1.665039e-01
-3.000000e-01 1.658401e-01
-2.990000e-01 1.651165e-01
-2.980000e-01 1.643346e-01
-2.970000e-01 1.634956e-01
-2.960000e-01 1.626011e-01
-2.950000e-01 1.616523e-01
-2.940000e-01 1.606510e-01
-2.930000e-01 1.595984e-01
-2.920000e-01 1.584963e-01
-2.910000e-01 1.573462e-01
-2.900000e-01 1.561498e-01
-2.890000e-01 1.549087e-01
-2.880000e-01 1.536246e-01
-2.870000e-01 1.522992e-01
-2.860000e-01 1.509342e-01
-2.850000e-01 1.495316e-01
-2.840000e-01 1.480930e-01
-2.830000e-01 1.466202e-01
-2.820000e-01 1.451152e-01
-2.810000e-01 1.435798e-01
-2.800000e-01 1.420159e-01
-2.790000e-01 1.404253e-01
-2.780000e-01 1.388101e-01
-2.770000e-01 1.371722e-01
-2.760000e-01 1.355135e-01
-2.750000e-01 1.338360e-01
-2.740000e-01 1.321417e-01
-2.730000e-01 1.304325e-01
-2.720000e-01 1.287106e-01
-2.710000e-01 1.269779e-01
-2.700000e-01 1.252365e-01
-2.690000e-01 1.234883e-01
-2.680000e-01 1.217355e-01
-2.670000e-01 1.199800e-01
-2.660000e-01 1.182239e-01
-2.650000e-01 1.164693e-01
-2.640000e-01 1.147181e-01
-2.630000e-01 1.129726e-01
-2.620000e-01 1.112346e-01
-2.610000e-01 1.095062e-01
-2.600000e-01 1.077895e-01
-2.590000e-01 1.060864e-01
-2.580000e-01 1.043991e-01
-2.570000e-01 1.027295e-01
-2.560000e-01 1.010796e-01
-2.550000e-01 9.945147e-02
-2.540000e-01 9.784700e-02
-2.530000e-01 9.626820e-02
-2.520000e-01 9.471701e-02
-2.510000e-01 9.319538e-02
-2.500000e-01 9.170522e-02
-2.490000e-01 9.024844e-02
-2.480000e-01 8.882691e-02
-2.470000e-01 8.744251e-02
-2.460000e-01 8.609708e-02
-2.450000e-01 8.479243e-02
-2.440000e-01 8.353038e-02
-2.430000e-01 8.231268e-02
-2.420000e-01 8.114109e-02
-2.410000e-01 8.001734e-02
-2.400000e-01 7.894311e-02
-2.390000e-01 7.792009e-02
-2.380000e-01 7.694990e-02
-2.370000e-01 7.603415e-02
-2.360000e-01 7.517444e-02
-2.350000e-01 7.437229e-02
-2.340000e-01 7.362924e-02
-2.330000e-01 7.294675e-02
-2.320000e-01 7.232629e-02
-2.310000e-01 7.176926e-02
-2.300000e-01 7.127703e-02
-2.290000e-01 7.085097e-02
-2.280000e-01 7.049236e-02
-2.270000e-01 7.020247e-02
-2.260000e-01 6.998254e-02
-2.250000e-01 6.983376e-02
-2.240000e-01 6.975727e-02
-2.230000e-01 6.975419e-02
-2.220000e-01 6.982558e-02
-2.210000e-01 6.997248e-02
-2.200000e-01 7.019587e-02
-2.190000e-01 7.049669e-02
-2.180000e-01 7.087586e-02
-2.170000e-01 7.133422e-02
-2.160000e-01 7.187259e-02
-2.150000e-01 7.249175e-02
-2.140000e-01 7.319241e-02
-2.130000e-01 7.397527e-02
-2.120000e-01 7.484096e-02
-2.110000e-01 7.579006e-02
-2.100000e-01 7.682313e-02
-2.090000e-01 7.794067e-02
-2.080000e-01 7.914312e-02
-2.070000e-01 8.043091e-02
-2.060000e-01 8.180437e-02
-2.050000e-01 8.326384e-02
-2.040000e-01 8.480958e-02
-2.030000e-01 8.644181e-02
-2.020000e-01 8.816070e-02
-2.010000e-01 8.996638e-02
-2.000000e-01 9.185892e-02
-1.990000e-01 9.383837e-02
-1.980000e-01 9.590471e-02
-1.970000e-01 9.805786e-02
-1.960000e-01 1.002977e-01
-1.950000e-01 1.026242e-01
-1.940000e-01 1.050370e-01
-1.930000e-01 1.075359e-01
-1.920000e-01 1.101206e-01
-1.910000e-01 1.127908e-01
-1.900000e-01 1.155460e-01
-1.890000e-01 1.183860e-01
-1.880000e-01 1.213101e-01
-1.870000e-01 1.243178e-01
-1.860000e-01 1.274087e-01
-1.850000e-01 1.305820e-01
-1.840000e-01 1.338371e-01
-1.830000e-01 1.371733e-01
-1.820000e-01 1.405899e-01
-1.810000e-01 1.440860e-01
-1.800000e-01 1.476609e-01
-1.790000e-01 1.513137e-01
-1.780000e-01 1.550434e-01
-1.770000e-01 1.588492e-01
-1.760000e-01 1.627299e-01
-1.750000e-01 1.666846e-01
-1.740000e-01 1.707123e-01
-1.730000e-01 1.748116e-01
-1.720000e-01 1.789816e-01
-1.710000e-01 1.832211e-01
-1.700000e-01 1.875287e-01
-1.690000e-01 1.919033e-01
-1.680000e-01 1.963436e-01
-1.670000e-01 2.008481e-01
-1.660000e-01 2.054156e-01
-1.650000e-01 2.100445e-01
-1.640000e-01 2.147336e-01
-1.630000e-01 2.194813e-01
-1.620000e-01 2.242861e-01
-1.610000e-01 2.291465e-01
-1.600000e-01 2.340610e-01
-1.590000e-01 2.390278e-01
-1.580000e-01 2.440455e-01
-1.570000e-01 2.491123e-01
-1.560000e-01 2.542266e-01
-1.550000e-01 2.593866e-01
-1.540000e-01 2.645908e-01
-1.530000e-01 2.698372e-01
-1.520000e-01 2.751242e-01
-1.510000e-01 2.804499e-01
-1.500000e-01 2.858126e-01
-1.490000e-01 2.912103e-01
-1.480000e-01 2.966412e-01
-1.470000e-01 3.021035e-01
-1.460000e-01 3.075952e-01
-1.450000e-01 3.131144e-01
-1.440000e-01 3.186593e-01
-1.430000e-01 3.242278e-01
-1.420000e-01 3.298180e-01
-1.410000e-01 3.354280e-01
-1.400000e-01 3.410557e-01
-1.390000e-01 3.466991e-01
-1.380000e-01 3.523563e-01
-1.370000e-01 3.580252e-01
-1.360000e-01 3.637038e-01
-1.350000e-01 3.693901e-01
-1.340000e-01 3.750820e-01
-1.330000e-01 3.807775e-01
-1.320000e-01 3.864745e-01
-1.310000e-01 3.921711e-01
-1.300000e-01 3.978650e-01
-1.290000e-01 4.035544e-01
-1.280000e-01 4.092370e-01
-1.270000e-01 4.149110e-01
-1.260000e-01 4.205741e-01
-1.250000e-01 4.262244e-01
-1.240000e-01 4.318598e-01
-1.230000e-01 4.374782e-01
-1.220000e-01 4.430776e-01
-1.210000e-01 4.486560e-01
-1.200000e-01 4.542114e-01
-1.190000e-01 4.597417e-01
-1.180000e-01 4.652449e-01
-1.170000e-01 4.707190e-01
-1.160000e-01 4.761620e-01
-1.150000e-01 4.815720e-01
-1.140000e-01 4.869470e-01
-1.130000e-01 4.922849e-01
-1.120000e-01 4.975839e-01
-1.110000e-01 5.028421e-01
-1.100000e-01 5.080575e-01
-1.090000e-01 5.132282e-01
-1.080000e-01 5.183525e-01
-1.070000e-01 5.234283e-01
-1.060000e-01 5.284539e-01
-1.050000e-01 5.334275e-01
-1.040000e-01 5.383472e-01
-1.030000e-01 5.432113e-01
-1.020000e-01 5.480180e-01
-1.010000e-01 5.527657e-01
-1.000000e-01 5.574525e-01
-9.900000e-02 5.620769e-01
-9.800000e-02 5.666371e-01
-9.700000e-02 5.711315e-01
-9.600000e-02 5.755586e-01
-9.500000e-02 5.799168e-01
-9.400000e-02 5.842044e-01
-9.300000e-02 5.884201e-01
-9.200000e-02 5.925623e-01
-9.100000e-02 5.966295e-01
-9.000000e-02 6.006204e-01
-8.900000e-02 6.045335e-01
-8.800000e-02 6.083674e-01
-8.700000e-02 6.121209e-01
-8.600000e-02 6.157927e-01
-8.500000e-02 6.193814e-01
-8.400000e-02 6.228859e-01
-8.300000e-02 6.263049e-01
-8.200000e-02 6.296373e-01
-8.100000e-02 6.328821e-01
-8.000000e-02 6.360380e-01
-7.900000e-02 6.391040e-01
-7.800000e-02 6.420792e-01
-7.700000e-02 6.449625e-01
-7.600000e-02 6.477530e-01
-7.500000e-02 6.504499e-01
-7.400000e-02 6.530521e-01
-7.300000e-02 6.555590e-01
-7.200000e-02 6.579698e-01
-7.100000e-02 6.602836e-01
-7.000000e-02 6.624998e-01
-6.900000e-02 6.646178e-01
-6.800000e-02 6.666368e-01
-6.700000e-02 6.685564e-01
-6.600000e-02 6.703759e-01
-6.500000e-02 6.720949e-01
-6.400000e-02 6.737128e-01
-6.300000e-02 6.752294e-01
-6.200000e-02 6.766441e-01
-6.100000e-02 6.779567e-01
-6.000000e-02 6.791668e-01
-5.900000e-02 6.802742e-01
-5.800000e-02 6.812787e-01
-5.700000e-02 6.821801e-01
-5.600000e-02 6.829782e-01
-5.500000e-02 6.836730e-01
-5.400000e-02 6.842644e-01
-5.300000e-02 6.847524e-01
-5.200000e-02 6.851371e-01
-5.100000e-02 6.854184e-01
-5.000000e-02 6.855965e-01
-4.900000e-02 6.856716e-01
-4.800000e-02 6.856438e-01
-4.700000e-02 6.855134e-01
-4.600000e-02 6.852807e-01
-4.500000e-02 6.849459e-01
-4.400000e-02 6.845095e-01
-4.300000e-02 6.839717e-01
-4.200000e-02 6.833331e-01
-4.100000e-02 6.825940e-01
-4.000000e-02 6.817551e-01
-3.900000e-02 6.808168e-01
-3.800000e-02 6.797798e-01
-3.700000e-02 6.786446e-01
-3.600000e-02 6.774119e-01
-3.500000e-02 6.760824e-01
-3.400000e-02 6.746569e-01
-3.300000e-02 6.731360e-01
-3.200000e-02 6.715207e-01
-3.100000e-02 6.698116e-01
-3.000000e-02 6.680098e-01
-2.900000e-02 6.661161e-01
-2.800000e-02 6.641314e-01
-2.700000e-02 6.620568e-01
-2.600000e-02 6.598932e-01
-2.500000e-02 6.576416e-01
-2.400000e-02 6.553032e-01
-2.300000e-02 6.528790e-01
-2.200000e-02 6.503701e-01
-2.100000e-02 6.477778e-01
-2.000000e-02 6.451031e-01
-1.900000e-02 6.423474e-01
-1.800000e-02 6.395118e-01
-1.700000e-02 6.365976e-01
-1.600000e-02 6.336062e-01
-1.500000e-02 6.305388e-01
-1.400000e-02 6.273968e-01
-1.300000e-02 6.241816e-01
-1.200000e-02 6.208945e-01
-1.100000e-02 6.175370e-01
-1.000000e-02 6.141105e-01
-9.000000e-03 6.106165e-01
-8.000000e-03 6.070564e-01
-7.000000e-03 6.034319e-01
-6.000000e-03 5.997443e-01
-5.000000e-03 5.959952e-01
-4.000000e-03 5.921863e-01
-3.000000e-03 5.883190e-01
-2.000000e-03 5.843950e-01
-1.000000e-03 5.804159e-01
8.812395e-16 5.763833e-01
1.000000e-03 5.722988e-01
2.000000e-03 5.681641e-01
3.000000e-03 5.639808e-01
4.000000e-03 5.597507e-01
5.000000e-03 5.554754e-01
6.000000e-03 5.511566e-01
7.000000e-03 5.467960e-01
8.000000e-03 5.423953e-01
9.000000e-03 5.379563e-01
1.000000e-02 5.334807e-01
1.100000e-02 5.289702e-01
1.200000e-02 5.244265e-01
1.300000e-02 5.198514e-01
1.400000e-02 5.152467e-01
1.500000e-02 5.106140e-01
1.600000e-02 5.059552e-01
1.700000e-02 5.012719e-01
1.800000e-02 4.965661e-01
1.900000e-02 4.918393e-01
2.000000e-02 4.870933e-01
2.100000e-02 4.823300e-01
2.200000e-02 4.775509e-01
2.300000e-02 4.727580e-01
2.400000e-02 4.679528e-01
2.500000e-02 4.631373e-01
2.600000e-02 4.583129e-01
2.700000e-02 4.534816e-01
2.800000e-02 4.486449e-01
2.900000e-02 4.438047e-01
3.000000e-02 4.389625e-01
3.100000e-02 4.341201e-01
3.200000e-02 4.292791e-01
3.300000e-02 4.244412e-01
3.400000e-02 4.196081e-01
3.500000e-02 4.147813e-01
3.600000e-02 4.099625e-01
3.700000e-02 4.051533e-01
3.800000e-02 4.003553e-01
3.900000e-02 3.955700e-01
4.000000e-02 3.907991e-01
4.100000e-02 3.860440e-01
4.200000e-02 3.813063e-01
4.300000e-02 3.765874e-01
4.400000e-02 3.718889e-01
4.500000e-02 3.672123e-01
4.600000e-02 3.625588e-01
4.700000e-02 3.579301e-01
4.800000e-02 3.533275e-01
4.900000e-02 3.487523e-01
5.000000e-02 3.442059e-01
5.100000e-02 3.396896e-01
5.200000e-02 3.352048e-01
5.300000e-02 3.307528e-01
5.400000e-02 3.263347e-01
5.500000e-02 3.219518e-01
5.600000e-02 3.176053e-01
5.700000e-02 3.132965e-01
5.800000e-02 3.090264e-01
5.900000e-02 3.047961e-01
6.000000e-02 3.006068e-01
6.100000e-02 2.964595e-01
6.200000e-02 2.923553e-01
6.300000e-02 2.882952e-01
6.400000e-02 2.842801e-01
6.500000e-02 2.803110e-01
6.600000e-02 2.763889e-01
6.700000e-02 2.725145e-01
6.800000e-02 2.686888e-01
6.900000e-02 2.649125e-01
7.000000e-02 2.611866e-01
7.100000e-02 2.575117e-01
7.200000e-02 2.538885e-01
7.300000e-02 2.503178e-01
7.400000e-02 2.468002e-01
7.500000e-02 2.433364e-01
7.600000e-02 2.399269e-01
7.700000e-02 2.365724e-01
7.800000e-02 2.332733e-01
7.900000e-02 2.300302e-01
8.000000e-02 2.268434e-01
8.100000e-02 2.237135e-01
8.200000e-02 2.206409e-01
8.300000e-02 2.176259e-01
8.400000e-02 2.146688e-01
8.500000e-02 2.117699e-01
8.600000e-02 2.089296e-01
8.700000e-02 2.061479e-01
8.800000e-02 2.034252e-01
8.900000e-02 2.007616e-01
9.000000e-02 1.981572e-01
9.100000e-02 1.956121e-01
9.200000e-02 1.931263e-01
9.300000e-02 1.907000e-01
9.400000e-02 1.883330e-01
9.500000e-02 1.860254e-01
9.600000e-02 1.837770e-01
9.700000e-02 1.815879e-01
9.800000e-02 1.794578e-01
9.900000e-02 1.773865e-01
1.000000e-01 1.753739e-01
1.010000e-01 1.734197e-01
1.020000e-01 1.715237e-01
1.030000e-01 1.696856e-01
1.040000e-01 1.679050e-01
1.050000e-01 1.661816e-01
1.060000e-01 1.645151e-01
1.070000e-01 1.629048e-01
1.080000e-01 1.613506e-01
1.090000e-01 1.598518e-01
1.100000e-01 1.584079e-01
1.110000e-01 1.570185e-01
1.120000e-01 1.556829e-01
1.130000e-01 1.544006e-01
1.140000e-01 1.531710e-01
1.150000e-01 1.519933e-01
1.160000e-01 1.508670e-01
1.170000e-01 1.497914e-01
1.180000e-01 1.487656e-01
1.190000e-01 1.477891e-01
1.200000e-01 1.468610e-01
1.210000e-01 1.459805e-01
1.220000e-01 1.451468e-01
1.230000e-01 1.443591e-01
1.240000e-01 1.436165e-01
1.250000e-01 1.429181e-01
1.260000e-01 1.422631e-01
1.270000e-01 1.416504e-01
1.280000e-01 1.410792e-01
1.290000e-01 1.405486e-01
1.300000e-01 1.400575e-01
1.310000e-01 1.396049e-01
1.320000e-01 1.391898e-01
1.330000e-01 1.388112e-01
1.340000e-01 1.384681e-01
1.350000e-01 1.381593e-01
1.360000e-01 1.378839e-01
1.370000e-01 1.376408e-01
1.380000e-01 1.374287e-01
1.390000e-01 1.372467e-01
1.400000e-01 1.370936e-01
1.410000e-01 1.369682e-01
1.420000e-01 1.368695e-01
1.430000e-01 1.367963e-01
1.440000e-01 1.367473e-01
1.450000e-01 1.367216e-01
1.460000e-01 1.367178e-01
1.470000e-01 1.367348e-01
1.480000e-01 1.367714e-01
1.490000e-01 1.368264e-01
1.500000e-01 1.368986e-01
1.510000e-01 1.369869e-01
1.520000e-01 1.370900e-01
1.530000e-01 1.372067e-01
1.540000e-01 1.373358e-01
1.550000e-01 1.374762e-01
1.560000e-01 1.376266e-01
1.570000e-01 1.377858e-01
1.580000e-01 1.379526e-01
1.590000e-01 1.381259e-01
1.600000e-01 1.383044e-01
1.610000e-01 1.384869e-01
1.620000e-01 1.386723e-01
1.630000e-01 1.388594e-01
1.640000e-01 1.390470e-01
1.650000e-01 1.392340e-01
1.660000e-01 1.394192e-01
1.670000e-01 1.396015e-01
1.680000e-01 1.397797e-01
1.690000e-01 1.399527e-01
1.700000e-01 1.401194e-01
1.710000e-01 1.402787e-01
1.720000e-01 1.404295e-01
1.730000e-01 1.405707e-01
1.740000e-01 1.407013e-01
1.750000e-01 1.408203e-01
1.760000e-01 1.409265e-01
1.770000e-01 1.410190e-01
1.780000e-01 1.410968e-01
1.790000e-01 1.411588e-01
1.800000e-01 1.412043e-01
1.810000e-01 1.412321e-01
1.820000e-01 1.412413e-01
1.830000e-01 1.412311e-01
1.840000e-01 1.412006e-01
1.850000e-01 1.411489e-01
1.860000e-01 1.410751e-01
1.870000e-01 1.409785e-01
1.880000e-01 1.408582e-01
1.890000e-01 1.407135e-01
1.900000e-01 1.405435e-01
1.910000e-01 1.403477e-01
1.920000e-01 1.401252e-01
1.930000e-01 1.398754e-01
1.940000e-01 1.395976e-01
1.950000e-01 1.392913e-01
1.960000e-01 1.389557e-01
1.970000e-01 1.385904e-01
1.980000e-01 1.381947e-01
1.990000e-01 1.377682e-01
2.000000e-01 1.373104e-01
2.010000e-01 1.368207e-01
2.020000e-01 1.362988e-01
2.030000e-01 1.357443e-01
2.040000e-01 1.351567e-01
2.050000e-01 1.345358e-01
2.060000e-01 1.338811e-01
2.070000e-01 1.331925e-01
2.080000e-01 1.324696e-01
2.090000e-01 1.317123e-01
2.100000e-01 1.309202e-01
2.110000e-01 1.300933e-01
2.120000e-01 1.292314e-01
2.130000e-01 1.283344e-01
2.140000e-01 1.274022e-01
2.150000e-01 1.264348e-01
2.160000e-01 1.254322e-01
2.170000e-01 1.243944e-01
2.180000e-01 1.233213e-01
2.190000e-01 1.222132e-01
2.200000e-01 1.210701e-01
2.210000e-01 1.198922e-01
2.220000e-01 1.186795e-01
2.230000e-01 1.174324e-01
2.240000e-01 1.161511e-01
2.250000e-01 1.148358e-01
2.260000e-01 1.134868e-01
2.270000e-01 1.121045e-01
2.280000e-01 1.106892e-01
2.290000e-01 1.092413e-01
2.300000e-01 1.077611e-01
2.310000e-01 1.062493e-01
2.320000e-01 1.047061e-01
2.330000e-01 1.031322e-01
2.340000e-01 1.015281e-01
2.350000e-01 9.989432e-02
2.360000e-01 9.823144e-02
2.370000e-01 9.654010e-02
2.380000e-01 9.482095e-02
2.390000e-01 9.307465e-02
2.400000e-01 9.130192e-02
2.410000e-01 8.950347e-02
2.420000e-01 8.768006e-02
2.430000e-01 8.583246e-02
2.440000e-01 8.396148e-02
2.450000e-01 8.206795e-02
2.460000e-01 8.015271e-02
2.470000e-01 7.821663e-02
2.480000e-01 7.626063e-02
2.490000e-01 7.428561e-02
2.500000e-01 7.229252e-02
2.510000e-01 7.028232e-02
2.520000e-01 6.825599e-02
2.530000e-01 6.621453e-02
2.540000e-01 6.415897e-02
2.550000e-01 6.209035e-02
2.560000e-01 6.000972e-02
2.570000e-01 5.791816e-02
2.580000e-01 5.581676e-02
2.590000e-01 5.370663e-02
2.600000e-01 5.158889e-02
2.610000e-01 4.946468e-02
2.620000e-01 4.733514e-02
2.630000e-01 4.520145e-02
2.640000e-01 4.306476e-02
2.650000e-01 4.092628e-02
2.660000e-01 3.878719e-02
2.670000e-01 3.664869e-02
2.680000e-01 3.451202e-02
2.690000e-01 3.237838e-02
2.700000e-01 3.024900e-02
2.710000e-01 2.812511e-02
2.720000e-01 2.600797e-02
2.730000e-01 2.389881e-02
2.740000e-01 2.179887e-02
2.750000e-01 1.970941e-02
2.760000e-01 1.763168e-02
2.770000e-01 1.556694e-02
2.780000e-01 1.351642e-02
2.790000e-01 1.148139e-02
2.800000e-01 9.463087e-03
2.810000e-01 7.462762e-03
2.820000e-01 5.481656e-03
2.830000e-01 3.521004e-03
2.840000e-01 1.582038e-03
2.850000e-01 -3.340193e-04
2.860000e-01 -2.225951e-03
2.870000e-01 -4.092550e-03
2.880000e-01 -5.932618e-03
2.890000e-01 -7.744967e-03
2.900000e-01 -9.528422e-03
2.910000e-01 -1.128182e-02
2.920000e-01 -1.300401e-02
2.930000e-01 -1.469386e-02
2.940000e-01 -1.635024e-02
2.950000e-01 -1.797205e-02
2.960000e-01 -1.955821e-02
2.970000e-01 -2.110764e-02
2.980000e-01 -2.261929e-02
2.990000e-01 -2.409214e-02
3.000000e-01 -2.552517e-02
3.010000e-01 -2.691740e-02
3.020000e-01 -2.826785e-02
3.030000e-01 -2.957560e-02
3.040000e-01 -3.083971e-02
3.050000e-01 -3.205929e-02
3.060000e-01 -3.323349e-02
3.070000e-01 -3.436145e-02
3.080000e-01 -3.544236e-02
3.090000e-01 -3.647545e-02
3.100000e-01 -3.745995e-02
3.110000e-01 -3.839514e-02
3.120000e-01 -3.928032e-02
3.130000e-01 -4.011483e-02
3.140000e-01 -4.089805e-02
3.150000e-01 -4.162936e-02
3.160000e-01 -4.230822e-02
3.170000e-01 -4.293408e-02
3.180000e-01 -4.350645e-02
3.190000e-01 -4.402488e-02
3.200000e-01 -4.448893e-02
3.210000e-01 -4.489823e-02
3.220000e-01 -4.525242e-02
3.230000e-01 -4.555120e-02
3.240000e-01 -4.579428e-02
3.250000e-01 -4.598144e-02
3.260000e-01 -4.611249e-02
3.270000e-01 -4.618727e-02
3.280000e-01 -4.620566e-02
3.290000e-01 -4.616760e-02
3.300000e-01 -4.607305e-02
3.310000e-01 -4.592203e-02
3.320000e-01 -4.571459e-02
3.330000e-01 -4.545082e-02
3.340000e-01 -4.513087e-02
3.350000e-01 -4.475491e-02
3.360000e-01 -4.432316e-02
3.370000e-01 -4.383591e-02
3.380000e-01 -4.329346e-02
3.390000e-01 -4.269616e-02
3.400000e-01 -4.204441e-02
3.410000e-01 -4.133866e-02
3.420000e-01 -4.057941e-02
3.430000e-01 -3.976717e-02
3.440000e-01 -3.890252e-02
3.450000e-01 -3.798610e-02
3.460000e-01 -3.701856e-02
3.470000e-01 -3.600060e-02
3.480000e-01 -3.493300e-02
3.490000e-01 -3.381653e-02
3.500000e-01 -3.265205e-02
3.510000e-01 -3.144044e-02
3.520000e-01 -3.018263e-02
3.530000e-01 -2.887958e-02
3.540000e-01 -2.753231e-02
3.550000e-01 -2.614187e-02
3.560000e-01 -2.470938e-02
3.570000e-01 -2.323595e-02
3.580000e-01 -2.172278e-02
3.590000e-01 -2.017109e-02
3.600000e-01 -1.858213e-02
3.610000e-01 -1.695722e-02
3.620000e-01 -1.529769e-02
3.630000e-01 -1.360491e-02
3.640000e-01 -1.188032e-02
3.650000e-01 -1.012536e-02
3.660000e-01 -8.341517e-03
3.670000e-01 -6.530327e-03
3.680000e-01 -4.693350e-03
3.690000e-01 -2.832181e-03
3.700000e-01 -9.484508e-04
3.710000e-01 9.561790e-04
3.720000e-01 2.880014e-03
3.730000e-01 4.821330e-03
3.740000e-01 6.778372e-03
3.750000e-01 8.749356e-03
3.760000e-01 1.073247e-02
3.770000e-01 1.272588e-02
3.780000e-01 1.472772e-02
3.790000e-01 1.673610e-02
3.800000e-01 1.874911e-02
3.810000e-01 2.076482e-02
3.820000e-01 2.278127e-02
3.830000e-01 2.479649e-02
3.840000e-01 2.680848e-02
3.850000e-01 2.881523e-02
3.860000e-01 3.081473e-02
3.870000e-01 3.280492e-02
3.880000e-01 3.478375e-02
3.890000e-01 3.674916e-02
3.900000e-01 3.869908e-02
3.910000e-01 4.063141e-02
3.920000e-01 4.254406e-02
3.930000e-01 4.443494e-02
3.940000e-01 4.630194e-02
3.950000e-01 4.814296e-02
3.960000e-01 4.995590e-02
3.970000e-01 5.173863e-02
3.980000e-01 5.348906e-02
3.990000e-01 5.520509e-02
4.000000e-01 5.688462e-02
4.010000e-01 5.852556e-02
4.020000e-01 6.012583e-02
4.030000e-01 6.168336e-02
4.040000e-01 6.319608e-02
4.050000e-01 6.466196e-02
4.060000e-01 6.607896e-02
4.070000e-01 6.744506e-02
4.080000e-01 6.875828e-02
4.090000e-01 7.001664e-02
4.100000e-01 7.121819e-02
4.110000e-01 7.236099e-02
4.120000e-01 7.344315e-02
4.130000e-01 7.446279e-02
4.140000e-01 7.541806e-02
4.150000e-01 7.630716e-02
4.160000e-01 7.712829e-02
4.170000e-01 7.787971e-02
4.180000e-01 7.855972e-02
4.190000e-01 7.916663e-02
4.200000e-01 7.969883e-02
4.210000e-01 8.015471e-02
4.220000e-01 8.053274e-02
4.230000e-01 8.083140e-02
4.240000e-01 8.104926e-02
4.250000e-01 8.118489e-02
4.260000e-01 8.123696e-02
4.270000e-01 8.120415e-02
4.280000e-01 8.108522e-02
4.290000e-01 8.087898e-02
4.300000e-01 8.058430e-02
4.310000e-01 8.020010e-02
4.320000e-01 7.972536e-02
4.330000e-01 7.915913e-02
4.340000e-01 7.850053e-02
4.350000e-01 7.774874e-02
4.360000e-01 7.690300e-02
4.370000e-01 7.596262e-02
4.380000e-01 7.492699e-02
4.390000e-01 7.379557e-02
4.400000e-01 7.256788e-02
4.410000e-01 7.124353e-02
4.420000e-01 6.982221e-02
4.430000e-01 6.830365e-02
4.440000e-01 6.668771e-02
4.450000e-01 6.497430e-02
4.460000e-01 6.316341e-02
4.470000e-01 6.125513e-02
4.480000e-01 5.924962e-02
4.490000e-01 5.714712e-02
4.500000e-01 5.494797e-02
4.510000e-01 5.265258e-02
4.520000e-01 5.026148e-02
4.530000e-01 4.777524e-02
4.540000e-01 4.519456e-02
4.550000e-01 4.252022e-02
4.560000e-01 3.975307e-02
4.570000e-01 3.689409e-02
4.580000e-01 3.394431e-02
4.590000e-01 3.090488e-02
4.600000e-01 2.777705e-02
4.610000e-01 2.456214e-02
4.620000e-01 2.126157e-02
4.630000e-01 1.787687e-02
4.640000e-01 1.440966e-02
4.650000e-01 1.086163e-02
4.660000e-01 7.234612e-03
4.670000e-01 3.530492e-03
4.680000e-01 -2.487293e-04
4.690000e-01 -4.100959e-03
4.700000e-01 -8.024010e-03
4.710000e-01 -1.201560e-02
4.720000e-01 -1.607335e-02
4.730000e-01 -2.019478e-02
4.740000e-01 -2.437734e-02
4.750000e-01 -2.861835e-02
4.760000e-01 -3.291508e-02
4.770000e-01 -3.726466e-02
4.780000e-01 -4.166417e-02
4.790000e-01 -4.611057e-02
4.800000e-01 -5.060076e-02
4.810000e-01 -5.513151e-02
4.820000e-01 -5.969954e-02
4.830000e-01 -6.430147e-02
4.840000e-01 -6.893383e-02
4.850000e-01 -7.359306e-02
4.860000e-01 -7.827553e-02
4.870000e-01 -8.297753e-02
4.880000e-01 -8.769527e-02
4.890000e-01 -9.242486e-02
4.900000e-01 -9.716236e-02
4.910000e-01 -1.019037e-01
4.920000e-01 -1.066449e-01
4.930000e-01 -1.113817e-01
4.940000e-01 -1.161099e-01
4.950000e-01 -1.208252e-01
4.960000e-01 -1.255232e-01
4.970000e-01 -1.301994e-01
4.980000e-01 -1.348495e-01
4.990000e-01 -1.394689e-01
5.000000e-01 -1.440529e-01
5.010000e-01 -1.485969e-01
5.020000e-01 -1.530962e-01
5.030000e-01 -1.575461e-01
5.040000e-01 -1.619419e-01
5.050000e-01 -1.662785e-01
5.060000e-01 -1.705513e-01
5.070000e-01 -1.747553e-01
5.080000e-01 -1.788856e-01
5.090000e-01 -1.829372e-01
5.100000e-01 -1.869052e-01
5.110000e-01 -1.907846e-01
5.120000e-01 -1.945703e-01
5.130000e-01 -1.982574e-01
5.140000e-01 -2.018408e-01
5.150000e-01 -2.053155e-01
5.160000e-01 -2.086764e-01
5.170000e-01 -2.119186e-01
5.180000e-01 -2.150370e-01
5.190000e-01 -2.180266e-01
5.200000e-01 -2.208824e-01
5.210000e-01 -2.235994e-01
5.220000e-01 -2.261728e-01
5.230000e-01 -2.285975e-01
5.240000e-01 -2.308688e-01
5.250000e-01 -2.329817e-01
5.260000e-01 -2.349315e-01
5.270000e-01 -2.367134e-01
5.280000e-01 -2.383228e-01
5.290000e-01 -2.397549e-01
5.300000e-01 -2.410053e-01
5.310000e-01 -2.420694e-01
5.320000e-01 -2.429427e-01
5.330000e-01 -2.436210e-01
5.340000e-01 -2.440999e-01
5.350000e-01 -2.443753e-01
5.360000e-01 -2.444431e-01
5.370000e-01 -2.442993e-01
5.380000e-01 -2.439399e-01
5.390000e-01 -2.433613e-01
5.400000e-01 -2.425598e-01
5.410000e-01 -2.415318e-01
5.420000e-01 -2.402738e-01
5.430000e-01 -2.387827e-01
5.440000e-01 -2.370552e-01
5.450000e-01 -2.350883e-01
5.460000e-01 -2.328793e-01
5.470000e-01 -2.304252e-01
5.480000e-01 -2.277237e-01
5.490000e-01 -2.247723e-01
5.500000e-01 -2.215688e-01
5.510000e-01 -2.181110e-01
5.520000e-01 -2.143972e-01
5.530000e-01 -2.104257e-01
5.540000e-01 -2.061949e-01
5.550000e-01 -2.017035e-01
5.560000e-01 -1.969505e-01
5.570000e-01 -1.919348e-01
5.580000e-01 -1.866559e-01
5.590000e-01 -1.811132e-01
5.600000e-01 -1.753064e-01
5.610000e-01 -1.692356e-01
5.620000e-01 -1.629009e-01
5.630000e-01 -1.563027e-01
5.640000e-01 -1.494416e-01
5.650000e-01 -1.423187e-01
5.660000e-01 -1.349350e-01
5.670000e-01 -1.272919e-01
5.680000e-01 -1.193910e-01
5.690000e-01 -1.112344e-01
5.700000e-01 -1.028242e-01
5.710000e-01 -9.416275e-02
5.720000e-01 -8.525287e-02
5.730000e-01 -7.609751e-02
5.740000e-01 -6.669996e-02
5.750000e-01 -5.706378e-02
5.760000e-01 -4.719279e-02
5.770000e-01 -3.709114e-02
5.780000e-01 -2.676325e-02
5.790000e-01 -1.621382e-02
5.800000e-01 -5.447883e-03
5.810000e-01 5.529258e-03
5.820000e-01 1.671198e-02
5.830000e-01 2.809438e-02
5.840000e-01 3.967021e-02
5.850000e-01 5.143294e-02
5.860000e-01 6.337574e-02
5.870000e-01 7.549145e-02
5.880000e-01 8.777261e-02
5.890000e-01 1.002114e-01
5.900000e-01 1.127998e-01
5.910000e-01 1.255294e-01
5.920000e-01 1.383914e-01
5.930000e-01 1.513769e-01
5.940000e-01 1.644764e-01
5.950000e-01 1.776804e-01
5.960000e-01 1.909788e-01
5.970000e-01 2.043614e-01
5.980000e-01 2.178175e-01
5.990000e-01 2.313364e-01
6.000000e-01 2.449068e-01
6.010000e-01 2.585171e-01
6.020000e-01 2.721557e-01
6.030000e-01 2.858103e-01
6.040000e-01 2.994686e-01
6.050000e-01 3.131180e-01
6.060000e-01 3.267453e-01
6.070000e-01 3.403375e-01
6.080000e-01 3.538809e-01
6.090000e-01 3.673617e-01
6.100000e-01 3.807659e-01
6.110000e-01 3.940791e-01
6.120000e-01 4.072868e-01
6.130000e-01 4.203740e-01
6.140000e-01 4.333258e-01
6.150000e-01 4.461267e-01
6.160000e-01 4.587612e-01
6.170000e-01 4.712136e-01
6.180000e-01 4.834679e-01
6.190000e-01 4.955078e-01
6.200000e-01 5.073171e-01
6.210000e-01 5.188790e-01
6.220000e-01 5.301769e-01
6.230000e-01 5.411938e-01
6.240000e-01 5.519126e-01
6.250000e-01 5.623162e-01
6.260000e-01 5.723872e-01
6.270000e-01 5.821081e-01
6.280000e-01 5.914613e-01
6.290000e-01 6.004291e-01
6.300000e-01 6.089937e-01
6.310000e-01 6.171374e-01
6.320000e-01 6.248421e-01
6.330000e-01 6.320900e-01
6.340000e-01 6.388631e-01
6.350000e-01 6.451434e-01
6.360000e-01 6.509128e-01
6.370000e-01 6.561535e-01
6.380000e-01 6.608474e-01
6.390000e-01 6.649768e-01
6.400000e-01 6.685237e-01
6.410000e-01 6.714704e-01
6.420000e-01 6.737993e-01
6.430000e-01 6.754928e-01
6.440000e-01 6.765336e-01
6.450000e-01 6.769045e-01
6.460000e-01 6.765884e-01
6.470000e-01 6.755685e-01
6.480000e-01 6.738280e-01
6.490000e-01 6.713508e-01
6.500000e-01 6.681205e-01
6.510000e-01 6.641213e-01
6.520000e-01 6.593378e-01
6.530000e-01 6.537546e-01
6.540000e-01 6.473569e-01
6.550000e-01 6.401301e-01
6.560000e-01 6.320602e-01
6.570000e-01 6.231334e-01
6.580000e-01 6.133365e-01
6.590000e-01 6.026566e-01
6.600000e-01 5.910815e-01
6.610000e-01 5.785993e-01
6.620000e-01 5.651987e-01
6.630000e-01 5.508691e-01
6.640000e-01 5.356004e-01
6.650000e-01 5.193829e-01
6.660000e-01 5.022079e-01
6.670000e-01 4.840672e-01
6.680000e-01 4.649532e-01
6.690000e-01 4.448591e-01
6.700000e-01 4.237789e-01
6.710000e-01 4.017073e-01
6.720000e-01 3.786398e-01
6.730000e-01 3.545728e-01
6.740000e-01 3.295034e-01
6.750000e-01 3.034297e-01
6.760000e-01 2.763507e-01
6.770000e-01 2.482663e-01
6.780000e-01 2.191774e-01
6.790000e-01 1.890857e-01
6.800000e-01 1.579942e-01
6.810000e-01 1.259068e-01
6.820000e-01 9.282851e-02
6.830000e-01 5.876531e-02
6.840000e-01 2.372443e-02
6.850000e-01 -1.228578e-02
6.860000e-01 -4.925581e-02
6.870000e-01 -8.717492e-02
6.880000e-01 -1.260312e-01
6.890000e-01 -1.658114e-01
6.900000e-01 -2.065011e-01
6.910000e-01 -2.480845e-01
6.920000e-01 -2.905444e-01
6.930000e-01 -3.338625e-01
6.940000e-01 -3.780188e-01
6.950000e-01 -4.229922e-01
6.960000e-01 -4.687600e-01
6.970000e-01 -5.152980e-01
6.980000e-01 -5.625807e-01
6.990000e-01 -6.105810e-01
7.000000e-01 -6.592703e-01
7.010000e-01 -7.086186e-01
7.020000e-01 -7.585942e-01
7.030000e-01 -8.091638e-01
7.040000e-01 -8.602927e-01
7.050000e-01 -9.119445e-01
7.060000e-01 -9.640810e-01
7.070000e-01 -1.016663e+00
7.080000e-01 -1.069648e+00
7.090000e-01 -1.122995e+00
7.100000e-01 -1.176657e+00
7.110000e-01 -1.230590e+00
7.120000e-01 -1.284744e+00
7.130000e-01 -1.339071e+00
7.140000e-01 -1.393518e+00
7.150000e-01 -1.448033e+00
7.160000e-01 -1.502560e+00
7.170000e-01 -1.557043e+00
7.180000e-01 -1.611425e+00
7.190000e-01 -1.665644e+00
7.200000e-01 -1.719638e+00
7.210000e-01 -1.773346e+00
7.220000e-01 -1.826700e+00
7.230000e-01 -1.879634e+00
7.240000e-01 -1.932080e+00
7.250000e-01 -1.983968e+00
7.260000e-01 -2.035224e+00
7.270000e-01 -2.085776e+00
7.280000e-01 -2.135548e+00
7.290000e-01 -2.184463e+00
7.300000e-01 -2.232442e+00
7.310000e-01 -2.279405e+00
7.320000e-01 -2.325271e+00
7.330000e-01 -2.369956e+00
7.340000e-01 -2.413375e+00
7.350000e-01 -2.455441e+00
7.360000e-01 -2.496068e+00
7.370000e-01 -2.535165e+00
7.380000e-01 -2.572641e+00
7.390000e-01 -2.608406e+00
7.400000e-01 -2.642365e+00
7.410000e-01 -2.674424e+00
7.420000e-01 -2.704487e+00
7.430000e-01 -2.732457e+00
7.440000e-01 -2.758237e+00
7.450000e-01 -2.781726e+00
7.460000e-01 -2.802826e+00
7.470000e-01 -2.821434e+00
7.480000e-01 -2.837449e+00
7.490000e-01 -2.850769e+00
7.500000e-01 -2.861289e+00
7.510000e-01 -2.868907e+00
7.520000e-01 -2.873516e+00
7.530000e-01 -2.875013e+00
7.540000e-01 -2.873292e+00
7.550000e-01 -2.868246e+00
7.560000e-01 -2.859771e+00
7.570000e-01 -2.847759e+00
7.580000e-01 -2.832105e+00
7.590000e-01 -2.812703e+00
7.600000e-01 -2.789447e+00
7.610000e-01 -2.762231e+00
7.620000e-01 -2.730951e+00
7.630000e-01 -2.695502e+00
7.640000e-01 -2.655779e+00
7.650000e-01 -2.611681e+00
7.660000e-01 -2.563104e+00
7.670000e-01 -2.509948e+00
7.680000e-01 -2.452113e+00
7.690000e-01 -2.389500e+00
7.700000e-01 -2.322012e+00
7.710000e-01 -2.249555e+00
7.720000e-01 -2.172034e+00
7.730000e-01 -2.089358e+00
7.740000e-01 -2.001437e+00
7.750000e-01 -1.908185e+00
7.760000e-01 -1.809516e+00
7.770000e-01 -1.705349e+00
7.780000e-01 -1.595605e+00
7.790000e-01 -1.480206e+00
7.800000e-01 -1.359081e+00
7.810000e-01 -1.232160e+00
7.820000e-01 -1.099377e+00
7.830000e-01 -9.606694e-01
7.840000e-01 -8.159798e-01
7.850000e-01 -6.652541e-01
7.860000e-01 -5.084430e-01
7.870000e-01 -3.455017e-01
7.880000e-01 -1.763906e-01
7.890000e-01 -1.074893e-03
7.900000e-01 1.804747e-01
7.910000e-01 3.682818e-01
7.920000e-01 5.623642e-01
7.930000e-01 7.627338e-01
7.940000e-01 9.693959e-01
7.950000e-01 1.182349e+00
7.960000e-01 1.401586e+00
7.970000e-01 1.627090e+00
7.980000e-01 1.858840e+00
7.990000e-01 2.096805e+00
8.000000e-01 2.340948e+00
8.010000e-01 2.591220e+00
8.020000e-01 2.847569e+00
8.030000e-01 3.109929e+00
8.040000e-01 3.378229e+00
8.050000e-01 3.652386e+00
8.060000e-01 3.932309e+00
8.070000e-01 4.217896e+00
8.080000e-01 4.509035e+00
8.090000e-01 4.805604e+00
8.100000e-01 5.107469e+00
8.110000e-01 5.414487e+00
8.120000e-01 5.726501e+00
8.130000e-01 6.043344e+00
8.140000e-01 6.364837e+00
8.150000e-01 6.690787e+00
8.160000e-01 7.020990e+00
8.170000e-01 7.355228e+00
8.180000e-01 7.693271e+00
8.190000e-01 8.034873e+00
8.200000e-01 8.379778e+00
8.210000e-01 8.727712e+00
8.220000e-01 9.078388e+00
8.230000e-01 9.431504e+00
8.240000e-01 9.786744e+00
8.250000e-01 1.014377e+01
8.260000e-01 1.050225e+01
8.270000e-01 1.086180e+01
8.280000e-01 1.122205e+01
8.290000e-01 1.158260e+01
8.300000e-01 1.194304e+01
8.310000e-01 1.230294e+01
8.320000e-01 1.266184e+01
8.330000e-01 1.301928e+01
8.340000e-01 1.337478e+01
8.350000e-01 1.372784e+01
8.360000e-01 1.407793e+01
8.370000e-01 1.442451e+01
8.380000e-01 1.476703e+01
8.390000e-01 1.510491e+01
8.400000e-01 1.543755e+01
8.410000e-01 1.576434e+01
8.420000e-01 1.608463e+01
8.430000e-01 1.639777e+01
8.440000e-01 1.670310e+01
8.450000e-01 1.699990e+01
8.460000e-01 1.728746e+01
8.470000e-01 1.756505e+01
8.480000e-01 1.783191e+01
8.490000e-01 1.808725e+01
8.500000e-01 1.833029e+01
8.510000e-01 1.856019e+01
8.520000e-01 1.877613e+01
8.530000e-01 1.897723e+01
8.540000e-01 1.916261e+01
8.550000e-01 1.933138e+01
8.560000e-01 1.948260e+01
8.570000e-01 1.961534e+01
8.580000e-01 1.972862e+01
8.590000e-01 1.982146e+01
8.600000e-01 1.989287e+01
8.610000e-01 1.994180e+01
8.620000e-01 1.996722e+01
8.630000e-01 1.996806e+01
8.640000e-01 1.994324e+01
8.650000e-01 1.989165e+01
8.660000e-01 1.981218e+01
8.670000e-01 1.970369e+01
8.680000e-01 1.956501e+01
8.690000e-01 1.939498e+01
8.700000e-01 1.919241e+01
8.710000e-01 1.895608e+01
8.720000e-01 1.868479e+01
8.730000e-01 1.837729e+01
8.740000e-01 1.803233e+01
8.750000e-01 1.764866e+01
8.760000e-01 1.722499e+01
8.770000e-01 1.676005e+01
8.780000e-01 1.625253e+01
8.790000e-01 1.570113e+01
8.800000e-01 1.510454e+01
8.810000e-01 1.446144e+01
8.820000e-01 1.377051e+01
8.830000e-01 1.303040e+01
8.840000e-01 1.223979e+01
8.850000e-01 1.139735e+01
8.860000e-01 1.050174e+01
8.870000e-01 9.551622e+00
8.880000e-01 8.545672e+00
8.890000e-01 7.482564e+00
8.900000e-01 6.360979e+00
8.910000e-01 5.179610e+00
8.920000e-01 3.937157e+00
8.930000e-01 2.632338e+00
8.940000e-01 1.263881e+00
8.950000e-01 -1.694631e-01
8.960000e-01 -1.668926e+00
8.970000e-01 -3.235717e+00
8.980000e-01 -4.871016e+00
8.990000e-01 -6.575979e+00
9.000000e-01 -8.351728e+00
9.010000e-01 -1.019935e+01
9.020000e-01 -1.211990e+01
9.030000e-01 -1.411438e+01
9.040000e-01 -1.618376e+01
9.050000e-01 -1.832895e+01
9.060000e-01 -2.055082e+01
9.070000e-01 -2.285017e+01
9.080000e-01 -2.522777e+01
9.090000e-01 -2.768428e+01
9.100000e-01 -3.022032e+01
9.110000e-01 -3.283644e+01
9.120000e-01 -3.553311e+01
9.130000e-01 -3.831069e+01
9.140000e-01 -4.116949e+01
9.150000e-01 -4.410970e+01
9.160000e-01 -4.713142e+01
9.170000e-01 -5.023465e+01
9.180000e-01 -5.341928e+01
9.190000e-01 -5.668507e+01
9.200000e-01 -6.003167e+01
9.210000e-01 -6.345860e+01
9.220000e-01 -6.696522e+01
9.230000e-01 -7.055079e+01
9.240000e-01 -7.421437e+01
9.250000e-01 -7.795491e+01
9.260000e-01 -8.177115e+01
9.270000e-01 -8.566169e+01
9.280000e-01 -8.962493e+01
9.290000e-01 -9.365908e+01
9.300000e-01 -9.776215e+01
9.310000e-01 -1.019319e+02
9.320000e-01 -1.061660e+02
9.330000e-01 -1.104618e+02
9.340000e-01 -1.148164e+02
9.350000e-01 -1.192265e+02
9.360000e-01 -1.236890e+02
9.370000e-01 -1.282000e+02
9.380000e-01 -1.327557e+02
9.390000e-01 -1.373518e+02
9.400000e-01 -1.419838e+02
9.410000e-01 -1.466467e+02
9.420000e-01 -1.513354e+02
9.430000e-01 -1.560444e+02
9.440000e-01 -1.607678e+02
9.450000e-01 -1.654992e+02
9.460000e-01 -1.702320e+02
9.470000e-01 -1.749592e+02
9.480000e-01 -1.796732e+02
9.490000e-01 -1.843662e+02
9.500000e-01 -1.890298e+02
9.510000e-01 -1.936551e+02
9.520000e-01 -1.982328e+02
9.530000e-01 -2.027531e+02
9.540000e-01 -2.072056e+02
9.550000e-01 -2.115796e+02
9.560000e-01 -2.158634e+02
9.570000e-01 -2.200451e+02
9.580000e-01 -2.241121e+02
9.590000e-01 -2.280512e+02
9.600000e-01 -2.318483e+02
9.610000e-01 -2.354891e+02
9.620000e-01 -2.389582e+02
9.630000e-01 -2.422397e+02
9.640000e-01 -2.453169e+02
9.650000e-01 -2.481724e+02
9.660000e-01 -2.507878e+02
9.670000e-01 -2.531443e+02
9.680000e-01 -2.552218e+02
9.690000e-01 -2.569996e+02
9.700000e-01 -2.584562e+02
9.710000e-01 -2.595688e+02
9.720000e-01 -2.603140e+02
9.730000e-01 -2.606672e+02
9.740000e-01 -2.606030e+02
9.750000e-01 -2.600947e+02
9.760000e-01 -2.591146e+02
9.770000e-01 -2.576341e+02
9.780000e-01 -2.556231e+02
9.790000e-01 -2.530505e+02
9.800000e-01 -2.498839e+02
9.810000e-01 -2.460899e+02
9.820000e-01 -2.416334e+02
9.830000e-01 -2.364781e+02
9.840000e-01 -2.305866e+02
9.850000e-01 -2.239196e+02
9.860000e-01 -2.164367e+02
9.870000e-01 -2.080959e+02
9.880000e-01 -1.988535e+02
9.890000e-01 -1.886644e+02
9.900000e-01 -1.774817e+02
9.910000e-01 -1.652569e+02
9.920000e-01 -1.519397e+02
9.930000e-01 -1.374780e+02
9.940000e-01 -1.218179e+02
9.950000e-01 -1.049036e+02
9.960000e-01 -8.667724e+01
9.970000e-01 -6.707909e+01
9.980000e-01 -4.604726e+01
9.990000e-01 -2.351774e+01
