-1.000000e+00 -1.456837e-01
-9.990000e-01 -1.472556e-01
-9.980000e-01 -1.488122e-01
-9.970000e-01 -1.503536e-01
-9.960000e-01 -1.518795e-01
-9.950000e-01 -1.533897e-01
-9.940000e-01 -1.548841e-01
-9.930000e-01 -1.563626e-01
-9.920000e-01 -1.578250e-01
-9.910000e-01 -1.592710e-01
-9.900000e-01 -1.607006e-01
-9.890000e-01 -1.621137e-01
-9.880000e-01 -1.635100e-01
-9.870000e-01 -1.648894e-01
-9.860000e-01 -1.662518e-01
-9.850000e-01 -1.675970e-01
-9.840000e-01 -1.689249e-01
-9.830000e-01 -1.702354e-01
-9.820000e-01 -1.715282e-01
-9.810000e-01 -1.728034e-01
-9.800000e-01 -1.740607e-01
-9.790000e-01 -1.753000e-01
-9.780000e-01 -1.765213e-01
-9.770000e-01 -1.777243e-01
-9.760000e-01 -1.789089e-01
-9.750000e-01 -1.800751e-01
-9.740000e-01 -1.812227e-01
-9.730000e-01 -1.823516e-01
-9.720000e-01 -1.834617e-01
-9.710000e-01 -1.845529e-01
-9.700000e-01 -1.856250e-01
-9.690000e-01 -1.866781e-01
-9.680000e-01 -1.877118e-01
-9.670000e-01 -1.887263e-01
-9.660000e-01 -1.897213e-01
-9.650000e-01 -1.906968e-01
-9.640000e-01 -1.916527e-01
-9.630000e-01 -1.925889e-01
-9.620000e-01 -1.935053e-01
-9.610000e-01 -1.944018e-01
-9.600000e-01 -1.952783e-01
-9.590000e-01 -1.961348e-01
-9.580000e-01 -1.969712e-01
-9.570000e-01 -1.977874e-01
-9.560000e-01 -1.985833e-01
-9.550000e-01 -1.993588e-01
-9.540000e-01 -2.001140e-01
-9.530000e-01 -2.008487e-01
-9.520000e-01 -2.015628e-01
-9.510000e-01 -2.022564e-01
-9.500000e-01 -2.029293e-01
-9.490000e-01 -2.035815e-01
-9.480000e-01 -2.042129e-01
-9.470000e-01 -2.048235e-01
-9.460000e-01 -2.054132e-01
-9.450000e-01 -2.059821e-01
-9.440000e-01 -2.065299e-01
-9.430000e-01 -2.070568e-01
-9.420000e-01 -2.075626e-01
-9.410000e-01 -2.080474e-01
-9.400000e-01 -2.085110e-01
-9.390000e-01 -2.089536e-01
-9.380000e-01 -2.093749e-01
-9.370000e-01 -2.097750e-01
-9.360000e-01 -2.101539e-01
-9.350000e-01 -2.105116e-01
-9.340000e-01 -2.108480e-01
-9.330000e-01 -2.111631e-01
-9.320000e-01 -2.114569e-01
-9.310000e-01 -2.117294e-01
-9.300000e-01 -2.119805e-01
-9.290000e-01 -2.122104e-01
-9.280000e-01 -2.124188e-01
-9.270000e-01 -2.126060e-01
-9.260000e-01 -2.127717e-01
-9.250000e-01 -2.129162e-01
-9.240000e-01 -2.130392e-01
-9.230000e-01 -2.131410e-01
-9.220000e-01 -2.132214e-01
-9.210000e-01 -2.132804e-01
-9.200000e-01 -2.133181e-01
-9.190000e-01 -2.133346e-01
-9.180000e-01 -2.133297e-01
-9.170000e-01 -2.133036e-01
-9.160000e-01 -2.132562e-01
-9.150000e-01 -2.131876e-01
-9.140000e-01 -2.130977e-01
-9.130000e-01 -2.129867e-01
-9.120000e-01 -2.128545e-01
-9.110000e-01 -2.127012e-01
-9.100000e-01 -2.125268e-01
-9.090000e-01 -2.123313e-01
-9.080000e-01 -2.121148e-01
-9.070000e-01 -2.118773e-01
-9.060000e-01 -2.116189e-01
-9.050000e-01 -2.113396e-01
-9.040000e-01 -2.110393e-01
-9.030000e-01 -2.107183e-01
-9.020000e-01 -2.103765e-01
-9.010000e-01 -2.100140e-01
-9.000000e-01 -2.096308e-01
-8.990000e-01 -2.092270e-01
-8.980000e-01 -2.088026e-01
-8.970000e-01 -2.083578e-01
-8.960000e-01 -2.078925e-01
-8.950000e-01 -2.074068e-01
-8.940000e-01 -2.069007e-01
-8.930000e-01 -2.063744e-01
-8.920000e-01 -2.058280e-01
-8.910000e-01 -2.052614e-01
-8.900000e-01 -2.046747e-01
-8.890000e-01 -2.040681e-01
-8.880000e-01 -2.034415e-01
-8.870000e-01 -2.027952e-01
-8.860000e-01 -2.021290e-01
-8.850000e-01 -2.014432e-01
-8.840000e-01 -2.007378e-01
-8.830000e-01 -2.000128e-01
-8.820000e-01 -1.992685e-01
-8.810000e-01 -1.985047e-01
-8.800000e-01 -1.977217e-01
-8.790000e-01 -1.969196e-01
-8.780000e-01 -1.960983e-01
-8.770000e-01 -1.952580e-01
-8.760000e-01 -1.943989e-01
-8.750000e-01 -1.935209e-01
-8.740000e-01 -1.926242e-01
-8.730000e-01 -1.917089e-01
-8.720000e-01 -1.907750e-01
-8.710000e-01 -1.898228e-01
-8.700000e-01 -1.888522e-01
-8.690000e-01 -1.878634e-01
-8.680000e-01 -1.868564e-01
-8.670000e-01 -1.858315e-01
-8.660000e-01 -1.847887e-01
-8.650000e-01 -1.837280e-01
-8.640000e-01 -1.826497e-01
-8.630000e-01 -1.815538e-01
-8.620000e-01 -1.804404e-01
-8.610000e-01 -1.793097e-01
-8.600000e-01 -1.781617e-01
-8.590000e-01 -1.769967e-01
-8.580000e-01 -1.758146e-01
-8.570000e-01 -1.746156e-01
-8.560000e-01 -1.733998e-01
-8.550000e-01 -1.721674e-01
-8.540000e-01 -1.709185e-01
-8.530000e-01 -1.696531e-01
-8.520000e-01 -1.683715e-01
-8.510000e-01 -1.670737e-01
-8.500000e-01 -1.657599e-01
-8.490000e-01 -1.644301e-01
-8.480000e-01 -1.630846e-01
-8.470000e-01 -1.617234e-01
-8.460000e-01 -1.603467e-01
-8.450000e-01 -1.589546e-01
-8.440000e-01 -1.575472e-01
-8.430000e-01 -1.561247e-01
-8.420000e-01 -1.546872e-01
-8.410000e-01 -1.532349e-01
-8.400000e-01 -1.517678e-01
-8.390000e-01 -1.502861e-01
-8.380000e-01 -1.487899e-01
-8.370000e-01 -1.472795e-01
-8.360000e-01 -1.457548e-01
-8.350000e-01 -1.442161e-01
-8.340000e-01 -1.426635e-01
-8.330000e-01 -1.410971e-01
-8.320000e-01 -1.395171e-01
-8.310000e-01 -1.379236e-01
-8.300000e-01 -1.363168e-01
-8.290000e-01 -1.346967e-01
-8.280000e-01 -1.330637e-01
-8.270000e-01 -1.314176e-01
-8.260000e-01 -1.297589e-01
-8.250000e-01 -1.280875e-01
-8.240000e-01 -1.264036e-01
-8.230000e-01 -1.247074e-01
-8.220000e-01 -1.229991e-01
-8.210000e-01 -1.212786e-01
-8.200000e-01 -1.195463e-01
-8.190000e-01 -1.178023e-01
-8.180000e-01 -1.160467e-01
-8.170000e-01 -1.142796e-01
-8.160000e-01 -1.125012e-01
-8.150000e-01 -1.107117e-01
-8.140000e-01 -1.089112e-01
-8.130000e-01 -1.070999e-01
-8.120000e-01 -1.052779e-01
-8.110000e-01 -1.034453e-01
-8.100000e-01 -1.016024e-01
-8.090000e-01 -9.974923e-02
-8.080000e-01 -9.788599e-02
-8.070000e-01 -9.601281e-02
-8.060000e-01 -9.412987e-02
-8.050000e-01 -9.223730e-02
-8.040000e-01 -9.033527e-02
-8.030000e-01 -8.842393e-02
-8.020000e-01 -8.650343e-02
-8.010000e-01 -8.457393e-02
-8.000000e-01 -8.263558e-02
-7.990000e-01 -8.068854e-02
-7.980000e-01 -7.873296e-02
-7.970000e-01 -7.676899e-02
-7.960000e-01 -7.479679e-02
-7.950000e-01 -7.281652e-02
-7.940000e-01 -7.082833e-02
-7.930000e-01 -6.883238e-02
-7.920000e-01 -6.682882e-02
-7.910000e-01 -6.481781e-02
-7.900000e-01 -6.279950e-02
-7.890000e-01 -6.077405e-02
-7.880000e-01 -5.874161e-02
-7.870000e-01 -5.670234e-02
-7.860000e-01 -5.465639e-02
-7.850000e-01 -5.260392e-02
-7.840000e-01 -5.054509e-02
-7.830000e-01 -4.848004e-02
-7.820000e-01 -4.640894e-02
-7.810000e-01 -4.433194e-02
-7.800000e-01 -4.224919e-02
-7.790000e-01 -4.016085e-02
-7.780000e-01 -3.806708e-02
-7.770000e-01 -3.596802e-02
-7.760000e-01 -3.386383e-02
-7.750000e-01 -3.175467e-02
-7.740000e-01 -2.964069e-02
-7.730000e-01 -2.752204e-02
-7.720000e-01 -2.539887e-02
-7.710000e-01 -2.327134e-02
-7.700000e-01 -2.113961e-02
-7.690000e-01 -1.900382e-02
-7.680000e-01 -1.686413e-02
-7.670000e-01 -1.472068e-02
-7.660000e-01 -1.257364e-02
-7.650000e-01 -1.042314e-02
-7.640000e-01 -8.269348e-03
-7.630000e-01 -6.112409e-03
-7.620000e-01 -3.952473e-03
-7.610000e-01 -1.789689e-03
-7.600000e-01 3.757914e-04
-7.590000e-01 2.543820e-03
-7.580000e-01 4.714249e-03
-7.570000e-01 6.886928e-03
-7.560000e-01 9.061711e-03
-7.550000e-01 1.123845e-02
-7.540000e-01 1.341700e-02
-7.530000e-01 1.559721e-02
-7.520000e-01 1.777893e-02
-7.510000e-01 1.996203e-02
-7.500000e-01 2.214635e-02
-7.490000e-01 2.433175e-02
-7.480000e-01 2.651808e-02
-7.470000e-01 2.870521e-02
-7.460000e-01 3.089299e-02
-7.450000e-01 3.308127e-02
-7.440000e-01 3.526992e-02
-7.430000e-01 3.745880e-02
-7.420000e-01 3.964775e-02
-7.410000e-01 4.183665e-02
-7.400000e-01 4.402535e-02
-7.390000e-01 4.621371e-02
-7.380000e-01 4.840159e-02
-7.370000e-01 5.058886e-02
-7.360000e-01 5.277538e-02
-7.350000e-01 5.496102e-02
-7.340000e-01 5.714562e-02
-7.330000e-01 5.932907e-02
-7.320000e-01 6.151123e-02
-7.310000e-01 6.369195e-02
-7.300000e-01 6.587111e-02
-7.290000e-01 6.804858e-02
-7.280000e-01 7.022422e-02
-7.270000e-01 7.239790e-02
-7.260000e-01 7.456949e-02
-7.250000e-01 7.673886e-02
-7.240000e-01 7.890588e-02
-7.230000e-01 8.107043e-02
-7.220000e-01 8.323237e-02
-7.210000e-01 8.539157e-02
-7.200000e-01 8.754792e-02
-7.190000e-01 8.970128e-02
-7.180000e-01 9.185153e-02
-7.170000e-01 9.399854e-02
-7.160000e-01 9.614220e-02
-7.150000e-01 9.828237e-02
-7.140000e-01 1.004189e-01
-7.130000e-01 1.025518e-01
-7.120000e-01 1.046808e-01
-7.110000e-01 1.068058e-01
-7.100000e-01 1.089268e-01
-7.090000e-01 1.110436e-01
-7.080000e-01 1.131560e-01
-7.070000e-01 1.152640e-01
-7.060000e-01 1.173675e-01
-7.050000e-01 1.194663e-01
-7.040000e-01 1.215603e-01
-7.030000e-01 1.236494e-01
-7.020000e-01 1.257335e-01
-7.010000e-01 1.278125e-01
-7.000000e-01 1.298863e-01
-6.990000e-01 1.319547e-01
-6.980000e-01 1.340177e-01
-6.970000e-01 1.360752e-01
-6.960000e-01 1.381269e-01
-6.950000e-01 1.401730e-01
-6.940000e-01 1.422131e-01
-6.930000e-01 1.442473e-01
-6.920000e-01 1.462754e-01
-6.910000e-01 1.482973e-01
-6.900000e-01 1.503129e-01
-6.890000e-01 1.523221e-01
-6.880000e-01 1.543249e-01
-6.870000e-01 1.563211e-01
-6.860000e-01 1.583105e-01
-6.850000e-01 1.602932e-01
-6.840000e-01 1.622691e-01
-6.830000e-01 1.642379e-01
-6.820000e-01 1.661997e-01
-6.810000e-01 1.681543e-01
-6.800000e-01 1.701017e-01
-6.790000e-01 1.720417e-01
-6.780000e-01 1.739743e-01
-6.770000e-01 1.758994e-01
-6.760000e-01 1.778168e-01
-6.750000e-01 1.797265e-01
-6.740000e-01 1.816285e-01
-6.730000e-01 1.835225e-01
-6.720000e-01 1.854086e-01
-6.710000e-01 1.872867e-01
-6.700000e-01 1.891566e-01
-6.690000e-01 1.910183e-01
-6.680000e-01 1.928717e-01
-6.670000e-01 1.947167e-01
-6.660000e-01 1.965532e-01
-6.650000e-01 1.983813e-01
-6.640000e-01 2.002006e-01
-6.630000e-01 2.020113e-01
-6.620000e-01 2.038133e-01
-6.610000e-01 2.056064e-01
-6.600000e-01 2.073905e-01
-6.590000e-01 2.091657e-01
-6.580000e-01 2.109318e-01
-6.570000e-01 2.126888e-01
-6.560000e-01 2.144365e-01
-6.550000e-01 2.161750e-01
-6.540000e-01 2.179041e-01
-6.530000e-01 2.196238e-01
-6.520000e-01 2.213340e-01
-6.510000e-01 2.230347e-01
-6.500000e-01 2.247257e-01
-6.490000e-01 2.264071e-01
-6.480000e-01 2.280788e-01
-6.470000e-01 2.297406e-01
-6.460000e-01 2.313925e-01
-6.450000e-01 2.330346e-01
-6.440000e-01 2.346666e-01
-6.430000e-01 2.362886e-01
-6.420000e-01 2.379005e-01
-6.410000e-01 2.395022e-01
-6.400000e-01 2.410938e-01
-6.390000e-01 2.426750e-01
-6.380000e-01 2.442459e-01
-6.370000e-01 2.458065e-01
-6.360000e-01 2.473566e-01
-6.350000e-01 2.488962e-01
-6.340000e-01 2.504253e-01
-6.330000e-01 2.519438e-01
-6.320000e-01 2.534517e-01
-6.310000e-01 2.549489e-01
-6.300000e-01 2.564353e-01
-6.290000e-01 2.579110e-01
-6.280000e-01 2.593759e-01
-6.270000e-01 2.608299e-01
-6.260000e-01 2.622731e-01
-6.250000e-01 2.637052e-01
-6.240000e-01 2.651264e-01
-6.230000e-01 2.665366e-01
-6.220000e-01 2.679356e-01
-6.210000e-01 2.693236e-01
-6.200000e-01 2.707004e-01
-6.190000e-01 2.720661e-01
-6.180000e-01 2.734205e-01
-6.170000e-01 2.747637e-01
-6.160000e-01 2.760955e-01
-6.150000e-01 2.774161e-01
-6.140000e-01 2.787253e-01
-6.130000e-01 2.800231e-01
-6.120000e-01 2.813095e-01
-6.110000e-01 2.825845e-01
-6.100000e-01 2.838479e-01
-6.090000e-01 2.850999e-01
-6.080000e-01 2.863403e-01
-6.070000e-01 2.875692e-01
-6.060000e-01 2.887865e-01
-6.050000e-01 2.899921e-01
-6.040000e-01 2.911862e-01
-6.030000e-01 2.923685e-01
-6.020000e-01 2.935392e-01
-6.010000e-01 2.946982e-01
-6.000000e-01 2.958455e-01
-5.990000e-01 2.969810e-01
-5.980000e-01 2.981048e-01
-5.970000e-01 2.992167e-01
-5.960000e-01 3.003169e-01
-5.950000e-01 3.014052e-01
-5.940000e-01 3.024818e-01
-5.930000e-01 3.035464e-01
-5.920000e-01 3.045992e-01
-5.910000e-01 3.056402e-01
-5.900000e-01 3.066692e-01
-5.890000e-01 3.076863e-01
-5.880000e-01 3.086916e-01
-5.870000e-01 3.096849e-01
-5.860000e-01 3.106662e-01
-5.850000e-01 3.116356e-01
-5.840000e-01 3.125931e-01
-5.830000e-01 3.135386e-01
-5.820000e-01 3.144721e-01
-5.810000e-01 3.153937e-01
-5.800000e-01 3.163033e-01
-5.790000e-01 3.172009e-01
-5.780000e-01 3.180865e-01
-5.770000e-01 3.189601e-01
-5.760000e-01 3.198218e-01
-5.750000e-01 3.206714e-01
-5.740000e-01 3.215091e-01
-5.730000e-01 3.223347e-01
-5.720000e-01 3.231484e-01
-5.710000e-01 3.239500e-01
-5.700000e-01 3.247397e-01
-5.690000e-01 3.255174e-01
-5.680000e-01 3.262830e-01
-5.670000e-01 3.270367e-01
-5.660000e-01 3.277785e-01
-5.650000e-01 3.285082e-01
-5.640000e-01 3.292260e-01
-5.630000e-01 3.299318e-01
-5.620000e-01 3.306257e-01
-5.610000e-01 3.313076e-01
-5.600000e-01 3.319776e-01
-5.590000e-01 3.326357e-01
-5.580000e-01 3.332818e-01
-5.570000e-01 3.339160e-01
-5.560000e-01 3.345384e-01
-5.550000e-01 3.351488e-01
-5.540000e-01 3.357474e-01
-5.530000e-01 3.363341e-01
-5.520000e-01 3.369090e-01
-5.510000e-01 3.374720e-01
-5.500000e-01 3.380232e-01
-5.490000e-01 3.385626e-01
-5.480000e-01 3.390903e-01
-5.470000e-01 3.396061e-01
-5.460000e-01 3.401102e-01
-5.450000e-01 3.406026e-01
-5.440000e-01 3.410832e-01
-5.430000e-01 3.415522e-01
-5.420000e-01 3.420095e-01
-5.410000e-01 3.424551e-01
-5.400000e-01 3.428891e-01
-5.390000e-01 3.433114e-01
-5.380000e-01 3.437222e-01
-5.370000e-01 3.441214e-01
-5.360000e-01 3.445090e-01
-5.350000e-01 3.448851e-01
-5.340000e-01 3.452497e-01
-5.330000e-01 3.456028e-01
-5.320000e-01 3.459445e-01
-5.310000e-01 3.462748e-01
-5.300000e-01 3.465936e-01
-5.290000e-01 3.469011e-01
-5.280000e-01 3.471972e-01
-5.270000e-01 3.474820e-01
-5.260000e-01 3.477554e-01
-5.250000e-01 3.480177e-01
-5.240000e-01 3.482687e-01
-5.230000e-01 3.485084e-01
-5.220000e-01 3.487370e-01
-5.210000e-01 3.489545e-01
-5.200000e-01 3.491608e-01
-5.190000e-01 3.493560e-01
-5.180000e-01 3.495402e-01
-5.170000e-01 3.497134e-01
-5.160000e-01 3.498756e-01
-5.150000e-01 3.500268e-01
-5.140000e-01 3.501671e-01
-5.130000e-01 3.502965e-01
-5.120000e-01 3.504150e-01
-5.110000e-01 3.505227e-01
-5.100000e-01 3.506196e-01
-5.090000e-01 3.507058e-01
-5.080000e-01 3.507813e-01
-5.070000e-01 3.508460e-01
-5.060000e-01 3.509002e-01
-5.050000e-01 3.509437e-01
-5.040000e-01 3.509766e-01
-5.030000e-01 3.509990e-01
-5.020000e-01 3.510110e-01
-5.010000e-01 3.510124e-01
-5.000000e-01 3.510035e-01
-4.990000e-01 3.509842e-01
-4.980000e-01 3.509545e-01
-4.970000e-01 3.509145e-01
-4.960000e-01 3.508643e-01
-4.950000e-01 3.508039e-01
-4.940000e-01 3.507333e-01
-4.930000e-01 3.506525e-01
-4.920000e-01 3.505617e-01
-4.910000e-01 3.504608e-01
-4.900000e-01 3.503499e-01
-4.890000e-01 3.502290e-01
-4.880000e-01 3.500982e-01
-4.870000e-01 3.499575e-01
-4.860000e-01 3.498070e-01
-4.850000e-01 3.496467e-01
-4.840000e-01 3.494766e-01
-4.830000e-01 3.492968e-01
-4.820000e-01 3.491074e-01
-4.810000e-01 3.489084e-01
-4.800000e-01 3.486997e-01
-4.790000e-01 3.484816e-01
-4.780000e-01 3.482540e-01
-4.770000e-01 3.480169e-01
-4.760000e-01 3.477704e-01
-4.750000e-01 3.475146e-01
-4.740000e-01 3.472496e-01
-4.730000e-01 3.469752e-01
-4.720000e-01 3.466917e-01
-4.710000e-01 3.463990e-01
-4.700000e-01 3.460972e-01
-4.690000e-01 3.457863e-01
-4.680000e-01 3.454665e-01
-4.670000e-01 3.451376e-01
-4.660000e-01 3.447999e-01
-4.650000e-01 3.444533e-01
-4.640000e-01 3.440979e-01
-4.630000e-01 3.437337e-01
-4.620000e-01 3.433608e-01
-4.610000e-01 3.429792e-01
-4.600000e-01 3.425890e-01
-4.590000e-01 3.421902e-01
-4.580000e-01 3.417830e-01
-4.570000e-01 3.413672e-01
-4.560000e-01 3.409430e-01
-4.550000e-01 3.405105e-01
-4.540000e-01 3.400697e-01
-4.530000e-01 3.396205e-01
-4.520000e-01 3.391632e-01
-4.510000e-01 3.386977e-01
-4.500000e-01 3.382241e-01
-4.490000e-01 3.377424e-01
-4.480000e-01 3.372528e-01
-4.470000e-01 3.367551e-01
-4.460000e-01 3.362496e-01
-4.450000e-01 3.357362e-01
-4.440000e-01 3.352150e-01
-4.430000e-01 3.346861e-01
-4.420000e-01 3.341494e-01
-4.410000e-01 3.336052e-01
-4.400000e-01 3.330533e-01
-4.390000e-01 3.324939e-01
-4.380000e-01 3.319270e-01
-4.370000e-01 3.313527e-01
-4.360000e-01 3.307710e-01
-4.350000e-01 3.301819e-01
-4.340000e-01 3.295856e-01
-4.330000e-01 3.289821e-01
-4.320000e-01 3.283714e-01
-4.310000e-01 3.277536e-01
-4.300000e-01 3.271288e-01
-4.290000e-01 3.264969e-01
-4.280000e-01 3.258581e-01
-4.270000e-01 3.252124e-01
-4.260000e-01 3.245598e-01
-4.250000e-01 3.239004e-01
-4.240000e-01 3.232344e-01
-4.230000e-01 3.225616e-01
-4.220000e-01 3.218822e-01
-4.210000e-01 3.211962e-01
-4.200000e-01 3.205037e-01
-4.190000e-01 3.198048e-01
-4.180000e-01 3.190994e-01
-4.170000e-01 3.183877e-01
-4.160000e-01 3.176697e-01
-4.150000e-01 3.169454e-01
-4.140000e-01 3.162150e-01
-4.130000e-01 3.154784e-01
-4.120000e-01 3.147357e-01
-4.110000e-01 3.139869e-01
-4.100000e-01 3.132323e-01
-4.090000e-01 3.124716e-01
-4.080000e-01 3.117052e-01
-4.070000e-01 3.109329e-01
-4.060000e-01 3.101548e-01
-4.050000e-01 3.093711e-01
-4.040000e-01 3.085817e-01
-4.030000e-01 3.077867e-01
-4.020000e-01 3.069861e-01
-4.010000e-01 3.061801e-01
-4.000000e-01 3.053686e-01
-3.990000e-01 3.045518e-01
-3.980000e-01 3.037297e-01
-3.970000e-01 3.029023e-01
-3.960000e-01 3.020696e-01
-3.950000e-01 3.012318e-01
-3.940000e-01 3.003889e-01
-3.930000e-01 2.995410e-01
-3.920000e-01 2.986881e-01
-3.910000e-01 2.978302e-01
-3.900000e-01 2.969674e-01
-3.890000e-01 2.960998e-01
-3.880000e-01 2.952274e-01
-3.870000e-01 2.943503e-01
-3.860000e-01 2.934686e-01
-3.850000e-01 2.925822e-01
-3.840000e-01 2.916912e-01
-3.830000e-01 2.907958e-01
-3.820000e-01 2.898958e-01
-3.810000e-01 2.889915e-01
-3.800000e-01 2.880829e-01
-3.790000e-01 2.871699e-01
-3.780000e-01 2.862527e-01
-3.770000e-01 2.853313e-01
-3.760000e-01 2.844058e-01
-3.750000e-01 2.834762e-01
-3.740000e-01 2.825426e-01
-3.730000e-01 2.816050e-01
-3.720000e-01 2.806634e-01
-3.710000e-01 2.797181e-01
-3.700000e-01 2.787689e-01
-3.690000e-01 2.778159e-01
-3.680000e-01 2.768592e-01
-3.670000e-01 2.758989e-01
-3.660000e-01 2.749350e-01
-3.650000e-01 2.739675e-01
-3.640000e-01 2.729965e-01
-3.630000e-01 2.720221e-01
-3.620000e-01 2.710443e-01
-3.610000e-01 2.700631e-01
-3.600000e-01 2.690787e-01
-3.590000e-01 2.680910e-01
-3.580000e-01 2.671001e-01
-3.570000e-01 2.661061e-01
-3.560000e-01 2.651091e-01
-3.550000e-01 2.641089e-01
-3.540000e-01 2.631059e-01
-3.530000e-01 2.620998e-01
-3.520000e-01 2.610909e-01
-3.510000e-01 2.600792e-01
-3.500000e-01 2.590647e-01
-3.490000e-01 2.580475e-01
-3.480000e-01 2.570276e-01
-3.470000e-01 2.560051e-01
-3.460000e-01 2.549800e-01
-3.450000e-01 2.539524e-01
-3.440000e-01 2.529224e-01
-3.430000e-01 2.518899e-01
-3.420000e-01 2.508550e-01
-3.410000e-01 2.498178e-01
-3.400000e-01 2.487784e-01
-3.390000e-01 2.477367e-01
-3.380000e-01 2.466929e-01
-3.370000e-01 2.456469e-01
-3.360000e-01 2.445989e-01
-3.350000e-01 2.435488e-01
-3.340000e-01 2.424968e-01
-3.330000e-01 2.414428e-01
-3.320000e-01 2.403870e-01
-3.310000e-01 2.393293e-01
-3.300000e-01 2.382699e-01
-3.290000e-01 2.372087e-01
-3.280000e-01 2.361458e-01
-3.270000e-01 2.350813e-01
-3.260000e-01 2.340152e-01
-3.250000e-01 2.329476e-01
-3.240000e-01 2.318785e-01
-3.230000e-01 2.308079e-01
-3.220000e-01 2.297359e-01
-3.210000e-01 2.286626e-01
-3.200000e-01 2.275880e-01
-3.190000e-01 2.265121e-01
-3.180000e-01 2.254350e-01
-3.170000e-01 2.243568e-01
-3.160000e-01 2.232774e-01
-3.150000e-01 2.221970e-01
-3.140000e-01 2.211155e-01
-3.130000e-01 2.200331e-01
-3.120000e-01 2.189497e-01
-3.110000e-01 2.178654e-01
-3.100000e-01 2.167803e-01
-3.090000e-01 2.156944e-01
-3.080000e-01 2.146077e-01
-3.070000e-01 2.135203e-01
-3.060000e-01 2.124323e-01
-3.050000e-01 2.113436e-01
-3.040000e-01 2.102544e-01
-3.030000e-01 2.091646e-01
-3.020000e-01 2.080744e-01
-3.010000e-01 2.069837e-01
-3.000000e-01 2.058926e-01
-2.990000e-01 2.048012e-01
-2.980000e-01 2.037094e-01
-2.970000e-01 2.026174e-01
-2.960000e-01 2.015251e-01
-2.950000e-01 2.004327e-01
-2.940000e-01 1.993401e-01
-2.930000e-01 1.982474e-01
-2.920000e-01 1.971547e-01
-2.910000e-01 1.960619e-01
-2.900000e-01 1.949692e-01
-2.890000e-01 1.938766e-01
-2.880000e-01 1.927841e-01
-2.870000e-01 1.916917e-01
-2.860000e-01 1.905995e-01
-2.850000e-01 1.895076e-01
-2.840000e-01 1.884159e-01
-2.830000e-01 1.873245e-01
-2.820000e-01 1.862335e-01
-2.810000e-01 1.851429e-01
-2.800000e-01 1.840528e-01
-2.790000e-01 1.829631e-01
-2.780000e-01 1.818740e-01
-2.770000e-01 1.807854e-01
-2.760000e-01 1.796974e-01
-2.750000e-01 1.786100e-01
-2.740000e-01 1.775233e-01
-2.730000e-01 1.764374e-01
-2.720000e-01 1.753521e-01
-2.710000e-01 1.742677e-01
-2.700000e-01 1.731841e-01
-2.690000e-01 1.721014e-01
-2.680000e-01 1.710196e-01
-2.670000e-01 1.699388e-01
-2.660000e-01 1.688589e-01
-2.650000e-01 1.677800e-01
-2.640000e-01 1.667022e-01
-2.630000e-01 1.656255e-01
-2.620000e-01 1.645500e-01
-2.610000e-01 1.634756e-01
-2.600000e-01 1.624024e-01
-2.590000e-01 1.613304e-01
-2.580000e-01 1.602598e-01
-2.570000e-01 1.591904e-01
-2.560000e-01 1.581224e-01
-2.550000e-01 1.570558e-01
-2.540000e-01 1.559906e-01
-2.530000e-01 1.549269e-01
-2.520000e-01 1.538646e-01
-2.510000e-01 1.528039e-01
-2.500000e-01 1.517448e-01
-2.490000e-01 1.506872e-01
-2.480000e-01 1.496313e-01
-2.470000e-01 1.485771e-01
-2.460000e-01 1.475245e-01
-2.450000e-01 1.464737e-01
-2.440000e-01 1.454247e-01
-2.430000e-01 1.443775e-01
-2.420000e-01 1.433321e-01
-2.410000e-01 1.422885e-01
-2.400000e-01 1.412469e-01
-2.390000e-01 1.402072e-01
-2.380000e-01 1.391695e-01
-2.370000e-01 1.381337e-01
-2.360000e-01 1.371001e-01
-2.350000e-01 1.360684e-01
-2.340000e-01 1.350389e-01
-2.330000e-01 1.340115e-01
-2.320000e-01 1.329862e-01
-2.310000e-01 1.319632e-01
-2.300000e-01 1.309424e-01
-2.290000e-01 1.299238e-01
-2.280000e-01 1.289075e-01
-2.270000e-01 1.278935e-01
-2.260000e-01 1.268819e-01
-2.250000e-01 1.258726e-01
-2.240000e-01 1.248658e-01
-2.230000e-01 1.238614e-01
-2.220000e-01 1.228595e-01
-2.210000e-01 1.218600e-01
-2.200000e-01 1.208631e-01
-2.190000e-01 1.198687e-01
-2.180000e-01 1.188769e-01
-2.170000e-01 1.178878e-01
-2.160000e-01 1.169013e-01
-2.150000e-01 1.159174e-01
-2.140000e-01 1.149362e-01
-2.130000e-01 1.139578e-01
-2.120000e-01 1.129821e-01
-2.110000e-01 1.120092e-01
-2.100000e-01 1.110392e-01
-2.090000e-01 1.100719e-01
-2.080000e-01 1.091076e-01
-2.070000e-01 1.081461e-01
-2.060000e-01 1.071875e-01
-2.050000e-01 1.062319e-01
-2.040000e-01 1.052792e-01
-2.030000e-01 1.043296e-01
-2.020000e-01 1.033830e-01
-2.010000e-01 1.024394e-01
-2.000000e-01 1.014989e-01
-1.990000e-01 1.005616e-01
-1.980000e-01 9.962732e-02
-1.970000e-01 9.869623e-02
-1.960000e-01 9.776831e-02
-1.950000e-01 9.684361e-02
-1.940000e-01 9.592213e-02
-1.930000e-01 9.500391e-02
-1.920000e-01 9.408898e-02
-1.910000e-01 9.317734e-02
-1.900000e-01 9.226904e-02
-1.890000e-01 9.136409e-02
-1.880000e-01 9.046252e-02
-1.870000e-01 8.956435e-02
-1.860000e-01 8.866960e-02
-1.850000e-01 8.777831e-02
-1.840000e-01 8.689048e-02
-1.830000e-01 8.600615e-02
-1.820000e-01 8.512534e-02
-1.810000e-01 8.424807e-02
-1.800000e-01 8.337436e-02
-1.790000e-01 8.250424e-02
-1.780000e-01 8.163773e-02
-1.770000e-01 8.077485e-02
-1.760000e-01 7.991562e-02
-1.750000e-01 7.906007e-02
-1.740000e-01 7.820821e-02
-1.730000e-01 7.736007e-02
-1.720000e-01 7.651567e-02
-1.710000e-01 7.567503e-02
-1.700000e-01 7.483818e-02
-1.690000e-01 7.400512e-02
-1.680000e-01 7.317589e-02
-1.670000e-01 7.235051e-02
-1.660000e-01 7.152898e-02
-1.650000e-01 7.071135e-02
-1.640000e-01 6.989761e-02
-1.630000e-01 6.908781e-02
-1.620000e-01 6.828194e-02
-1.610000e-01 6.748005e-02
-1.600000e-01 6.668213e-02
-1.590000e-01 6.588822e-02
-1.580000e-01 6.509833e-02
-1.570000e-01 6.431249e-02
-1.560000e-01 6.353070e-02
-1.550000e-01 6.275300e-02
-1.540000e-01 6.197939e-02
-1.530000e-01 6.120990e-02
-1.520000e-01 6.044454e-02
-1.510000e-01 5.968334e-02
-1.500000e-01 5.892630e-02
-1.490000e-01 5.817346e-02
-1.480000e-01 5.742482e-02
-1.470000e-01 5.668041e-02
-1.460000e-01 5.594024e-02
-1.450000e-01 5.520433e-02
-1.440000e-01 5.447269e-02
-1.430000e-01 5.374535e-02
-1.420000e-01 5.302232e-02
-1.410000e-01 5.230361e-02
-1.400000e-01 5.158925e-02
-1.390000e-01 5.087925e-02
-1.380000e-01 5.017362e-02
-1.370000e-01 4.947238e-02
-1.360000e-01 4.877556e-02
-1.350000e-01 4.808316e-02
-1.340000e-01 4.739519e-02
-1.330000e-01 4.671168e-02
-1.320000e-01 4.603265e-02
-1.310000e-01 4.535810e-02
-1.300000e-01 4.468805e-02
-1.290000e-01 4.402251e-02
-1.280000e-01 4.336151e-02
-1.270000e-01 4.270506e-02
-1.260000e-01 4.205316e-02
-1.250000e-01 4.140584e-02
-1.240000e-01 4.076311e-02
-1.230000e-01 4.012498e-02
-1.220000e-01 3.949147e-02
-1.210000e-01 3.886259e-02
-1.200000e-01 3.823836e-02
-1.190000e-01 3.761878e-02
-1.180000e-01 3.700388e-02
-1.170000e-01 3.639366e-02
-1.160000e-01 3.578814e-02
-1.150000e-01 3.518734e-02
-1.140000e-01 3.459126e-02
-1.130000e-01 3.399992e-02
-1.120000e-01 3.341332e-02
-1.110000e-01 3.283150e-02
-1.100000e-01 3.225444e-02
-1.090000e-01 3.168218e-02
-1.080000e-01 3.111472e-02
-1.070000e-01 3.055207e-02
-1.060000e-01 2.999424e-02
-1.050000e-01 2.944125e-02
-1.040000e-01 2.889311e-02
-1.030000e-01 2.834983e-02
-1.020000e-01 2.781142e-02
-1.010000e-01 2.727789e-02
-1.000000e-01 2.674925e-02
-9.900000e-02 2.622552e-02
-9.800000e-02 2.570671e-02
-9.700000e-02 2.519282e-02
-9.600000e-02 2.468387e-02
-9.500000e-02 2.417987e-02
-9.400000e-02 2.368082e-02
-9.300000e-02 2.318675e-02
-9.200000e-02 2.269765e-02
-9.100000e-02 2.221354e-02
-9.000000e-02 2.173443e-02
-8.900000e-02 2.126033e-02
-8.800000e-02 2.079125e-02
-8.700000e-02 2.032719e-02
-8.600000e-02 1.986817e-02
-8.500000e-02 1.941420e-02
-8.400000e-02 1.896529e-02
-8.300000e-02 1.852144e-02
-8.200000e-02 1.808267e-02
-8.100000e-02 1.764898e-02
-8.000000e-02 1.722038e-02
-7.900000e-02 1.679688e-02
-7.800000e-02 1.637849e-02
-7.700000e-02 1.596521e-02
-7.600000e-02 1.555707e-02
-7.500000e-02 1.515406e-02
-7.400000e-02 1.475618e-02
-7.300000e-02 1.436346e-02
-7.200000e-02 1.397590e-02
-7.100000e-02 1.359350e-02
-7.000000e-02 1.321628e-02
-6.900000e-02 1.284424e-02
-6.800000e-02 1.247738e-02
-6.700000e-02 1.211572e-02
-6.600000e-02 1.175927e-02
-6.500000e-02 1.140802e-02
-6.400000e-02 1.106199e-02
-6.300000e-02 1.072118e-02
-6.200000e-02 1.038561e-02
-6.100000e-02 1.005526e-02
-6.000000e-02 9.730167e-03
-5.900000e-02 9.410319e-03
-5.800000e-02 9.095727e-03
-5.700000e-02 8.786397e-03
-5.600000e-02 8.482335e-03
-5.500000e-02 8.183546e-03
-5.400000e-02 7.890038e-03
-5.300000e-02 7.601815e-03
-5.200000e-02 7.318883e-03
-5.100000e-02 7.041247e-03
-5.000000e-02 6.768914e-03
-4.900000e-02 6.501888e-03
-4.800000e-02 6.240174e-03
-4.700000e-02 5.983777e-03
-4.600000e-02 5.732703e-03
-4.500000e-02 5.486956e-03
-4.400000e-02 5.246541e-03
-4.300000e-02 5.011463e-03
-4.200000e-02 4.781726e-03
-4.100000e-02 4.557334e-03
-4.000000e-02 4.338293e-03
-3.900000e-02 4.124605e-03
-3.800000e-02 3.916276e-03
-3.700000e-02 3.713308e-03
-3.600000e-02 3.515707e-03
-3.500000e-02 3.323476e-03
-3.400000e-02 3.136618e-03
-3.300000e-02 2.955137e-03
-3.200000e-02 2.779036e-03
-3.100000e-02 2.608320e-03
-3.000000e-02 2.442990e-03
-2.900000e-02 2.283051e-03
-2.800000e-02 2.128505e-03
-2.700000e-02 1.979356e-03
-2.600000e-02 1.835605e-03
-2.500000e-02 1.697257e-03
-2.400000e-02 1.564312e-03
-2.300000e-02 1.436775e-03
-2.200000e-02 1.314647e-03
-2.100000e-02 1.197931e-03
-2.000000e-02 1.086629e-03
-1.900000e-02 9.807430e-04
-1.800000e-02 8.802749e-04
-1.700000e-02 7.852267e-04
-1.600000e-02 6.956002e-04
-1.500000e-02 6.113972e-04
-1.400000e-02 5.326192e-04
-1.300000e-02 4.592676e-04
-1.200000e-02 3.913440e-04
-1.100000e-02 3.288496e-04
-1.000000e-02 2.717855e-04
-9.000000e-03 2.201528e-04
-8.000000e-03 1.739525e-04
-7.000000e-03 1.331856e-04
-6.000000e-03 9.785261e-05
-5.000000e-03 6.795438e-05
-4.000000e-03 4.349142e-05
-3.000000e-03 2.446419e-05
-2.000000e-03 1.087306e-05
-1.000000e-03 2.718277e-06
8.812395e-16 -1.831387e-13
1.000000e-03 2.718277e-06
2.000000e-03 1.087306e-05
3.000000e-03 2.446419e-05
4.000000e-03 4.349142e-05
5.000000e-03 6.795438e-05
6.000000e-03 9.785261e-05
7.000000e-03 1.331856e-04
8.000000e-03 1.739525e-04
9.000000e-03 2.201528e-04
1.000000e-02 2.717855e-04
1.100000e-02 3.288496e-04
1.200000e-02 3.913440e-04
1.300000e-02 4.592676e-04
1.400000e-02 5.326192e-04
1.500000e-02 6.113972e-04
1.600000e-02 6.956002e-04
1.700000e-02 7.852267e-04
1.800000e-02 8.802749e-04
1.900000e-02 9.807430e-04
2.000000e-02 1.086629e-03
2.100000e-02 1.197931e-03
2.200000e-02 1.314647e-03
2.300000e-02 1.436775e-03
2.400000e-02 1.564312e-03
2.500000e-02 1.697257e-03
2.600000e-02 1.835605e-03
2.700000e-02 1.979356e-03
2.800000e-02 2.128505e-03
2.900000e-02 2.283051e-03
3.000000e-02 2.442990e-03
3.100000e-02 2.608320e-03
3.200000e-02 2.779036e-03
3.300000e-02 2.955137e-03
3.400000e-02 3.136618e-03
3.500000e-02 3.323476e-03
3.600000e-02 3.515707e-03
3.700000e-02 3.713308e-03
3.800000e-02 3.916276e-03
3.900000e-02 4.124605e-03
4.000000e-02 4.338293e-03
4.100000e-02 4.557334e-03
4.200000e-02 4.781726e-03
4.300000e-02 5.011463e-03
4.400000e-02 5.246541e-03
4.500000e-02 5.486956e-03
4.600000e-02 5.732703e-03
4.700000e-02 5.983777e-03
4.800000e-02 6.240174e-03
4.900000e-02 6.501888e-03
5.000000e-02 6.768914e-03
5.100000e-02 7.041247e-03
5.200000e-02 7.318883e-03
5.300000e-02 7.601815e-03
5.400000e-02 7.890038e-03
5.500000e-02 8.183546e-03
5.600000e-02 8.482335e-03
5.700000e-02 8.786397e-03
5.800000e-02 9.095727e-03
5.900000e-02 9.410319e-03
6.000000e-02 9.730167e-03
6.100000e-02 1.005526e-02
6.200000e-02 1.038561e-02
6.300000e-02 1.072118e-02
6.400000e-02 1.106199e-02
6.500000e-02 1.140802e-02
6.600000e-02 1.175927e-02
6.700000e-02 1.211572e-02
6.800000e-02 1.247738e-02
6.900000e-02 1.284424e-02
7.000000e-02 1.321628e-02
7.100000e-02 1.359350e-02
7.200000e-02 1.397590e-02
7.300000e-02 1.436346e-02
7.400000e-02 1.475618e-02
7.500000e-02 1.515406e-02
7.600000e-02 1.555707e-02
7.700000e-02 1.596521e-02
7.800000e-02 1.637849e-02
7.900000e-02 1.679688e-02
8.000000e-02 1.722038e-02
8.100000e-02 1.764898e-02
8.200000e-02 1.808267e-02
8.300000e-02 1.852144e-02
8.400000e-02 1.896529e-02
8.500000e-02 1.941420e-02
8.600000e-02 1.986817e-02
8.700000e-02 2.032719e-02
8.800000e-02 2.079125e-02
8.900000e-02 2.126033e-02
9.000000e-02 2.173443e-02
9.100000e-02 2.221354e-02
9.200000e-02 2.269765e-02
9.300000e-02 2.318675e-02
9.400000e-02 2.368082e-02
9.500000e-02 2.417987e-02
9.600000e-02 2.468387e-02
9.700000e-02 2.519282e-02
9.800000e-02 2.570671e-02
9.900000e-02 2.622552e-02
1.000000e-01 2.674925e-02
1.010000e-01 2.727789e-02
1.020000e-01 2.781142e-02
1.030000e-01 2.834983e-02
1.040000e-01 2.889311e-02
1.050000e-01 2.944125e-02
1.060000e-01 2.999424e-02
1.070000e-01 3.055207e-02
1.080000e-01 3.111472e-02
1.090000e-01 3.168218e-02
1.100000e-01 3.225444e-02
1.110000e-01 3.283150e-02
1.120000e-01 3.341332e-02
1.130000e-01 3.399992e-02
1.140000e-01 3.459126e-02
1.150000e-01 3.518734e-02
1.160000e-01 3.578814e-02
1.170000e-01 3.639366e-02
1.180000e-01 3.700388e-02
1.190000e-01 3.761878e-02
1.200000e-01 3.823836e-02
1.210000e-01 3.886259e-02
1.220000e-01 3.949147e-02
1.230000e-01 4.012498e-02
1.240000e-01 4.076311e-02
1.250000e-01 4.140584e-02
1.260000e-01 4.205316e-02
1.270000e-01 4.270506e-02
1.280000e-01 4.336151e-02
1.290000e-01 4.402251e-02
1.300000e-01 4.468805e-02
1.310000e-01 4.535810e-02
1.320000e-01 4.603265e-02
1.330000e-01 4.671168e-02
1.340000e-01 4.739519e-02
1.350000e-01 4.808316e-02
1.360000e-01 4.877556e-02
1.370000e-01 4.947238e-02
1.380000e-01 5.017362e-02
1.390000e-01 5.087925e-02
1.400000e-01 5.158925e-02
1.410000e-01 5.230361e-02
1.420000e-01 5.302232e-02
1.430000e-01 5.374535e-02
1.440000e-01 5.447269e-02
1.450000e-01 5.520433e-02
1.460000e-01 5.594024e-02
1.470000e-01 5.668041e-02
1.480000e-01 5.742482e-02
1.490000e-01 5.817346e-02
1.500000e-01 5.892630e-02
1.510000e-01 5.968334e-02
1.520000e-01 6.044454e-02
1.530000e-01 6.120990e-02
1.540000e-01 6.197939e-02
1.550000e-01 6.275300e-02
1.560000e-01 6.353070e-02
1.570000e-01 6.431249e-02
1.580000e-01 6.509833e-02
1.590000e-01 6.588822e-02
1.600000e-01 6.668213e-02
1.610000e-01 6.748005e-02
1.620000e-01 6.828194e-02
1.630000e-01 6.908781e-02
1.640000e-01 6.989761e-02
1.650000e-01 7.071135e-02
1.660000e-01 7.152898e-02
1.670000e-01 7.235051e-02
1.680000e-01 7.317589e-02
1.690000e-01 7.400512e-02
1.700000e-01 7.483818e-02
1.710000e-01 7.567503e-02
1.720000e-01 7.651567e-02
1.730000e-01 7.736007e-02
1.740000e-01 7.820821e-02
1.750000e-01 7.906007e-02
1.760000e-01 7.991562e-02
1.770000e-01 8.077485e-02
1.780000e-01 8.163773e-02
1.790000e-01 8.250424e-02
1.800000e-01 8.337436e-02
1.810000e-01 8.424807e-02
1.820000e-01 8.512534e-02
1.830000e-01 8.600615e-02
1.840000e-01 8.689048e-02
1.850000e-01 8.777831e-02
1.860000e-01 8.866960e-02
1.870000e-01 8.956435e-02
1.880000e-01 9.046252e-02
1.890000e-01 9.136409e-02
1.900000e-01 9.226904e-02
1.910000e-01 9.317734e-02
1.920000e-01 9.408898e-02
1.930000e-01 9.500391e-02
1.940000e-01 9.592213e-02
1.950000e-01 9.684361e-02
1.960000e-01 9.776831e-02
1.970000e-01 9.869623e-02
1.980000e-01 9.962732e-02
1.990000e-01 1.005616e-01
2.000000e-01 1.014989e-01
2.010000e-01 1.024394e-01
2.020000e-01 1.033830e-01
2.030000e-01 1.043296e-01
2.040000e-01 1.052792e-01
2.050000e-01 1.062319e-01
2.060000e-01 1.071875e-01
2.070000e-01 1.081461e-01
2.080000e-01 1.091076e-01
2.090000e-01 1.100719e-01
2.100000e-01 1.110392e-01
2.110000e-01 1.120092e-01
2.120000e-01 1.129821e-01
2.130000e-01 1.139578e-01
2.140000e-01 1.149362e-01
2.150000e-01 1.159174e-01
2.160000e-01 1.169013e-01
2.170000e-01 1.178878e-01
2.180000e-01 1.188769e-01
2.190000e-01 1.198687e-01
2.200000e-01 1.208631e-01
2.210000e-01 1.218600e-01
2.220000e-01 1.228595e-01
2.230000e-01 1.238614e-01
2.240000e-01 1.248658e-01
2.250000e-01 1.258726e-01
2.260000e-01 1.268819e-01
2.270000e-01 1.278935e-01
2.280000e-01 1.289075e-01
2.290000e-01 1.299238e-01
2.300000e-01 1.309424e-01
2.310000e-01 1.319632e-01
2.320000e-01 1.329862e-01
2.330000e-01 1.340115e-01
2.340000e-01 1.350389e-01
2.350000e-01 1.360684e-01
2.360000e-01 1.371001e-01
2.370000e-01 1.381337e-01
2.380000e-01 1.391695e-01
2.390000e-01 1.402072e-01
2.400000e-01 1.412469e-01
2.410000e-01 1.422885e-01
2.420000e-01 1.433321e-01
2.430000e-01 1.443775e-01
2.440000e-01 1.454247e-01
2.450000e-01 1.464737e-01
2.460000e-01 1.475245e-01
2.470000e-01 1.485771e-01
2.480000e-01 1.496313e-01
2.490000e-01 1.506872e-01
2.500000e-01 1.517448e-01
2.510000e-01 1.528039e-01
2.520000e-01 1.538646e-01
2.530000e-01 1.549269e-01
2.540000e-01 1.559906e-01
2.550000e-01 1.570558e-01
2.560000e-01 1.581224e-01
2.570000e-01 1.591904e-01
2.580000e-01 1.602598e-01
2.590000e-01 1.613304e-01
2.600000e-01 1.624024e-01
2.610000e-01 1.634756e-01
2.620000e-01 1.645500e-01
2.630000e-01 1.656255e-01
2.640000e-01 1.667022e-01
2.650000e-01 1.677800e-01
2.660000e-01 1.688589e-01
2.670000e-01 1.699388e-01
2.680000e-01 1.710196e-01
2.690000e-01 1.721014e-01
2.700000e-01 1.731841e-01
2.710000e-01 1.742677e-01
2.720000e-01 1.753521e-01
2.730000e-01 1.764374e-01
2.740000e-01 1.775233e-01
2.750000e-01 1.786100e-01
2.760000e-01 1.796974e-01
2.770000e-01 1.807854e-01
2.780000e-01 1.818740e-01
2.790000e-01 1.829631e-01
2.800000e-01 1.840528e-01
2.810000e-01 1.851429e-01
2.820000e-01 1.862335e-01
2.830000e-01 1.873245e-01
2.840000e-01 1.884159e-01
2.850000e-01 1.895076e-01
2.860000e-01 1.905995e-01
2.870000e-01 1.916917e-01
2.880000e-01 1.927841e-01
2.890000e-01 1.938766e-01
2.900000e-01 1.949692e-01
2.910000e-01 1.960619e-01
2.920000e-01 1.971547e-01
2.930000e-01 1.982474e-01
2.940000e-01 1.993401e-01
2.950000e-01 2.004327e-01
2.960000e-01 2.015251e-01
2.970000e-01 2.026174e-01
2.980000e-01 2.037094e-01
2.990000e-01 2.048012e-01
3.000000e-01 2.058926e-01
3.010000e-01 2.069837e-01
3.020000e-01 2.080744e-01
3.030000e-01 2.091646e-01
3.040000e-01 2.102544e-01
3.050000e-01 2.113436e-01
3.060000e-01 2.124323e-01
3.070000e-01 2.135203e-01
3.080000e-01 2.146077e-01
3.090000e-01 2.156944e-01
3.100000e-01 2.167803e-01
3.110000e-01 2.178654e-01
3.120000e-01 2.189497e-01
3.130000e-01 2.200331e-01
3.140000e-01 2.211155e-01
3.150000e-01 2.221970e-01
3.160000e-01 2.232774e-01
3.170000e-01 2.243568e-01
3.180000e-01 2.254350e-01
3.190000e-01 2.265121e-01
3.200000e-01 2.275880e-01
3.210000e-01 2.286626e-01
3.220000e-01 2.297359e-01
3.230000e-01 2.308079e-01
3.240000e-01 2.318785e-01
3.250000e-01 2.329476e-01
3.260000e-01 2.340152e-01
3.270000e-01 2.350813e-01
3.280000e-01 2.361458e-01
3.290000e-01 2.372087e-01
3.300000e-01 2.382699e-01
3.310000e-01 2.393293e-01
3.320000e-01 2.403870e-01
3.330000e-01 2.414428e-01
3.340000e-01 2.424968e-01
3.350000e-01 2.435488e-01
3.360000e-01 2.445989e-01
3.370000e-01 2.456469e-01
3.380000e-01 2.466929e-01
3.390000e-01 2.477367e-01
3.400000e-01 2.487784e-01
3.410000e-01 2.498178e-01
3.420000e-01 2.508550e-01
3.430000e-01 2.518899e-01
3.440000e-01 2.529224e-01
3.450000e-01 2.539524e-01
3.460000e-01 2.549800e-01
3.470000e-01 2.560051e-01
3.480000e-01 2.570276e-01
3.490000e-01 2.580475e-01
3.500000e-01 2.590647e-01
3.510000e-01 2.600792e-01
3.520000e-01 2.610909e-01
3.530000e-01 2.620998e-01
3.540000e-01 2.631059e-01
3.550000e-01 2.641089e-01
3.560000e-01 2.651091e-01
3.570000e-01 2.661061e-01
3.580000e-01 2.671001e-01
3.590000e-01 2.680910e-01
3.600000e-01 2.690787e-01
3.610000e-01 2.700631e-01
3.620000e-01 2.710443e-01
3.630000e-01 2.720221e-01
3.640000e-01 2.729965e-01
3.650000e-01 2.739675e-01
3.660000e-01 2.749350e-01
3.670000e-01 2.758989e-01
3.680000e-01 2.768592e-01
3.690000e-01 2.778159e-01
3.700000e-01 2.787689e-01
3.710000e-01 2.797181e-01
3.720000e-01 2.806634e-01
3.730000e-01 2.816050e-01
3.740000e-01 2.825426e-01
3.750000e-01 2.834762e-01
3.760000e-01 2.844058e-01
3.770000e-01 2.853313e-01
3.780000e-01 2.862527e-01
3.790000e-01 2.871699e-01
3.800000e-01 2.880829e-01
3.810000e-01 2.889915e-01
3.820000e-01 2.898958e-01
3.830000e-01 2.907958e-01
3.840000e-01 2.916912e-01
3.850000e-01 2.925822e-01
3.860000e-01 2.934686e-01
3.870000e-01 2.943503e-01
3.880000e-01 2.952274e-01
3.890000e-01 2.960998e-01
3.900000e-01 2.969674e-01
3.910000e-01 2.978302e-01
3.920000e-01 2.986881e-01
3.930000e-01 2.995410e-01
3.940000e-01 3.003889e-01
3.950000e-01 3.012318e-01
3.960000e-01 3.020696e-01
3.970000e-01 3.029023e-01
3.980000e-01 3.037297e-01
3.990000e-01 3.045518e-01
4.000000e-01 3.053686e-01
4.010000e-01 3.061801e-01
4.020000e-01 3.069861e-01
4.030000e-01 3.077867e-01
4.040000e-01 3.085817e-01
4.050000e-01 3.093711e-01
4.060000e-01 3.101548e-01
4.070000e-01 3.109329e-01
4.080000e-01 3.117052e-01
4.090000e-01 3.124716e-01
4.100000e-01 3.132323e-01
4.110000e-01 3.139869e-01
4.120000e-01 3.147357e-01
4.130000e-01 3.154784e-01
4.140000e-01 3.162150e-01
4.150000e-01 3.169454e-01
4.160000e-01 3.176697e-01
4.170000e-01 3.183877e-01
4.180000e-01 3.190994e-01
4.190000e-01 3.198048e-01
4.200000e-01 3.205037e-01
4.210000e-01 3.211962e-01
4.220000e-01 3.218822e-01
4.230000e-01 3.225616e-01
4.240000e-01 3.232344e-01
4.250000e-01 3.239004e-01
4.260000e-01 3.245598e-01
4.270000e-01 3.252124e-01
4.280000e-01 3.258581e-01
4.290000e-01 3.264969e-01
4.300000e-01 3.271288e-01
4.310000e-01 3.277536e-01
4.320000e-01 3.283714e-01
4.330000e-01 3.289821e-01
4.340000e-01 3.295856e-01
4.350000e-01 3.301819e-01
4.360000e-01 3.307710e-01
4.370000e-01 3.313527e-01
4.380000e-01 3.319270e-01
4.390000e-01 3.324939e-01
4.400000e-01 3.330533e-01
4.410000e-01 3.336052e-01
4.420000e-01 3.341494e-01
4.430000e-01 3.346861e-01
4.440000e-01 3.352150e-01
4.450000e-01 3.357362e-01
4.460000e-01 3.362496e-01
4.470000e-01 3.367551e-01
4.480000e-01 3.372528e-01
4.490000e-01 3.377424e-01
4.500000e-01 3.382241e-01
4.510000e-01 3.386977e-01
4.520000e-01 3.391632e-01
4.530000e-01 3.396205e-01
4.540000e-01 3.400697e-01
4.550000e-01 3.405105e-01
4.560000e-01 3.409430e-01
4.570000e-01 3.413672e-01
4.580000e-01 3.417830e-01
4.590000e-01 3.421902e-01
4.600000e-01 3.425890e-01
4.610000e-01 3.429792e-01
4.620000e-01 3.433608e-01
4.630000e-01 3.437337e-01
4.640000e-01 3.440979e-01
4.650000e-01 3.444533e-01
4.660000e-01 3.447999e-01
4.670000e-01 3.451376e-01
4.680000e-01 3.454665e-01
4.690000e-01 3.457863e-01
4.700000e-01 3.460972e-01
4.710000e-01 3.463990e-01
4.720000e-01 3.466917e-01
4.730000e-01 3.469752e-01
4.740000e-01 3.472496e-01
4.750000e-01 3.475146e-01
4.760000e-01 3.477704e-01
4.770000e-01 3.480169e-01
4.780000e-01 3.482540e-01
4.790000e-01 3.484816e-01
4.800000e-01 3.486997e-01
4.810000e-01 3.489084e-01
4.820000e-01 3.491074e-01
4.830000e-01 3.492968e-01
4.840000e-01 3.494766e-01
4.850000e-01 3.496467e-01
4.860000e-01 3.498070e-01
4.870000e-01 3.499575e-01
4.880000e-01 3.500982e-01
4.890000e-01 3.502290e-01
4.900000e-01 3.503499e-01
4.910000e-01 3.504608e-01
4.920000e-01 3.505617e-01
4.930000e-01 3.506525e-01
4.940000e-01 3.507333e-01
4.950000e-01 3.508039e-01
4.960000e-01 3.508643e-01
4.970000e-01 3.509145e-01
4.980000e-01 3.509545e-01
4.990000e-01 3.509842e-01
5.000000e-01 3.510035e-01
5.010000e-01 3.510124e-01
5.020000e-01 3.510110e-01
5.030000e-01 3.509990e-01
5.040000e-01 3.509766e-01
5.050000e-01 3.509437e-01
5.060000e-01 3.509002e-01
5.070000e-01 3.508460e-01
5.080000e-01 3.507813e-01
5.090000e-01 3.507058e-01
5.100000e-01 3.506196e-01
5.110000e-01 3.505227e-01
5.120000e-01 3.504150e-01
5.130000e-01 3.502965e-01
5.140000e-01 3.501671e-01
5.150000e-01 3.500268e-01
5.160000e-01 3.498756e-01
5.170000e-01 3.497134e-01
5.180000e-01 3.495402e-01
5.190000e-01 3.493560e-01
5.200000e-01 3.491608e-01
5.210000e-01 3.489545e-01
5.220000e-01 3.487370e-01
5.230000e-01 3.485084e-01
5.240000e-01 3.482687e-01
5.250000e-01 3.480177e-01
5.260000e-01 3.477554e-01
5.270000e-01 3.474820e-01
5.280000e-01 3.471972e-01
5.290000e-01 3.469011e-01
5.300000e-01 3.465936e-01
5.310000e-01 3.462748e-01
5.320000e-01 3.459445e-01
5.330000e-01 3.456028e-01
5.340000e-01 3.452497e-01
5.350000e-01 3.448851e-01
5.360000e-01 3.445090e-01
5.370000e-01 3.441214e-01
5.380000e-01 3.437222e-01
5.390000e-01 3.433114e-01
5.400000e-01 3.428891e-01
5.410000e-01 3.424551e-01
5.420000e-01 3.420095e-01
5.430000e-01 3.415522e-01
5.440000e-01 3.410832e-01
5.450000e-01 3.406026e-01
5.460000e-01 3.401102e-01
5.470000e-01 3.396061e-01
5.480000e-01 3.390903e-01
5.490000e-01 3.385626e-01
5.500000e-01 3.380232e-01
5.510000e-01 3.374720e-01
5.520000e-01 3.369090e-01
5.530000e-01 3.363341e-01
5.540000e-01 3.357474e-01
5.550000e-01 3.351488e-01
5.560000e-01 3.345384e-01
5.570000e-01 3.339160e-01
5.580000e-01 3.332818e-01
5.590000e-01 3.326357e-01
5.600000e-01 3.319776e-01
5.610000e-01 3.313076e-01
5.620000e-01 3.306257e-01
5.630000e-01 3.299318e-01
5.640000e-01 3.292260e-01
5.650000e-01 3.285082e-01
5.660000e-01 3.277785e-01
5.670000e-01 3.270367e-01
5.680000e-01 3.262830e-01
5.690000e-01 3.255174e-01
5.700000e-01 3.247397e-01
5.710000e-01 3.239500e-01
5.720000e-01 3.231484e-01
5.730000e-01 3.223347e-01
5.740000e-01 3.215091e-01
5.750000e-01 3.206714e-01
5.760000e-01 3.198218e-01
5.770000e-01 3.189601e-01
5.780000e-01 3.180865e-01
5.790000e-01 3.172009e-01
5.800000e-01 3.163033e-01
5.810000e-01 3.153937e-01
5.820000e-01 3.144721e-01
5.830000e-01 3.135386e-01
5.840000e-01 3.125931e-01
5.850000e-01 3.116356e-01
5.860000e-01 3.106662e-01
5.870000e-01 3.096849e-01
5.880000e-01 3.086916e-01
5.890000e-01 3.076863e-01
5.900000e-01 3.066692e-01
5.910000e-01 3.056402e-01
5.920000e-01 3.045992e-01
5.930000e-01 3.035464e-01
5.940000e-01 3.024818e-01
5.950000e-01 3.014052e-01
5.960000e-01 3.003169e-01
5.970000e-01 2.992167e-01
5.980000e-01 2.981048e-01
5.990000e-01 2.969810e-01
6.000000e-01 2.958455e-01
6.010000e-01 2.946982e-01
6.020000e-01 2.935392e-01
6.030000e-01 2.923685e-01
6.040000e-01 2.911862e-01
6.050000e-01 2.899921e-01
6.060000e-01 2.887865e-01
6.070000e-01 2.875692e-01
6.080000e-01 2.863403e-01
6.090000e-01 2.850999e-01
6.100000e-01 2.838479e-01
6.110000e-01 2.825845e-01
6.120000e-01 2.813095e-01
6.130000e-01 2.800231e-01
6.140000e-01 2.787253e-01
6.150000e-01 2.774161e-01
6.160000e-01 2.760955e-01
6.170000e-01 2.747637e-01
6.180000e-01 2.734205e-01
6.190000e-01 2.720661e-01
6.200000e-01 2.707004e-01
6.210000e-01 2.693236e-01
6.220000e-01 2.679356e-01
6.230000e-01 2.665366e-01
6.240000e-01 2.651264e-01
6.250000e-01 2.637052e-01
6.260000e-01 2.622731e-01
6.270000e-01 2.608299e-01
6.280000e-01 2.593759e-01
6.290000e-01 2.579110e-01
6.300000e-01 2.564353e-01
6.310000e-01 2.549489e-01
6.320000e-01 2.534517e-01
6.330000e-01 2.519438e-01
6.340000e-01 2.504253e-01
6.350000e-01 2.488962e-01
6.360000e-01 2.473566e-01
6.370000e-01 2.458065e-01
6.380000e-01 2.442459e-01
6.390000e-01 2.426750e-01
6.400000e-01 2.410938e-01
6.410000e-01 2.395022e-01
6.420000e-01 2.379005e-01
6.430000e-01 2.362886e-01
6.440000e-01 2.346666e-01
6.450000e-01 2.330346e-01
6.460000e-01 2.313925e-01
6.470000e-01 2.297406e-01
6.480000e-01 2.280788e-01
6.490000e-01 2.264071e-01
6.500000e-01 2.247257e-01
6.510000e-01 2.230347e-01
6.520000e-01 2.213340e-01
6.530000e-01 2.196238e-01
6.540000e-01 2.179041e-01
6.550000e-01 2.161750e-01
6.560000e-01 2.144365e-01
6.570000e-01 2.126888e-01
6.580000e-01 2.109318e-01
6.590000e-01 2.091657e-01
6.600000e-01 2.073905e-01
6.610000e-01 2.056064e-01
6.620000e-01 2.038133e-01
6.630000e-01 2.020113e-01
6.640000e-01 2.002006e-01
6.650000e-01 1.983813e-01
6.660000e-01 1.965532e-01
6.670000e-01 1.947167e-01
6.680000e-01 1.928717e-01
6.690000e-01 1.910183e-01
6.700000e-01 1.891566e-01
6.710000e-01 1.872867e-01
6.720000e-01 1.854086e-01
6.730000e-01 1.835225e-01
6.740000e-01 1.816285e-01
6.750000e-01 1.797265e-01
6.760000e-01 1.778168e-01
6.770000e-01 1.758994e-01
6.780000e-01 1.739743e-01
6.790000e-01 1.720417e-01
6.800000e-01 1.701017e-01
6.810000e-01 1.681543e-01
6.820000e-01 1.661997e-01
6.830000e-01 1.642379e-01
6.840000e-01 1.622691e-01
6.850000e-01 1.602932e-01
6.860000e-01 1.583105e-01
6.870000e-01 1.563211e-01
6.880000e-01 1.543249e-01
6.890000e-01 1.523221e-01
6.900000e-01 1.503129e-01
6.910000e-01 1.482973e-01
6.920000e-01 1.462754e-01
6.930000e-01 1.442473e-01
6.940000e-01 1.422131e-01
6.950000e-01 1.401730e-01
6.960000e-01 1.381269e-01
6.970000e-01 1.360752e-01
6.980000e-01 1.340177e-01
6.990000e-01 1.319547e-01
7.000000e-01 1.298863e-01
7.010000e-01 1.278125e-01
7.020000e-01 1.257335e-01
7.030000e-01 1.236494e-01
7.040000e-01 1.215603e-01
7.050000e-01 1.194663e-01
7.060000e-01 1.173675e-01
7.070000e-01 1.152640e-01
7.080000e-01 1.131560e-01
7.090000e-01 1.110436e-01
7.100000e-01 1.089268e-01
7.110000e-01 1.068058e-01
7.120000e-01 1.046808e-01
7.130000e-01 1.025518e-01
7.140000e-01 1.004189e-01
7.150000e-01 9.828237e-02
7.160000e-01 9.614220e-02
7.170000e-01 9.399854e-02
7.180000e-01 9.185153e-02
7.190000e-01 8.970128e-02
7.200000e-01 8.754792e-02
7.210000e-01 8.539157e-02
7.220000e-01 8.323237e-02
7.230000e-01 8.107043e-02
7.240000e-01 7.890588e-02
7.250000e-01 7.673886e-02
7.260000e-01 7.456949e-02
7.270000e-01 7.239790e-02
7.280000e-01 7.022422e-02
7.290000e-01 6.804858e-02
7.300000e-01 6.587111e-02
7.310000e-01 6.369195e-02
7.320000e-01 6.151123e-02
7.330000e-01 5.932907e-02
7.340000e-01 5.714562e-02
7.350000e-01 5.496102e-02
7.360000e-01 5.277538e-02
7.370000e-01 5.058886e-02
7.380000e-01 4.840159e-02
7.390000e-01 4.621371e-02
7.400000e-01 4.402535e-02
7.410000e-01 4.183665e-02
7.420000e-01 3.964775e-02
7.430000e-01 3.745880e-02
7.440000e-01 3.526992e-02
7.450000e-01 3.308127e-02
7.460000e-01 3.089299e-02
7.470000e-01 2.870521e-02
7.480000e-01 2.651808e-02
7.490000e-01 2.433175e-02
7.500000e-01 2.214635e-02
7.510000e-01 1.996203e-02
7.520000e-01 1.777893e-02
7.530000e-01 1.559721e-02
7.540000e-01 1.341700e-02
7.550000e-01 1.123845e-02
7.560000e-01 9.061711e-03
7.570000e-01 6.886928e-03
7.580000e-01 4.714249e-03
7.590000e-01 2.543820e-03
7.600000e-01 3.757914e-04
7.610000e-01 -1.789689e-03
7.620000e-01 -3.952473e-03
7.630000e-01 -6.112409e-03
7.640000e-01 -8.269348e-03
7.650000e-01 -1.042314e-02
7.660000e-01 -1.257364e-02
7.670000e-01 -1.472068e-02
7.680000e-01 -1.686413e-02
7.690000e-01 -1.900382e-02
7.700000e-01 -2.113961e-02
7.710000e-01 -2.327134e-02
7.720000e-01 -2.539887e-02
7.730000e-01 -2.752204e-02
7.740000e-01 -2.964069e-02
7.750000e-01 -3.175467e-02
7.760000e-01 -3.386383e-02
7.770000e-01 -3.596802e-02
7.780000e-01 -3.806708e-02
7.790000e-01 -4.016085e-02
7.800000e-01 -4.224919e-02
7.810000e-01 -4.433194e-02
7.820000e-01 -4.640894e-02
7.830000e-01 -4.848004e-02
7.840000e-01 -5.054509e-02
7.850000e-01 -5.260392e-02
7.860000e-01 -5.465639e-02
7.870000e-01 -5.670234e-02
7.880000e-01 -5.874161e-02
7.890000e-01 -6.077405e-02
7.900000e-01 -6.279950e-02
7.910000e-01 -6.481781e-02
7.920000e-01 -6.682882e-02
7.930000e-01 -6.883238e-02
7.940000e-01 -7.082833e-02
7.950000e-01 -7.281652e-02
7.960000e-01 -7.479679e-02
7.970000e-01 -7.676899e-02
7.980000e-01 -7.873296e-02
7.990000e-01 -8.068854e-02
8.000000e-01 -8.263558e-02
8.010000e-01 -8.457393e-02
8.020000e-01 -8.650343e-02
8.030000e-01 -8.842393e-02
8.040000e-01 -9.033527e-02
8.050000e-01 -9.223730e-02
8.060000e-01 -9.412987e-02
8.070000e-01 -9.601281e-02
8.080000e-01 -9.788599e-02
8.090000e-01 -9.974923e-02
8.100000e-01 -1.016024e-01
8.110000e-01 -1.034453e-01
8.120000e-01 -1.052779e-01
8.130000e-01 -1.070999e-01
8.140000e-01 -1.089112e-01
8.150000e-01 -1.107117e-01
8.160000e-01 -1.125012e-01
8.170000e-01 -1.142796e-01
8.180000e-01 -1.160467e-01
8.190000e-01 -1.178023e-01
8.200000e-01 -1.195463e-01
8.210000e-01 -1.212786e-01
8.220000e-01 -1.229991e-01
8.230000e-01 -1.247074e-01
8.240000e-01 -1.264036e-01
8.250000e-01 -1.280875e-01
8.260000e-01 -1.297589e-01
8.270000e-01 -1.314176e-01
8.280000e-01 -1.330637e-01
8.290000e-01 -1.346967e-01
8.300000e-01 -1.363168e-01
8.310000e-01 -1.379236e-01
8.320000e-01 -1.395171e-01
8.330000e-01 -1.410971e-01
8.340000e-01 -1.426635e-01
8.350000e-01 -1.442161e-01
8.360000e-01 -1.457548e-01
8.370000e-01 -1.472795e-01
8.380000e-01 -1.487899e-01
8.390000e-01 -1.502861e-01
8.400000e-01 -1.517678e-01
8.410000e-01 -1.532349e-01
8.420000e-01 -1.546872e-01
8.430000e-01 -1.561247e-01
8.440000e-01 -1.575472e-01
8.450000e-01 -1.589546e-01
8.460000e-01 -1.603467e-01
8.470000e-01 -1.617234e-01
8.480000e-01 -1.630846e-01
8.490000e-01 -1.644301e-01
8.500000e-01 -1.657599e-01
8.510000e-01 -1.670737e-01
8.520000e-01 -1.683715e-01
8.530000e-01 -1.696531e-01
8.540000e-01 -1.709185e-01
8.550000e-01 -1.721674e-01
8.560000e-01 -1.733998e-01
8.570000e-01 -1.746156e-01
8.580000e-01 -1.758146e-01
8.590000e-01 -1.769967e-01
8.600000e-01 -1.781617e-01
8.610000e-01 -1.793097e-01
8.620000e-01 -1.804404e-01
8.630000e-01 -1.815538e-01
8.640000e-01 -1.826497e-01
8.650000e-01 -1.837280e-01
8.660000e-01 -1.847887e-01
8.670000e-01 -1.858315e-01
8.680000e-01 -1.868564e-01
8.690000e-01 -1.878634e-01
8.700000e-01 -1.888522e-01
8.710000e-01 -1.898228e-01
8.720000e-01 -1.907750e-01
8.730000e-01 -1.917089e-01
8.740000e-01 -1.926242e-01
8.750000e-01 -1.935209e-01
8.760000e-01 -1.943989e-01
8.770000e-01 -1.952580e-01
8.780000e-01 -1.960983e-01
8.790000e-01 -1.969196e-01
8.800000e-01 -1.977217e-01
8.810000e-01 -1.985047e-01
8.820000e-01 -1.992685e-01
8.830000e-01 -2.000128e-01
8.840000e-01 -2.007378e-01
8.850000e-01 -2.014432e-01
8.860000e-01 -2.021290e-01
8.870000e-01 -2.027952e-01
8.880000e-01 -2.034415e-01
8.890000e-01 -2.040681e-01
8.900000e-01 -2.046747e-01
8.910000e-01 -2.052614e-01
8.920000e-01 -2.058280e-01
8.930000e-01 -2.063744e-01
8.940000e-01 -2.069007e-01
8.950000e-01 -2.074068e-01
8.960000e-01 -2.078925e-01
8.970000e-01 -2.083578e-01
8.980000e-01 -2.088026e-01
8.990000e-01 -2.092270e-01
9.000000e-01 -2.096308e-01
9.010000e-01 -2.100140e-01
9.020000e-01 -2.103765e-01
9.030000e-01 -2.107183e-01
9.040000e-01 -2.110393e-01
9.050000e-01 -2.113396e-01
9.060000e-01 -2.116189e-01
9.070000e-01 -2.118773e-01
9.080000e-01 -2.121148e-01
9.090000e-01 -2.123313e-01
9.100000e-01 -2.125268e-01
9.110000e-01 -2.127012e-01
9.120000e-01 -2.128545e-01
9.130000e-01 -2.129867e-01
9.140000e-01 -2.130977e-01
9.150000e-01 -2.131876e-01
9.160000e-01 -2.132562e-01
9.170000e-01 -2.133036e-01
9.180000e-01 -2.133297e-01
9.190000e-01 -2.133346e-01
9.200000e-01 -2.133181e-01
9.210000e-01 -2.132804e-01
9.220000e-01 -2.132214e-01
9.230000e-01 -2.131410e-01
9.240000e-01 -2.130392e-01
9.250000e-01 -2.129162e-01
9.260000e-01 -2.127717e-01
9.270000e-01 -2.126060e-01
9.280000e-01 -2.124188e-01
9.290000e-01 -2.122104e-01
9.300000e-01 -2.119805e-01
9.310000e-01 -2.117294e-01
9.320000e-01 -2.114569e-01
9.330000e-01 -2.111631e-01
9.340000e-01 -2.108480e-01
9.350000e-01 -2.105116e-01
9.360000e-01 -2.101539e-01
9.370000e-01 -2.097750e-01
9.380000e-01 -2.093749e-01
9.390000e-01 -2.089536e-01
9.400000e-01 -2.085110e-01
9.410000e-01 -2.080474e-01
9.420000e-01 -2.075626e-01
9.430000e-01 -2.070568e-01
9.440000e-01 -2.065299e-01
9.450000e-01 -2.059821e-01
9.460000e-01 -2.054132e-01
9.470000e-01 -2.048235e-01
9.480000e-01 -2.042129e-01
9.490000e-01 -2.035815e-01
9.500000e-01 -2.029293e-01
9.510000e-01 -2.022564e-01
9.520000e-01 -2.015628e-01
9.530000e-01 -2.008487e-01
9.540000e-01 -2.001140e-01
9.550000e-01 -1.993588e-01
9.560000e-01 -1.985833e-01
9.570000e-01 -1.977874e-01
9.580000e-01 -1.969712e-01
9.590000e-01 -1.961348e-01
9.600000e-01 -1.952783e-01
9.610000e-01 -1.944018e-01
9.620000e-01 -1.935053e-01
9.630000e-01 -1.925889e-01
9.640000e-01 -1.916527e-01
9.650000e-01 -1.906968e-01
9.660000e-01 -1.897213e-01
9.670000e-01 -1.887263e-01
9.680000e-01 -1.877118e-01
9.690000e-01 -1.866781e-01
9.700000e-01 -1.856250e-01
9.710000e-01 -1.845529e-01
9.720000e-01 -1.834617e-01
9.730000e-01 -1.823516e-01
9.740000e-01 -1.812227e-01
9.750000e-01 -1.800751e-01
9.760000e-01 -1.789089e-01
9.770000e-01 -1.777243e-01
9.780000e-01 -1.765213e-01
9.790000e-01 -1.753000e-01
9.800000e-01 -1.740607e-01
9.810000e-01 -1.728034e-01
9.820000e-01 -1.715282e-01
9.830000e-01 -1.702354e-01
9.840000e-01 -1.689249e-01
9.850000e-01 -1.675970e-01
9.860000e-01 -1.662518e-01
9.870000e-01 -1.648894e-01
9.880000e-01 -1.635100e-01
9.890000e-01 -1.621137e-01
9.900000e-01 -1.607006e-01
9.910000e-01 -1.592710e-01
9.920000e-01 -1.578250e-01
9.930000e-01 -1.563626e-01
9.940000e-01 -1.548841e-01
9.950000e-01 -1.533897e-01
9.960000e-01 -1.518795e-01
9.970000e-01 -1.503536e-01
9.980000e-01 -1.488122e-01
9.990000e-01 -1.472556e-01
