-1.000000e+00 5.756463e-01
-9.990000e-01 -5.417197e+04
-9.980000e-01 -1.023494e+05
-9.970000e-01 -1.449781e+05
-9.960000e-01 -1.824778e+05
-9.950000e-01 -2.152426e+05
-9.940000e-01 -2.436426e+05
-9.930000e-01 -2.680252e+05
-9.920000e-01 -2.887158e+05
-9.910000e-01 -3.060197e+05
-9.900000e-01 -3.202225e+05
-9.890000e-01 -3.315915e+05
-9.880000e-01 -3.403765e+05
-9.870000e-01 -3.468112e+05
-9.860000e-01 -3.511133e+05
-9.850000e-01 -3.534862e+05
-9.840000e-01 -3.541192e+05
-9.830000e-01 -3.531884e+05
-9.820000e-01 -3.508580e+05
-9.810000e-01 -3.472800e+05
-9.800000e-01 -3.425957e+05
-9.790000e-01 -3.369362e+05
-9.780000e-01 -3.304224e+05
-9.770000e-01 -3.231665e+05
-9.760000e-01 -3.152718e+05
-9.750000e-01 -3.068335e+05
-9.740000e-01 -2.979394e+05
-9.730000e-01 -2.886699e+05
-9.720000e-01 -2.790989e+05
-9.710000e-01 -2.692937e+05
-9.700000e-01 -2.593162e+05
-9.690000e-01 -2.492224e+05
-9.680000e-01 -2.390633e+05
-9.670000e-01 -2.288850e+05
-9.660000e-01 -2.187292e+05
-9.650000e-01 -2.086334e+05
-9.640000e-01 -1.986312e+05
-9.630000e-01 -1.887524e+05
-9.620000e-01 -1.790236e+05
-9.610000e-01 -1.694683e+05
-9.600000e-01 -1.601069e+05
-9.590000e-01 -1.509572e+05
-9.580000e-01 -1.420346e+05
-9.570000e-01 -1.333521e+05
-9.560000e-01 -1.249205e+05
-9.550000e-01 -1.167488e+05
-9.540000e-01 -1.088441e+05
-9.530000e-01 -1.012118e+05
-9.520000e-01 -9.385601e+04
-9.510000e-01 -8.677921e+04
-9.500000e-01 -7.998278e+04
-9.490000e-01 -7.346690e+04
-9.480000e-01 -6.723073e+04
-9.470000e-01 -6.127251e+04
-9.460000e-01 -5.558963e+04
-9.450000e-01 -5.017872e+04
-9.440000e-01 -4.503577e+04
-9.430000e-01 -4.015616e+04
-9.420000e-01 -3.553474e+04
-9.410000e-01 -3.116594e+04
-9.400000e-01 -2.704375e+04
-9.390000e-01 -2.316187e+04
-9.380000e-01 -1.951369e+04
-9.370000e-01 -1.609236e+04
-9.360000e-01 -1.289086e+04
-9.350000e-01 -9.902001e+03
-9.340000e-01 -7.118491e+03
-9.330000e-01 -4.532960e+03
-9.320000e-01 -2.137992e+03
-9.310000e-01 7.384343e+01
-9.300000e-01 2.109970e+03
-9.290000e-01 3.977775e+03
-9.280000e-01 5.684592e+03
-9.270000e-01 7.237677e+03
-9.260000e-01 8.644196e+03
-9.250000e-01 9.911206e+03
-9.240000e-01 1.104564e+04
-9.230000e-01 1.205430e+04
-9.220000e-01 1.294384e+04
-9.210000e-01 1.372076e+04
-9.200000e-01 1.439141e+04
-9.190000e-01 1.496194e+04
-9.180000e-01 1.543835e+04
-9.170000e-01 1.582647e+04
-9.160000e-01 1.613192e+04
-9.150000e-01 1.636014e+04
-9.140000e-01 1.651641e+04
-9.130000e-01 1.660578e+04
-9.120000e-01 1.663314e+04
-9.110000e-01 1.660317e+04
-9.100000e-01 1.652039e+04
-9.090000e-01 1.638911e+04
-9.080000e-01 1.621346e+04
-9.070000e-01 1.599738e+04
-9.060000e-01 1.574465e+04
-9.050000e-01 1.545884e+04
-9.040000e-01 1.514338e+04
-9.030000e-01 1.480151e+04
-9.020000e-01 1.443629e+04
-9.010000e-01 1.405064e+04
-9.000000e-01 1.364731e+04
-8.990000e-01 1.322890e+04
-8.980000e-01 1.279785e+04
-8.970000e-01 1.235646e+04
-8.960000e-01 1.190687e+04
-8.950000e-01 1.145112e+04
-8.940000e-01 1.099108e+04
-8.930000e-01 1.052851e+04
-8.920000e-01 1.006504e+04
-8.910000e-01 9.602176e+03
-8.900000e-01 9.141327e+03
-8.890000e-01 8.683777e+03
-8.880000e-01 8.230708e+03
-8.870000e-01 7.783202e+03
-8.860000e-01 7.342244e+03
-8.850000e-01 6.908727e+03
-8.840000e-01 6.483456e+03
-8.830000e-01 6.067154e+03
-8.820000e-01 5.660462e+03
-8.810000e-01 5.263947e+03
-8.800000e-01 4.878104e+03
-8.790000e-01 4.503363e+03
-8.780000e-01 4.140086e+03
-8.770000e-01 3.788577e+03
-8.760000e-01 3.449085e+03
-8.750000e-01 3.121802e+03
-8.740000e-01 2.806873e+03
-8.730000e-01 2.504395e+03
-8.720000e-01 2.214424e+03
-8.710000e-01 1.936971e+03
-8.700000e-01 1.672013e+03
-8.690000e-01 1.419491e+03
-8.680000e-01 1.179314e+03
-8.670000e-01 9.513608e+02
-8.660000e-01 7.354834e+02
-8.650000e-01 5.315089e+02
-8.640000e-01 3.392422e+02
-8.630000e-01 1.584674e+02
-8.620000e-01 -1.104955e+01
-8.610000e-01 -1.695592e+02
-8.600000e-01 -3.173267e+02
-8.590000e-01 -4.546298e+02
-8.580000e-01 -5.817576e+02
-8.570000e-01 -6.990086e+02
-8.560000e-01 -8.066892e+02
-8.550000e-01 -9.051128e+02
-8.540000e-01 -9.945978e+02
-8.530000e-01 -1.075467e+03
-8.520000e-01 -1.148045e+03
-8.510000e-01 -1.212660e+03
-8.500000e-01 -1.269640e+03
-8.490000e-01 -1.319312e+03
-8.480000e-01 -1.362003e+03
-8.470000e-01 -1.398038e+03
-8.460000e-01 -1.427739e+03
-8.450000e-01 -1.451425e+03
-8.440000e-01 -1.469410e+03
-8.430000e-01 -1.482005e+03
-8.420000e-01 -1.489515e+03
-8.410000e-01 -1.492239e+03
-8.400000e-01 -1.490471e+03
-8.390000e-01 -1.484497e+03
-8.380000e-01 -1.474598e+03
-8.370000e-01 -1.461045e+03
-8.360000e-01 -1.444106e+03
-8.350000e-01 -1.424039e+03
-8.340000e-01 -1.401092e+03
-8.330000e-01 -1.375508e+03
-8.320000e-01 -1.347523e+03
-8.310000e-01 -1.317361e+03
-8.300000e-01 -1.285239e+03
-8.290000e-01 -1.251369e+03
-8.280000e-01 -1.215950e+03
-8.270000e-01 -1.179175e+03
-8.260000e-01 -1.141228e+03
-8.250000e-01 -1.102286e+03
-8.240000e-01 -1.062516e+03
-8.230000e-01 -1.022079e+03
-8.220000e-01 -9.811254e+02
-8.210000e-01 -9.397994e+02
-8.200000e-01 -8.982370e+02
-8.190000e-01 -8.565664e+02
-8.180000e-01 -8.149084e+02
-8.170000e-01 -7.733763e+02
-8.160000e-01 -7.320764e+02
-8.150000e-01 -6.911077e+02
-8.140000e-01 -6.505625e+02
-8.130000e-01 -6.105263e+02
-8.120000e-01 -5.710783e+02
-8.110000e-01 -5.322913e+02
-8.100000e-01 -4.942319e+02
-8.090000e-01 -4.569609e+02
-8.080000e-01 -4.205335e+02
-8.070000e-01 -3.849992e+02
-8.060000e-01 -3.504024e+02
-8.050000e-01 -3.167823e+02
-8.040000e-01 -2.841733e+02
-8.030000e-01 -2.526052e+02
-8.020000e-01 -2.221031e+02
-8.010000e-01 -1.926880e+02
-8.000000e-01 -1.643769e+02
-7.990000e-01 -1.371829e+02
-7.980000e-01 -1.111152e+02
-7.970000e-01 -8.617995e+01
-7.960000e-01 -6.237967e+01
-7.950000e-01 -3.971393e+01
-7.940000e-01 -1.817937e+01
-7.930000e-01 2.230098e+00
-7.920000e-01 2.152314e+01
-7.910000e-01 3.971080e+01
-7.900000e-01 5.680632e+01
-7.890000e-01 7.282505e+01
-7.880000e-01 8.778419e+01
-7.870000e-01 1.017027e+02
-7.860000e-01 1.146012e+02
-7.850000e-01 1.265017e+02
-7.840000e-01 1.374274e+02
-7.830000e-01 1.474031e+02
-7.820000e-01 1.564541e+02
-7.810000e-01 1.646072e+02
-7.800000e-01 1.718895e+02
-7.790000e-01 1.783292e+02
-7.780000e-01 1.839548e+02
-7.770000e-01 1.887955e+02
-7.760000e-01 1.928807e+02
-7.750000e-01 1.962403e+02
-7.740000e-01 1.989043e+02
-7.730000e-01 2.009028e+02
-7.720000e-01 2.022660e+02
-7.710000e-01 2.030239e+02
-7.700000e-01 2.032067e+02
-7.690000e-01 2.028441e+02
-7.680000e-01 2.019657e+02
-7.670000e-01 2.006009e+02
-7.660000e-01 1.987786e+02
-7.650000e-01 1.965274e+02
-7.640000e-01 1.938753e+02
-7.630000e-01 1.908499e+02
-7.620000e-01 1.874784e+02
-7.610000e-01 1.837872e+02
-7.600000e-01 1.798022e+02
-7.590000e-01 1.755487e+02
-7.580000e-01 1.710513e+02
-7.570000e-01 1.663338e+02
-7.560000e-01 1.614195e+02
-7.550000e-01 1.563309e+02
-7.540000e-01 1.510897e+02
-7.530000e-01 1.457170e+02
-7.520000e-01 1.402328e+02
-7.510000e-01 1.346568e+02
-7.500000e-01 1.290075e+02
-7.490000e-01 1.233029e+02
-7.480000e-01 1.175601e+02
-7.470000e-01 1.117954e+02
-7.460000e-01 1.060245e+02
-7.450000e-01 1.002620e+02
-7.440000e-01 9.452196e+01
-7.430000e-01 8.881769e+01
-7.420000e-01 8.316164e+01
-7.410000e-01 7.756557e+01
-7.400000e-01 7.204047e+01
-7.390000e-01 6.659663e+01
-7.380000e-01 6.124363e+01
-7.370000e-01 5.599034e+01
-7.360000e-01 5.084494e+01
-7.350000e-01 4.581497e+01
-7.340000e-01 4.090730e+01
-7.330000e-01 3.612817e+01
-7.320000e-01 3.148319e+01
-7.310000e-01 2.697739e+01
-7.300000e-01 2.261521e+01
-7.290000e-01 1.840053e+01
-7.280000e-01 1.433668e+01
-7.270000e-01 1.042649e+01
-7.260000e-01 6.672244e+00
-7.250000e-01 3.075777e+00
-7.240000e-01 -3.615542e-01
-7.230000e-01 -3.638838e+00
-7.220000e-01 -6.755589e+00
-7.210000e-01 -9.711723e+00
-7.200000e-01 -1.250755e+01
-7.190000e-01 -1.514373e+01
-7.180000e-01 -1.762129e+01
-7.170000e-01 -1.994158e+01
-7.160000e-01 -2.210624e+01
-7.150000e-01 -2.411723e+01
-7.140000e-01 -2.597676e+01
-7.130000e-01 -2.768730e+01
-7.120000e-01 -2.925156e+01
-7.110000e-01 -3.067245e+01
-7.100000e-01 -3.195311e+01
-7.090000e-01 -3.309684e+01
-7.080000e-01 -3.410712e+01
-7.070000e-01 -3.498758e+01
-7.060000e-01 -3.574198e+01
-7.050000e-01 -3.637421e+01
-7.040000e-01 -3.688827e+01
-7.030000e-01 -3.728824e+01
-7.020000e-01 -3.757828e+01
-7.010000e-01 -3.776264e+01
-7.000000e-01 -3.784559e+01
-6.990000e-01 -3.783146e+01
-6.980000e-01 -3.772461e+01
-6.970000e-01 -3.752941e+01
-6.960000e-01 -3.725025e+01
-6.950000e-01 -3.689150e+01
-6.940000e-01 -3.645753e+01
-6.930000e-01 -3.595269e+01
-6.920000e-01 -3.538129e+01
-6.910000e-01 -3.474761e+01
-6.900000e-01 -3.405587e+01
-6.890000e-01 -3.331026e+01
-6.880000e-01 -3.251488e+01
-6.870000e-01 -3.167379e+01
-6.860000e-01 -3.079095e+01
-6.850000e-01 -2.987027e+01
-6.840000e-01 -2.891556e+01
-6.830000e-01 -2.793053e+01
-6.820000e-01 -2.691881e+01
-6.810000e-01 -2.588394e+01
-6.800000e-01 -2.482935e+01
-6.790000e-01 -2.375837e+01
-6.780000e-01 -2.267421e+01
-6.770000e-01 -2.157998e+01
-6.760000e-01 -2.047870e+01
-6.750000e-01 -1.937324e+01
-6.740000e-01 -1.826637e+01
-6.730000e-01 -1.716077e+01
-6.720000e-01 -1.605896e+01
-6.710000e-01 -1.496337e+01
-6.700000e-01 -1.387631e+01
-6.690000e-01 -1.279997e+01
-6.680000e-01 -1.173641e+01
-6.670000e-01 -1.068761e+01
-6.660000e-01 -9.655394e+00
-6.650000e-01 -8.641492e+00
-6.640000e-01 -7.647517e+00
-6.630000e-01 -6.674967e+00
-6.620000e-01 -5.725232e+00
-6.610000e-01 -4.799591e+00
-6.600000e-01 -3.899217e+00
-6.590000e-01 -3.025175e+00
-6.580000e-01 -2.178429e+00
-6.570000e-01 -1.359841e+00
-6.560000e-01 -5.701748e-01
-6.550000e-01 1.899031e-01
-6.540000e-01 9.198189e-01
-6.530000e-01 1.619091e+00
-6.520000e-01 2.287324e+00
-6.510000e-01 2.924211e+00
-6.500000e-01 3.529525e+00
-6.490000e-01 4.103120e+00
-6.480000e-01 4.644928e+00
-6.470000e-01 5.154952e+00
-6.460000e-01 5.633269e+00
-6.450000e-01 6.080020e+00
-6.440000e-01 6.495414e+00
-6.430000e-01 6.879719e+00
-6.420000e-01 7.233264e+00
-6.410000e-01 7.556432e+00
-6.400000e-01 7.849657e+00
-6.390000e-01 8.113426e+00
-6.380000e-01 8.348268e+00
-6.370000e-01 8.554758e+00
-6.360000e-01 8.733511e+00
-6.350000e-01 8.885180e+00
-6.340000e-01 9.010450e+00
-6.330000e-01 9.110040e+00
-6.320000e-01 9.184698e+00
-6.310000e-01 9.235197e+00
-6.300000e-01 9.262334e+00
-6.290000e-01 9.266926e+00
-6.280000e-01 9.249811e+00
-6.270000e-01 9.211839e+00
-6.260000e-01 9.153875e+00
-6.250000e-01 9.076797e+00
-6.240000e-01 8.981490e+00
-6.230000e-01 8.868844e+00
-6.220000e-01 8.739755e+00
-6.210000e-01 8.595123e+00
-6.200000e-01 8.435844e+00
-6.190000e-01 8.262817e+00
-6.180000e-01 8.076934e+00
-6.170000e-01 7.879083e+00
-6.160000e-01 7.670146e+00
-6.150000e-01 7.450995e+00
-6.140000e-01 7.222493e+00
-6.130000e-01 6.985492e+00
-6.120000e-01 6.740829e+00
-6.110000e-01 6.489329e+00
-6.100000e-01 6.231801e+00
-6.090000e-01 5.969037e+00
-6.080000e-01 5.701813e+00
-6.070000e-01 5.430884e+00
-6.060000e-01 5.156988e+00
-6.050000e-01 4.880841e+00
-6.040000e-01 4.603140e+00
-6.030000e-01 4.324558e+00
-6.020000e-01 4.045748e+00
-6.010000e-01 3.767338e+00
-6.000000e-01 3.489934e+00
-5.990000e-01 3.214117e+00
-5.980000e-01 2.940447e+00
-5.970000e-01 2.669456e+00
-5.960000e-01 2.401653e+00
-5.950000e-01 2.137522e+00
-5.940000e-01 1.877522e+00
-5.930000e-01 1.622087e+00
-5.920000e-01 1.371626e+00
-5.910000e-01 1.126524e+00
-5.900000e-01 8.871392e-01
-5.890000e-01 6.538067e-01
-5.880000e-01 4.268363e-01
-5.870000e-01 2.065136e-01
-5.860000e-01 -6.899722e-03
-5.850000e-01 -2.131659e-01
-5.840000e-01 -4.120706e-01
-5.830000e-01 -6.034225e-01
-5.820000e-01 -7.870528e-01
-5.810000e-01 -9.628152e-01
-5.800000e-01 -1.130585e+00
-5.790000e-01 -1.290258e+00
-5.780000e-01 -1.441753e+00
-5.770000e-01 -1.585006e+00
-5.760000e-01 -1.719975e+00
-5.750000e-01 -1.846636e+00
-5.740000e-01 -1.964983e+00
-5.730000e-01 -2.075029e+00
-5.720000e-01 -2.176803e+00
-5.710000e-01 -2.270352e+00
-5.700000e-01 -2.355738e+00
-5.690000e-01 -2.433037e+00
-5.680000e-01 -2.502343e+00
-5.670000e-01 -2.563760e+00
-5.660000e-01 -2.617408e+00
-5.650000e-01 -2.663418e+00
-5.640000e-01 -2.701934e+00
-5.630000e-01 -2.733111e+00
-5.620000e-01 -2.757113e+00
-5.610000e-01 -2.774115e+00
-5.600000e-01 -2.784301e+00
-5.590000e-01 -2.787864e+00
-5.580000e-01 -2.785004e+00
-5.570000e-01 -2.775928e+00
-5.560000e-01 -2.760850e+00
-5.550000e-01 -2.739990e+00
-5.540000e-01 -2.713572e+00
-5.530000e-01 -2.681827e+00
-5.520000e-01 -2.644987e+00
-5.510000e-01 -2.603288e+00
-5.500000e-01 -2.556972e+00
-5.490000e-01 -2.506278e+00
-5.480000e-01 -2.451451e+00
-5.470000e-01 -2.392735e+00
-5.460000e-01 -2.330375e+00
-5.450000e-01 -2.264615e+00
-5.440000e-01 -2.195701e+00
-5.430000e-01 -2.123876e+00
-5.420000e-01 -2.049383e+00
-5.410000e-01 -1.972461e+00
-5.400000e-01 -1.893349e+00
-5.390000e-01 -1.812282e+00
-5.380000e-01 -1.729493e+00
-5.370000e-01 -1.645212e+00
-5.360000e-01 -1.559662e+00
-5.350000e-01 -1.473065e+00
-5.340000e-01 -1.385637e+00
-5.330000e-01 -1.297592e+00
-5.320000e-01 -1.209135e+00
-5.310000e-01 -1.120467e+00
-5.300000e-01 -1.031786e+00
-5.290000e-01 -9.432811e-01
-5.280000e-01 -8.551368e-01
-5.270000e-01 -7.675312e-01
-5.260000e-01 -6.806362e-01
-5.250000e-01 -5.946171e-01
-5.240000e-01 -5.096327e-01
-5.230000e-01 -4.258348e-01
-5.220000e-01 -3.433687e-01
-5.210000e-01 -2.623725e-01
-5.200000e-01 -1.829775e-01
-5.190000e-01 -1.053076e-01
-5.180000e-01 -2.947999e-02
-5.170000e-01 4.439549e-02
-5.160000e-01 1.162161e-01
-5.150000e-01 1.858863e-01
-5.140000e-01 2.533175e-01
-5.130000e-01 3.184283e-01
-5.120000e-01 3.811445e-01
-5.110000e-01 4.413987e-01
-5.100000e-01 4.991306e-01
-5.090000e-01 5.542865e-01
-5.080000e-01 6.068197e-01
-5.070000e-01 6.566901e-01
-5.060000e-01 7.038642e-01
-5.050000e-01 7.483149e-01
-5.040000e-01 7.900214e-01
-5.030000e-01 8.289691e-01
-5.020000e-01 8.651494e-01
-5.010000e-01 8.985597e-01
-5.000000e-01 9.292030e-01
-4.990000e-01 9.570880e-01
-4.980000e-01 9.822287e-01
-4.970000e-01 1.004644e+00
-4.960000e-01 1.024359e+00
-4.950000e-01 1.041402e+00
-4.940000e-01 1.055808e+00
-4.930000e-01 1.067614e+00
-4.920000e-01 1.076863e+00
-4.910000e-01 1.083601e+00
-4.900000e-01 1.087880e+00
-4.890000e-01 1.089753e+00
-4.880000e-01 1.089279e+00
-4.870000e-01 1.086517e+00
-4.860000e-01 1.081533e+00
-4.850000e-01 1.074392e+00
-4.840000e-01 1.065165e+00
-4.830000e-01 1.053923e+00
-4.820000e-01 1.040741e+00
-4.810000e-01 1.025695e+00
-4.800000e-01 1.008862e+00
-4.790000e-01 9.903231e-01
-4.780000e-01 9.701589e-01
-4.770000e-01 9.484518e-01
-4.760000e-01 9.252854e-01
-4.750000e-01 9.007437e-01
-4.740000e-01 8.749119e-01
-4.730000e-01 8.478754e-01
-4.720000e-01 8.197201e-01
-4.710000e-01 7.905317e-01
-4.700000e-01 7.603962e-01
-4.690000e-01 7.293994e-01
-4.680000e-01 6.976264e-01
-4.670000e-01 6.651623e-01
-4.660000e-01 6.320911e-01
-4.650000e-01 5.984962e-01
-4.640000e-01 5.644600e-01
-4.630000e-01 5.300637e-01
-4.620000e-01 4.953875e-01
-4.610000e-01 4.605101e-01
-4.600000e-01 4.255088e-01
-4.590000e-01 3.904593e-01
-4.580000e-01 3.554356e-01
-4.570000e-01 3.205099e-01
-4.560000e-01 2.857525e-01
-4.550000e-01 2.512319e-01
-4.540000e-01 2.170143e-01
-4.530000e-01 1.831638e-01
-4.520000e-01 1.497425e-01
-4.510000e-01 1.168100e-01
-4.500000e-01 8.442363e-02
-4.490000e-01 5.263834e-02
-4.480000e-01 2.150661e-02
-4.470000e-01 -8.921554e-03
-4.460000e-01 -3.859867e-02
-4.450000e-01 -6.747982e-02
-4.440000e-01 -9.552267e-02
-4.430000e-01 -1.226875e-01
-4.420000e-01 -1.489373e-01
-4.410000e-01 -1.742374e-01
-4.400000e-01 -1.985562e-01
-4.390000e-01 -2.218645e-01
-4.380000e-01 -2.441356e-01
-4.370000e-01 -2.653458e-01
-4.360000e-01 -2.854738e-01
-4.350000e-01 -3.045008e-01
-4.340000e-01 -3.224107e-01
-4.330000e-01 -3.391901e-01
-4.320000e-01 -3.548279e-01
-4.310000e-01 -3.693155e-01
-4.300000e-01 -3.826469e-01
-4.290000e-01 -3.948184e-01
-4.280000e-01 -4.058286e-01
-4.270000e-01 -4.156787e-01
-4.260000e-01 -4.243717e-01
-4.250000e-01 -4.319133e-01
-4.240000e-01 -4.383109e-01
-4.230000e-01 -4.435744e-01
-4.220000e-01 -4.477155e-01
-4.210000e-01 -4.507478e-01
-4.200000e-01 -4.526869e-01
-4.190000e-01 -4.535503e-01
-4.180000e-01 -4.533572e-01
-4.170000e-01 -4.521283e-01
-4.160000e-01 -4.498862e-01
-4.150000e-01 -4.466548e-01
-4.140000e-01 -4.424596e-01
-4.130000e-01 -4.373274e-01
-4.120000e-01 -4.312864e-01
-4.110000e-01 -4.243658e-01
-4.100000e-01 -4.165961e-01
-4.090000e-01 -4.080090e-01
-4.080000e-01 -3.986368e-01
-4.070000e-01 -3.885130e-01
-4.060000e-01 -3.776719e-01
-4.050000e-01 -3.661484e-01
-4.040000e-01 -3.539780e-01
-4.030000e-01 -3.411971e-01
-4.020000e-01 -3.278422e-01
-4.010000e-01 -3.139506e-01
-4.000000e-01 -2.995595e-01
-3.990000e-01 -2.847068e-01
-3.980000e-01 -2.694303e-01
-3.970000e-01 -2.537680e-01
-3.960000e-01 -2.377580e-01
-3.950000e-01 -2.214382e-01
-3.940000e-01 -2.048466e-01
-3.930000e-01 -1.880209e-01
-3.920000e-01 -1.709986e-01
-3.910000e-01 -1.538168e-01
-3.900000e-01 -1.365124e-01
-3.890000e-01 -1.191218e-01
-3.880000e-01 -1.016807e-01
-3.870000e-01 -8.422466e-02
-3.860000e-01 -6.678828e-02
-3.850000e-01 -4.940566e-02
-3.840000e-01 -3.211015e-02
-3.830000e-01 -1.493435e-02
-3.820000e-01 2.089963e-03
-3.810000e-01 1.893185e-02
-3.800000e-01 3.556127e-02
-3.790000e-01 5.194912e-02
-3.780000e-01 6.806728e-02
-3.770000e-01 8.388863e-02
-3.760000e-01 9.938708e-02
-3.750000e-01 1.145376e-01
-3.740000e-01 1.293164e-01
-3.730000e-01 1.437005e-01
-3.720000e-01 1.576684e-01
-3.710000e-01 1.711997e-01
-3.700000e-01 1.842749e-01
-3.690000e-01 1.968762e-01
-3.680000e-01 2.089865e-01
-3.670000e-01 2.205902e-01
-3.660000e-01 2.316731e-01
-3.650000e-01 2.422218e-01
-3.640000e-01 2.522245e-01
-3.630000e-01 2.616706e-01
-3.620000e-01 2.705505e-01
-3.610000e-01 2.788562e-01
-3.600000e-01 2.865807e-01
-3.590000e-01 2.937182e-01
-3.580000e-01 3.002644e-01
-3.570000e-01 3.062159e-01
-3.560000e-01 3.115706e-01
-3.550000e-01 3.163278e-01
-3.540000e-01 3.204875e-01
-3.530000e-01 3.240513e-01
-3.520000e-01 3.270218e-01
-3.510000e-01 3.294025e-01
-3.500000e-01 3.311982e-01
-3.490000e-01 3.324147e-01
-3.480000e-01 3.330588e-01
-3.470000e-01 3.331384e-01
-3.460000e-01 3.326621e-01
-3.450000e-01 3.316399e-01
-3.440000e-01 3.300823e-01
-3.430000e-01 3.280008e-01
-3.420000e-01 3.254079e-01
-3.410000e-01 3.223166e-01
-3.400000e-01 3.187410e-01
-3.390000e-01 3.146957e-01
-3.380000e-01 3.101961e-01
-3.370000e-01 3.052582e-01
-3.360000e-01 2.998988e-01
-3.350000e-01 2.941350e-01
-3.340000e-01 2.879847e-01
-3.330000e-01 2.814661e-01
-3.320000e-01 2.745980e-01
-3.310000e-01 2.673996e-01
-3.300000e-01 2.598905e-01
-3.290000e-01 2.520905e-01
-3.280000e-01 2.440199e-01
-3.270000e-01 2.356991e-01
-3.260000e-01 2.271488e-01
-3.250000e-01 2.183899e-01
-3.240000e-01 2.094433e-01
-3.230000e-01 2.003302e-01
-3.220000e-01 1.910718e-01
-3.210000e-01 1.816891e-01
-3.200000e-01 1.722034e-01
-3.190000e-01 1.626358e-01
-3.180000e-01 1.530072e-01
-3.170000e-01 1.433386e-01
-3.160000e-01 1.336507e-01
-3.150000e-01 1.239640e-01
-3.140000e-01 1.142987e-01
-3.130000e-01 1.046748e-01
-3.120000e-01 9.511216e-02
-3.110000e-01 8.563002e-02
-3.100000e-01 7.624741e-02
-3.090000e-01 6.698293e-02
-3.080000e-01 5.785477e-02
-3.070000e-01 4.888066e-02
-3.060000e-01 4.007785e-02
-3.050000e-01 3.146308e-02
-3.040000e-01 2.305259e-02
-3.030000e-01 1.486203e-02
-3.020000e-01 6.906505e-03
-3.010000e-01 -7.994846e-04
-3.000000e-01 -8.242049e-03
-2.990000e-01 -1.540793e-02
-2.980000e-01 -2.228452e-02
-2.970000e-01 -2.885986e-02
-2.960000e-01 -3.512269e-02
-2.950000e-01 -4.106243e-02
-2.940000e-01 -4.666919e-02
-2.930000e-01 -5.193382e-02
-2.920000e-01 -5.684787e-02
-2.910000e-01 -6.140361e-02
-2.900000e-01 -6.559407e-02
-2.890000e-01 -6.941301e-02
-2.880000e-01 -7.285491e-02
-2.870000e-01 -7.591504e-02
-2.860000e-01 -7.858938e-02
-2.850000e-01 -8.087467e-02
-2.840000e-01 -8.276839e-02
-2.830000e-01 -8.426877e-02
-2.820000e-01 -8.537478e-02
-2.810000e-01 -8.608609e-02
-2.800000e-01 -8.640315e-02
-2.790000e-01 -8.632709e-02
-2.780000e-01 -8.585975e-02
-2.770000e-01 -8.500370e-02
-2.760000e-01 -8.376217e-02
-2.750000e-01 -8.213908e-02
-2.740000e-01 -8.013901e-02
-2.730000e-01 -7.776720e-02
-2.720000e-01 -7.502951e-02
-2.710000e-01 -7.193244e-02
-2.700000e-01 -6.848307e-02
-2.690000e-01 -6.468908e-02
-2.680000e-01 -6.055872e-02
-2.670000e-01 -5.610078e-02
-2.660000e-01 -5.132457e-02
-2.650000e-01 -4.623993e-02
-2.640000e-01 -4.085716e-02
-2.630000e-01 -3.518705e-02
-2.620000e-01 -2.924080e-02
-2.610000e-01 -2.303007e-02
-2.600000e-01 -1.656686e-02
-2.590000e-01 -9.863600e-03
-2.580000e-01 -2.933020e-03
-2.570000e-01 4.211808e-03
-2.560000e-01 1.155752e-02
-2.550000e-01 1.909048e-02
-2.540000e-01 2.679681e-02
-2.530000e-01 3.466240e-02
-2.520000e-01 4.267298e-02
-2.510000e-01 5.081408e-02
-2.500000e-01 5.907110e-02
-2.490000e-01 6.742934e-02
-2.480000e-01 7.587398e-02
-2.470000e-01 8.439018e-02
-2.460000e-01 9.296303e-02
-2.450000e-01 1.015776e-01
-2.440000e-01 1.102191e-01
-2.430000e-01 1.188726e-01
-2.420000e-01 1.275233e-01
-2.410000e-01 1.361566e-01
-2.400000e-01 1.447579e-01
-2.390000e-01 1.533127e-01
-2.380000e-01 1.618069e-01
-2.370000e-01 1.702263e-01
-2.360000e-01 1.785571e-01
-2.350000e-01 1.867857e-01
-2.340000e-01 1.948987e-01
-2.330000e-01 2.028831e-01
-2.320000e-01 2.107261e-01
-2.310000e-01 2.184151e-01
-2.300000e-01 2.259382e-01
-2.290000e-01 2.332836e-01
-2.280000e-01 2.404398e-01
-2.270000e-01 2.473960e-01
-2.260000e-01 2.541415e-01
-2.250000e-01 2.606663e-01
-2.240000e-01 2.669606e-01
-2.230000e-01 2.730153e-01
-2.220000e-01 2.788216e-01
-2.210000e-01 2.843712e-01
-2.200000e-01 2.896564e-01
-2.190000e-01 2.946700e-01
-2.180000e-01 2.994052e-01
-2.170000e-01 3.038558e-01
-2.160000e-01 3.080162e-01
-2.150000e-01 3.118813e-01
-2.140000e-01 3.154465e-01
-2.130000e-01 3.187079e-01
-2.120000e-01 3.216620e-01
-2.110000e-01 3.243060e-01
-2.100000e-01 3.266377e-01
-2.090000e-01 3.286553e-01
-2.080000e-01 3.303578e-01
-2.070000e-01 3.317445e-01
-2.060000e-01 3.328156e-01
-2.050000e-01 3.335716e-01
-2.040000e-01 3.340139e-01
-2.030000e-01 3.341440e-01
-2.020000e-01 3.339644e-01
-2.010000e-01 3.334780e-01
-2.000000e-01 3.326883e-01
-1.990000e-01 3.315992e-01
-1.980000e-01 3.302154e-01
-1.970000e-01 3.285418e-01
-1.960000e-01 3.265842e-01
-1.950000e-01 3.243487e-01
-1.940000e-01 3.218420e-01
-1.930000e-01 3.190711e-01
-1.920000e-01 3.160438e-01
-1.910000e-01 3.127681e-01
-1.900000e-01 3.092526e-01
-1.890000e-01 3.055063e-01
-1.880000e-01 3.015387e-01
-1.870000e-01 2.973596e-01
-1.860000e-01 2.929793e-01
-1.850000e-01 2.884084e-01
-1.840000e-01 2.836580e-01
-1.830000e-01 2.787393e-01
-1.820000e-01 2.736642e-01
-1.810000e-01 2.684445e-01
-1.800000e-01 2.630927e-01
-1.790000e-01 2.576212e-01
-1.780000e-01 2.520429e-01
-1.770000e-01 2.463709e-01
-1.760000e-01 2.406185e-01
-1.750000e-01 2.347991e-01
-1.740000e-01 2.289264e-01
-1.730000e-01 2.230143e-01
-1.720000e-01 2.170766e-01
-1.710000e-01 2.111274e-01
-1.700000e-01 2.051809e-01
-1.690000e-01 1.992513e-01
-1.680000e-01 1.933528e-01
-1.670000e-01 1.874998e-01
-1.660000e-01 1.817065e-01
-1.650000e-01 1.759872e-01
-1.640000e-01 1.703562e-01
-1.630000e-01 1.648276e-01
-1.620000e-01 1.594156e-01
-1.610000e-01 1.541342e-01
-1.600000e-01 1.489971e-01
-1.590000e-01 1.440182e-01
-1.580000e-01 1.392110e-01
-1.570000e-01 1.345890e-01
-1.560000e-01 1.301652e-01
-1.550000e-01 1.259527e-01
-1.540000e-01 1.219641e-01
-1.530000e-01 1.182119e-01
-1.520000e-01 1.147083e-01
-1.510000e-01 1.114652e-01
-1.500000e-01 1.084940e-01
-1.490000e-01 1.058061e-01
-1.480000e-01 1.034122e-01
-1.470000e-01 1.013230e-01
-1.460000e-01 9.954841e-02
-1.450000e-01 9.809828e-02
-1.440000e-01 9.698188e-02
-1.430000e-01 9.620810e-02
-1.420000e-01 9.578537e-02
-1.410000e-01 9.572170e-02
-1.400000e-01 9.602459e-02
-1.390000e-01 9.670111e-02
-1.380000e-01 9.775781e-02
-1.370000e-01 9.920075e-02
-1.360000e-01 1.010355e-01
-1.350000e-01 1.032671e-01
-1.340000e-01 1.059000e-01
-1.330000e-01 1.089383e-01
-1.320000e-01 1.123854e-01
-1.310000e-01 1.162442e-01
-1.300000e-01 1.205170e-01
-1.290000e-01 1.252057e-01
-1.280000e-01 1.303115e-01
-1.270000e-01 1.358351e-01
-1.260000e-01 1.417766e-01
-1.250000e-01 1.481356e-01
-1.240000e-01 1.549111e-01
-1.230000e-01 1.621015e-01
-1.220000e-01 1.697047e-01
-1.210000e-01 1.777179e-01
-1.200000e-01 1.861381e-01
-1.190000e-01 1.949613e-01
-1.180000e-01 2.041832e-01
-1.170000e-01 2.137989e-01
-1.160000e-01 2.238029e-01
-1.150000e-01 2.341893e-01
-1.140000e-01 2.449516e-01
-1.130000e-01 2.560828e-01
-1.120000e-01 2.675753e-01
-1.110000e-01 2.794210e-01
-1.100000e-01 2.916115e-01
-1.090000e-01 3.041377e-01
-1.080000e-01 3.169902e-01
-1.070000e-01 3.301588e-01
-1.060000e-01 3.436334e-01
-1.050000e-01 3.574029e-01
-1.040000e-01 3.714562e-01
-1.030000e-01 3.857815e-01
-1.020000e-01 4.003668e-01
-1.010000e-01 4.151996e-01
-1.000000e-01 4.302671e-01
-9.900000e-02 4.455561e-01
-9.800000e-02 4.610531e-01
-9.700000e-02 4.767443e-01
-9.600000e-02 4.926155e-01
-9.500000e-02 5.086524e-01
-9.400000e-02 5.248401e-01
-9.300000e-02 5.411639e-01
-9.200000e-02 5.576085e-01
-9.100000e-02 5.741586e-01
-9.000000e-02 5.907985e-01
-8.900000e-02 6.075126e-01
-8.800000e-02 6.242850e-01
-8.700000e-02 6.410996e-01
-8.600000e-02 6.579403e-01
-8.500000e-02 6.747908e-01
-8.400000e-02 6.916349e-01
-8.300000e-02 7.084561e-01
-8.200000e-02 7.252380e-01
-8.100000e-02 7.419643e-01
-8.000000e-02 7.586185e-01
-7.900000e-02 7.751841e-01
-7.800000e-02 7.916450e-01
-7.700000e-02 8.079847e-01
-7.600000e-02 8.241871e-01
-7.500000e-02 8.402361e-01
-7.400000e-02 8.561156e-01
-7.300000e-02 8.718100e-01
-7.200000e-02 8.873034e-01
-7.100000e-02 9.025805e-01
-7.000000e-02 9.176259e-01
-6.900000e-02 9.324246e-01
-6.800000e-02 9.469616e-01
-6.700000e-02 9.612226e-01
-6.600000e-02 9.751931e-01
-6.500000e-02 9.888591e-01
-6.400000e-02 1.002207e+00
-6.300000e-02 1.015223e+00
-6.200000e-02 1.027895e+00
-6.100000e-02 1.040209e+00
-6.000000e-02 1.052154e+00
-5.900000e-02 1.063717e+00
-5.800000e-02 1.074886e+00
-5.700000e-02 1.085652e+00
-5.600000e-02 1.096003e+00
-5.500000e-02 1.105928e+00
-5.400000e-02 1.115418e+00
-5.300000e-02 1.124464e+00
-5.200000e-02 1.133056e+00
-5.100000e-02 1.141186e+00
-5.000000e-02 1.148847e+00
-4.900000e-02 1.156031e+00
-4.800000e-02 1.162730e+00
-4.700000e-02 1.168939e+00
-4.600000e-02 1.174651e+00
-4.500000e-02 1.179862e+00
-4.400000e-02 1.184566e+00
-4.300000e-02 1.188760e+00
-4.200000e-02 1.192439e+00
-4.100000e-02 1.195600e+00
-4.000000e-02 1.198240e+00
-3.900000e-02 1.200358e+00
-3.800000e-02 1.201952e+00
-3.700000e-02 1.203021e+00
-3.600000e-02 1.203565e+00
-3.500000e-02 1.203583e+00
-3.400000e-02 1.203077e+00
-3.300000e-02 1.202047e+00
-3.200000e-02 1.200495e+00
-3.100000e-02 1.198425e+00
-3.000000e-02 1.195838e+00
-2.900000e-02 1.192738e+00
-2.800000e-02 1.189129e+00
-2.700000e-02 1.185015e+00
-2.600000e-02 1.180402e+00
-2.500000e-02 1.175295e+00
-2.400000e-02 1.169700e+00
-2.300000e-02 1.163623e+00
-2.200000e-02 1.157072e+00
-2.100000e-02 1.150054e+00
-2.000000e-02 1.142577e+00
-1.900000e-02 1.134650e+00
-1.800000e-02 1.126280e+00
-1.700000e-02 1.117479e+00
-1.600000e-02 1.108254e+00
-1.500000e-02 1.098617e+00
-1.400000e-02 1.088578e+00
-1.300000e-02 1.078148e+00
-1.200000e-02 1.067338e+00
-1.100000e-02 1.056160e+00
-1.000000e-02 1.044626e+00
-9.000000e-03 1.032748e+00
-8.000000e-03 1.020539e+00
-7.000000e-03 1.008012e+00
-6.000000e-03 9.951797e-01
-5.000000e-03 9.820559e-01
-4.000000e-03 9.686542e-01
-3.000000e-03 9.549886e-01
-2.000000e-03 9.410734e-01
-1.000000e-03 9.269227e-01
8.812395e-16 9.125511e-01
1.000000e-03 8.979734e-01
2.000000e-03 8.832044e-01
3.000000e-03 8.682589e-01
4.000000e-03 8.531521e-01
5.000000e-03 8.378990e-01
6.000000e-03 8.225149e-01
7.000000e-03 8.070150e-01
8.000000e-03 7.914146e-01
9.000000e-03 7.757290e-01
1.000000e-02 7.599734e-01
1.100000e-02 7.441630e-01
1.200000e-02 7.283132e-01
1.300000e-02 7.124391e-01
1.400000e-02 6.965556e-01
1.500000e-02 6.806778e-01
1.600000e-02 6.648205e-01
1.700000e-02 6.489984e-01
1.800000e-02 6.332261e-01
1.900000e-02 6.175180e-01
2.000000e-02 6.018882e-01
2.100000e-02 5.863508e-01
2.200000e-02 5.709197e-01
2.300000e-02 5.556082e-01
2.400000e-02 5.404298e-01
2.500000e-02 5.253975e-01
2.600000e-02 5.105240e-01
2.700000e-02 4.958218e-01
2.800000e-02 4.813031e-01
2.900000e-02 4.669797e-01
3.000000e-02 4.528631e-01
3.100000e-02 4.389645e-01
3.200000e-02 4.252946e-01
3.300000e-02 4.118640e-01
3.400000e-02 3.986826e-01
3.500000e-02 3.857602e-01
3.600000e-02 3.731059e-01
3.700000e-02 3.607286e-01
3.800000e-02 3.486368e-01
3.900000e-02 3.368385e-01
4.000000e-02 3.253411e-01
4.100000e-02 3.141518e-01
4.200000e-02 3.032774e-01
4.300000e-02 2.927239e-01
4.400000e-02 2.824971e-01
4.500000e-02 2.726024e-01
4.600000e-02 2.630446e-01
4.700000e-02 2.538279e-01
4.800000e-02 2.449562e-01
4.900000e-02 2.364330e-01
5.000000e-02 2.282611e-01
5.100000e-02 2.204430e-01
5.200000e-02 2.129806e-01
5.300000e-02 2.058754e-01
5.400000e-02 1.991282e-01
5.500000e-02 1.927398e-01
5.600000e-02 1.867100e-01
5.700000e-02 1.810385e-01
5.800000e-02 1.757242e-01
5.900000e-02 1.707659e-01
6.000000e-02 1.661617e-01
6.100000e-02 1.619093e-01
6.200000e-02 1.580060e-01
6.300000e-02 1.544485e-01
6.400000e-02 1.512332e-01
6.500000e-02 1.483562e-01
6.600000e-02 1.458128e-01
6.700000e-02 1.435983e-01
6.800000e-02 1.417073e-01
6.900000e-02 1.401341e-01
7.000000e-02 1.388728e-01
7.100000e-02 1.379168e-01
7.200000e-02 1.372593e-01
7.300000e-02 1.368933e-01
7.400000e-02 1.368112e-01
7.500000e-02 1.370052e-01
7.600000e-02 1.374673e-01
7.700000e-02 1.381890e-01
7.800000e-02 1.391615e-01
7.900000e-02 1.403760e-01
8.000000e-02 1.418233e-01
8.100000e-02 1.434937e-01
8.200000e-02 1.453778e-01
8.300000e-02 1.474655e-01
8.400000e-02 1.497467e-01
8.500000e-02 1.522113e-01
8.600000e-02 1.548487e-01
8.700000e-02 1.576483e-01
8.800000e-02 1.605995e-01
8.900000e-02 1.636914e-01
9.000000e-02 1.669131e-01
9.100000e-02 1.702535e-01
9.200000e-02 1.737015e-01
9.300000e-02 1.772461e-01
9.400000e-02 1.808761e-01
9.500000e-02 1.845803e-01
9.600000e-02 1.883475e-01
9.700000e-02 1.921665e-01
9.800000e-02 1.960262e-01
9.900000e-02 1.999156e-01
1.000000e-01 2.038237e-01
1.010000e-01 2.077394e-01
1.020000e-01 2.116520e-01
1.030000e-01 2.155508e-01
1.040000e-01 2.194252e-01
1.050000e-01 2.232647e-01
1.060000e-01 2.270591e-01
1.070000e-01 2.307982e-01
1.080000e-01 2.344722e-01
1.090000e-01 2.380714e-01
1.100000e-01 2.415862e-01
1.110000e-01 2.450074e-01
1.120000e-01 2.483260e-01
1.130000e-01 2.515333e-01
1.140000e-01 2.546207e-01
1.150000e-01 2.575800e-01
1.160000e-01 2.604035e-01
1.170000e-01 2.630833e-01
1.180000e-01 2.656124e-01
1.190000e-01 2.679836e-01
1.200000e-01 2.701904e-01
1.210000e-01 2.722265e-01
1.220000e-01 2.740860e-01
1.230000e-01 2.757632e-01
1.240000e-01 2.772531e-01
1.250000e-01 2.785507e-01
1.260000e-01 2.796516e-01
1.270000e-01 2.805518e-01
1.280000e-01 2.812476e-01
1.290000e-01 2.817357e-01
1.300000e-01 2.820133e-01
1.310000e-01 2.820778e-01
1.320000e-01 2.819273e-01
1.330000e-01 2.815601e-01
1.340000e-01 2.809749e-01
1.350000e-01 2.801709e-01
1.360000e-01 2.791476e-01
1.370000e-01 2.779052e-01
1.380000e-01 2.764439e-01
1.390000e-01 2.747645e-01
1.400000e-01 2.728684e-01
1.410000e-01 2.707570e-01
1.420000e-01 2.684325e-01
1.430000e-01 2.658971e-01
1.440000e-01 2.631537e-01
1.450000e-01 2.602055e-01
1.460000e-01 2.570559e-01
1.470000e-01 2.537091e-01
1.480000e-01 2.501691e-01
1.490000e-01 2.464407e-01
1.500000e-01 2.425288e-01
1.510000e-01 2.384388e-01
1.520000e-01 2.341764e-01
1.530000e-01 2.297474e-01
1.540000e-01 2.251583e-01
1.550000e-01 2.204155e-01
1.560000e-01 2.155259e-01
1.570000e-01 2.104967e-01
1.580000e-01 2.053352e-01
1.590000e-01 2.000492e-01
1.600000e-01 1.946465e-01
1.610000e-01 1.891352e-01
1.620000e-01 1.835236e-01
1.630000e-01 1.778203e-01
1.640000e-01 1.720339e-01
1.650000e-01 1.661733e-01
1.660000e-01 1.602474e-01
1.670000e-01 1.542655e-01
1.680000e-01 1.482367e-01
1.690000e-01 1.421705e-01
1.700000e-01 1.360762e-01
1.710000e-01 1.299634e-01
1.720000e-01 1.238417e-01
1.730000e-01 1.177206e-01
1.740000e-01 1.116098e-01
1.750000e-01 1.055188e-01
1.760000e-01 9.945736e-02
1.770000e-01 9.343499e-02
1.780000e-01 8.746122e-02
1.790000e-01 8.154554e-02
1.800000e-01 7.569732e-02
1.810000e-01 6.992586e-02
1.820000e-01 6.424034e-02
1.830000e-01 5.864981e-02
1.840000e-01 5.316318e-02
1.850000e-01 4.778918e-02
1.860000e-01 4.253638e-02
1.870000e-01 3.741315e-02
1.880000e-01 3.242766e-02
1.890000e-01 2.758784e-02
1.900000e-01 2.290140e-02
1.910000e-01 1.837580e-02
1.920000e-01 1.401822e-02
1.930000e-01 9.835557e-03
1.940000e-01 5.834438e-03
1.950000e-01 2.021171e-03
1.960000e-01 -1.598251e-03
1.970000e-01 -5.018163e-03
1.980000e-01 -8.233240e-03
1.990000e-01 -1.123851e-02
2.000000e-01 -1.402935e-02
2.010000e-01 -1.660153e-02
2.020000e-01 -1.895117e-02
2.030000e-01 -2.107480e-02
2.040000e-01 -2.296934e-02
2.050000e-01 -2.463211e-02
2.060000e-01 -2.606084e-02
2.070000e-01 -2.725366e-02
2.080000e-01 -2.820916e-02
2.090000e-01 -2.892630e-02
2.100000e-01 -2.940452e-02
2.110000e-01 -2.964366e-02
2.120000e-01 -2.964400e-02
2.130000e-01 -2.940625e-02
2.140000e-01 -2.893158e-02
2.150000e-01 -2.822158e-02
2.160000e-01 -2.727826e-02
2.170000e-01 -2.610409e-02
2.180000e-01 -2.470198e-02
2.190000e-01 -2.307523e-02
2.200000e-01 -2.122760e-02
2.210000e-01 -1.916327e-02
2.220000e-01 -1.688683e-02
2.230000e-01 -1.440327e-02
2.240000e-01 -1.171801e-02
2.250000e-01 -8.836861e-03
2.260000e-01 -5.766005e-03
2.270000e-01 -2.512026e-03
2.280000e-01 9.181269e-04
2.290000e-01 4.517143e-03
2.300000e-01 8.277359e-03
2.310000e-01 1.219077e-02
2.320000e-01 1.624905e-02
2.330000e-01 2.044355e-02
2.340000e-01 2.476532e-02
2.350000e-01 2.920514e-02
2.360000e-01 3.375348e-02
2.370000e-01 3.840058e-02
2.380000e-01 4.313643e-02
2.390000e-01 4.795081e-02
2.400000e-01 5.283325e-02
2.410000e-01 5.777313e-02
2.420000e-01 6.275963e-02
2.430000e-01 6.778179e-02
2.440000e-01 7.282849e-02
2.450000e-01 7.788852e-02
2.460000e-01 8.295055e-02
2.470000e-01 8.800316e-02
2.480000e-01 9.303490e-02
2.490000e-01 9.803427e-02
2.500000e-01 1.029897e-01
2.510000e-01 1.078898e-01
2.520000e-01 1.127229e-01
2.530000e-01 1.174776e-01
2.540000e-01 1.221425e-01
2.550000e-01 1.267063e-01
2.560000e-01 1.311579e-01
2.570000e-01 1.354860e-01
2.580000e-01 1.396799e-01
2.590000e-01 1.437287e-01
2.600000e-01 1.476219e-01
2.610000e-01 1.513491e-01
2.620000e-01 1.549001e-01
2.630000e-01 1.582653e-01
2.640000e-01 1.614348e-01
2.650000e-01 1.643995e-01
2.660000e-01 1.671503e-01
2.670000e-01 1.696785e-01
2.680000e-01 1.719760e-01
2.690000e-01 1.740346e-01
2.700000e-01 1.758470e-01
2.710000e-01 1.774059e-01
2.720000e-01 1.787045e-01
2.730000e-01 1.797367e-01
2.740000e-01 1.804966e-01
2.750000e-01 1.809789e-01
2.760000e-01 1.811786e-01
2.770000e-01 1.810913e-01
2.780000e-01 1.807133e-01
2.790000e-01 1.800411e-01
2.800000e-01 1.790720e-01
2.810000e-01 1.778037e-01
2.820000e-01 1.762345e-01
2.830000e-01 1.743633e-01
2.840000e-01 1.721894e-01
2.850000e-01 1.697129e-01
2.860000e-01 1.669344e-01
2.870000e-01 1.638551e-01
2.880000e-01 1.604768e-01
2.890000e-01 1.568018e-01
2.900000e-01 1.528332e-01
2.910000e-01 1.485746e-01
2.920000e-01 1.440301e-01
2.930000e-01 1.392046e-01
2.940000e-01 1.341034e-01
2.950000e-01 1.287327e-01
2.960000e-01 1.230989e-01
2.970000e-01 1.172092e-01
2.980000e-01 1.110715e-01
2.990000e-01 1.046941e-01
3.000000e-01 9.808581e-02
3.010000e-01 9.125623e-02
3.020000e-01 8.421534e-02
3.030000e-01 7.697370e-02
3.040000e-01 6.954238e-02
3.050000e-01 6.193296e-02
3.060000e-01 5.415753e-02
3.070000e-01 4.622865e-02
3.080000e-01 3.815933e-02
3.090000e-01 2.996303e-02
3.100000e-01 2.165364e-02
3.110000e-01 1.324543e-02
3.120000e-01 4.753072e-03
3.130000e-01 -3.808412e-03
3.140000e-01 -1.242366e-02
3.150000e-01 -2.107702e-02
3.160000e-01 -2.975251e-02
3.170000e-01 -3.843394e-02
3.180000e-01 -4.710484e-02
3.190000e-01 -5.574857e-02
3.200000e-01 -6.434829e-02
3.210000e-01 -7.288702e-02
3.220000e-01 -8.134766e-02
3.230000e-01 -8.971303e-02
3.240000e-01 -9.796587e-02
3.250000e-01 -1.060889e-01
3.260000e-01 -1.140649e-01
3.270000e-01 -1.218766e-01
3.280000e-01 -1.295068e-01
3.290000e-01 -1.369385e-01
3.300000e-01 -1.441548e-01
3.310000e-01 -1.511389e-01
3.320000e-01 -1.578744e-01
3.330000e-01 -1.643448e-01
3.340000e-01 -1.705342e-01
3.350000e-01 -1.764268e-01
3.360000e-01 -1.820073e-01
3.370000e-01 -1.872606e-01
3.380000e-01 -1.921723e-01
3.390000e-01 -1.967281e-01
3.400000e-01 -2.009143e-01
3.410000e-01 -2.047179e-01
3.420000e-01 -2.081261e-01
3.430000e-01 -2.111271e-01
3.440000e-01 -2.137092e-01
3.450000e-01 -2.158618e-01
3.460000e-01 -2.175747e-01
3.470000e-01 -2.188384e-01
3.480000e-01 -2.196444e-01
3.490000e-01 -2.199846e-01
3.500000e-01 -2.198520e-01
3.510000e-01 -2.192401e-01
3.520000e-01 -2.181434e-01
3.530000e-01 -2.165573e-01
3.540000e-01 -2.144780e-01
3.550000e-01 -2.119027e-01
3.560000e-01 -2.088294e-01
3.570000e-01 -2.052571e-01
3.580000e-01 -2.011858e-01
3.590000e-01 -1.966164e-01
3.600000e-01 -1.915509e-01
3.610000e-01 -1.859922e-01
3.620000e-01 -1.799442e-01
3.630000e-01 -1.734120e-01
3.640000e-01 -1.664016e-01
3.650000e-01 -1.589200e-01
3.660000e-01 -1.509753e-01
3.670000e-01 -1.425768e-01
3.680000e-01 -1.337345e-01
3.690000e-01 -1.244599e-01
3.700000e-01 -1.147652e-01
3.710000e-01 -1.046637e-01
3.720000e-01 -9.416993e-02
3.730000e-01 -8.329920e-02
3.740000e-01 -7.206797e-02
3.750000e-01 -6.049369e-02
3.760000e-01 -4.859478e-02
3.770000e-01 -3.639065e-02
3.780000e-01 -2.390165e-02
3.790000e-01 -1.114906e-02
3.800000e-01 1.844941e-03
3.810000e-01 1.505727e-02
3.820000e-01 2.846400e-02
3.830000e-01 4.204038e-02
3.840000e-01 5.576088e-02
3.850000e-01 6.959918e-02
3.860000e-01 8.352828e-02
3.870000e-01 9.752046e-02
3.880000e-01 1.115474e-01
3.890000e-01 1.255801e-01
3.900000e-01 1.395890e-01
3.910000e-01 1.535442e-01
3.920000e-01 1.674152e-01
3.930000e-01 1.811710e-01
3.940000e-01 1.947805e-01
3.950000e-01 2.082119e-01
3.960000e-01 2.214336e-01
3.970000e-01 2.344135e-01
3.980000e-01 2.471193e-01
3.990000e-01 2.595189e-01
4.000000e-01 2.715801e-01
4.010000e-01 2.832705e-01
4.020000e-01 2.945580e-01
4.030000e-01 3.054107e-01
4.040000e-01 3.157970e-01
4.050000e-01 3.256853e-01
4.060000e-01 3.350446e-01
4.070000e-01 3.438443e-01
4.080000e-01 3.520543e-01
4.090000e-01 3.596451e-01
4.100000e-01 3.665878e-01
4.110000e-01 3.728542e-01
4.120000e-01 3.784169e-01
4.130000e-01 3.832493e-01
4.140000e-01 3.873260e-01
4.150000e-01 3.906221e-01
4.160000e-01 3.931142e-01
4.170000e-01 3.947798e-01
4.180000e-01 3.955977e-01
4.190000e-01 3.955480e-01
4.200000e-01 3.946119e-01
4.210000e-01 3.927723e-01
4.220000e-01 3.900133e-01
4.230000e-01 3.863208e-01
4.240000e-01 3.816820e-01
4.250000e-01 3.760860e-01
4.260000e-01 3.695235e-01
4.270000e-01 3.619868e-01
4.280000e-01 3.534704e-01
4.290000e-01 3.439702e-01
4.300000e-01 3.334845e-01
4.310000e-01 3.220131e-01
4.320000e-01 3.095582e-01
4.330000e-01 2.961239e-01
4.340000e-01 2.817163e-01
4.350000e-01 2.663437e-01
4.360000e-01 2.500167e-01
4.370000e-01 2.327478e-01
4.380000e-01 2.145521e-01
4.390000e-01 1.954465e-01
4.400000e-01 1.754506e-01
4.410000e-01 1.545858e-01
4.420000e-01 1.328763e-01
4.430000e-01 1.103482e-01
4.440000e-01 8.703000e-02
4.450000e-01 6.295258e-02
4.460000e-01 3.814901e-02
4.470000e-01 1.265469e-02
4.480000e-01 -1.349275e-02
4.490000e-01 -4.025343e-02
4.500000e-01 -6.758525e-02
4.510000e-01 -9.544394e-02
4.520000e-01 -1.237831e-01
4.530000e-01 -1.525541e-01
4.540000e-01 -1.817063e-01
4.550000e-01 -2.111872e-01
4.560000e-01 -2.409422e-01
4.570000e-01 -2.709147e-01
4.580000e-01 -3.010464e-01
4.590000e-01 -3.312772e-01
4.600000e-01 -3.615452e-01
4.610000e-01 -3.917872e-01
4.620000e-01 -4.219381e-01
4.630000e-01 -4.519315e-01
4.640000e-01 -4.816998e-01
4.650000e-01 -5.111739e-01
4.660000e-01 -5.402839e-01
4.670000e-01 -5.689585e-01
4.680000e-01 -5.971257e-01
4.690000e-01 -6.247128e-01
4.700000e-01 -6.516463e-01
4.710000e-01 -6.778522e-01
4.720000e-01 -7.032561e-01
4.730000e-01 -7.277834e-01
4.740000e-01 -7.513592e-01
4.750000e-01 -7.739089e-01
4.760000e-01 -7.953579e-01
4.770000e-01 -8.156321e-01
4.780000e-01 -8.346577e-01
4.790000e-01 -8.523616e-01
4.800000e-01 -8.686717e-01
4.810000e-01 -8.835168e-01
4.820000e-01 -8.968268e-01
4.830000e-01 -9.085329e-01
4.840000e-01 -9.185679e-01
4.850000e-01 -9.268664e-01
4.860000e-01 -9.333646e-01
4.870000e-01 -9.380010e-01
4.880000e-01 -9.407161e-01
4.890000e-01 -9.414530e-01
4.900000e-01 -9.401572e-01
4.910000e-01 -9.367773e-01
4.920000e-01 -9.312644e-01
4.930000e-01 -9.235731e-01
4.940000e-01 -9.136613e-01
4.950000e-01 -9.014900e-01
4.960000e-01 -8.870244e-01
4.970000e-01 -8.702333e-01
4.980000e-01 -8.510894e-01
4.990000e-01 -8.295697e-01
5.000000e-01 -8.056557e-01
5.010000e-01 -7.793333e-01
5.020000e-01 -7.505929e-01
5.030000e-01 -7.194300e-01
5.040000e-01 -6.858451e-01
5.050000e-01 -6.498435e-01
5.060000e-01 -6.114360e-01
5.070000e-01 -5.706388e-01
5.080000e-01 -5.274736e-01
5.090000e-01 -4.819676e-01
5.100000e-01 -4.341539e-01
5.110000e-01 -3.840714e-01
5.120000e-01 -3.317649e-01
5.130000e-01 -2.772853e-01
5.140000e-01 -2.206895e-01
5.150000e-01 -1.620405e-01
5.160000e-01 -1.014078e-01
5.170000e-01 -3.886695e-02
5.180000e-01 2.550028e-02
5.190000e-01 9.160565e-02
5.200000e-01 1.593547e-01
5.210000e-01 2.286465e-01
5.220000e-01 2.993740e-01
5.230000e-01 3.714237e-01
5.240000e-01 4.446761e-01
5.250000e-01 5.190054e-01
5.260000e-01 5.942795e-01
5.270000e-01 6.703605e-01
5.280000e-01 7.471047e-01
5.290000e-01 8.243622e-01
5.300000e-01 9.019778e-01
5.310000e-01 9.797906e-01
5.320000e-01 1.057634e+00
5.330000e-01 1.135337e+00
5.340000e-01 1.212723e+00
5.350000e-01 1.289611e+00
5.360000e-01 1.365814e+00
5.370000e-01 1.441144e+00
5.380000e-01 1.515404e+00
5.390000e-01 1.588398e+00
5.400000e-01 1.659924e+00
5.410000e-01 1.729777e+00
5.420000e-01 1.797750e+00
5.430000e-01 1.863632e+00
5.440000e-01 1.927211e+00
5.450000e-01 1.988273e+00
5.460000e-01 2.046602e+00
5.470000e-01 2.101983e+00
5.480000e-01 2.154197e+00
5.490000e-01 2.203028e+00
5.500000e-01 2.248259e+00
5.510000e-01 2.289673e+00
5.520000e-01 2.327055e+00
5.530000e-01 2.360193e+00
5.540000e-01 2.388876e+00
5.550000e-01 2.412895e+00
5.560000e-01 2.432046e+00
5.570000e-01 2.446127e+00
5.580000e-01 2.454942e+00
5.590000e-01 2.458299e+00
5.600000e-01 2.456013e+00
5.610000e-01 2.447903e+00
5.620000e-01 2.433796e+00
5.630000e-01 2.413527e+00
5.640000e-01 2.386937e+00
5.650000e-01 2.353876e+00
5.660000e-01 2.314204e+00
5.670000e-01 2.267792e+00
5.680000e-01 2.214517e+00
5.690000e-01 2.154272e+00
5.700000e-01 2.086958e+00
5.710000e-01 2.012490e+00
5.720000e-01 1.930796e+00
5.730000e-01 1.841815e+00
5.740000e-01 1.745502e+00
5.750000e-01 1.641828e+00
5.760000e-01 1.530776e+00
5.770000e-01 1.412347e+00
5.780000e-01 1.286557e+00
5.790000e-01 1.153439e+00
5.800000e-01 1.013046e+00
5.810000e-01 8.654445e-01
5.820000e-01 7.107229e-01
5.830000e-01 5.489869e-01
5.840000e-01 3.803619e-01
5.850000e-01 2.049931e-01
5.860000e-01 2.304580e-02
5.870000e-01 -1.652940e-01
5.880000e-01 -3.598195e-01
5.890000e-01 -5.603027e-01
5.900000e-01 -7.664941e-01
5.910000e-01 -9.781223e-01
5.920000e-01 -1.194894e+00
5.930000e-01 -1.416494e+00
5.940000e-01 -1.642584e+00
5.950000e-01 -1.872804e+00
5.960000e-01 -2.106771e+00
5.970000e-01 -2.344081e+00
5.980000e-01 -2.584305e+00
5.990000e-01 -2.826995e+00
6.000000e-01 -3.071677e+00
6.010000e-01 -3.317858e+00
6.020000e-01 -3.565022e+00
6.030000e-01 -3.812631e+00
6.040000e-01 -4.060127e+00
6.050000e-01 -4.306931e+00
6.060000e-01 -4.552443e+00
6.070000e-01 -4.796044e+00
6.080000e-01 -5.037096e+00
6.090000e-01 -5.274942e+00
6.100000e-01 -5.508907e+00
6.110000e-01 -5.738301e+00
6.120000e-01 -5.962415e+00
6.130000e-01 -6.180527e+00
6.140000e-01 -6.391900e+00
6.150000e-01 -6.595784e+00
6.160000e-01 -6.791417e+00
6.170000e-01 -6.978027e+00
6.180000e-01 -7.154832e+00
6.190000e-01 -7.321041e+00
6.200000e-01 -7.475857e+00
6.210000e-01 -7.618478e+00
6.220000e-01 -7.748100e+00
6.230000e-01 -7.863912e+00
6.240000e-01 -7.965109e+00
6.250000e-01 -8.050883e+00
6.260000e-01 -8.120430e+00
6.270000e-01 -8.172954e+00
6.280000e-01 -8.207663e+00
6.290000e-01 -8.223777e+00
6.300000e-01 -8.220524e+00
6.310000e-01 -8.197149e+00
6.320000e-01 -8.152911e+00
6.330000e-01 -8.087088e+00
6.340000e-01 -7.998978e+00
6.350000e-01 -7.887903e+00
6.360000e-01 -7.753208e+00
6.370000e-01 -7.594268e+00
6.380000e-01 -7.410489e+00
6.390000e-01 -7.201307e+00
6.400000e-01 -6.966197e+00
6.410000e-01 -6.704672e+00
6.420000e-01 -6.416284e+00
6.430000e-01 -6.100630e+00
6.440000e-01 -5.757354e+00
6.450000e-01 -5.386150e+00
6.460000e-01 -4.986763e+00
6.470000e-01 -4.558993e+00
6.480000e-01 -4.102699e+00
6.490000e-01 -3.617799e+00
6.500000e-01 -3.104275e+00
6.510000e-01 -2.562176e+00
6.520000e-01 -1.991618e+00
6.530000e-01 -1.392791e+00
6.540000e-01 -7.659565e-01
6.550000e-01 -1.114555e-01
6.560000e-01 5.702932e-01
6.570000e-01 1.278788e+00
6.580000e-01 2.013444e+00
6.590000e-01 2.773589e+00
6.600000e-01 3.558461e+00
6.610000e-01 4.367206e+00
6.620000e-01 5.198881e+00
6.630000e-01 6.052442e+00
6.640000e-01 6.926753e+00
6.650000e-01 7.820574e+00
6.660000e-01 8.732570e+00
6.670000e-01 9.661300e+00
6.680000e-01 1.060522e+01
6.690000e-01 1.156269e+01
6.700000e-01 1.253195e+01
6.710000e-01 1.351115e+01
6.720000e-01 1.449832e+01
6.730000e-01 1.549139e+01
6.740000e-01 1.648819e+01
6.750000e-01 1.748642e+01
6.760000e-01 1.848372e+01
6.770000e-01 1.947756e+01
6.780000e-01 2.046537e+01
6.790000e-01 2.144443e+01
6.800000e-01 2.241195e+01
6.810000e-01 2.336501e+01
6.820000e-01 2.430062e+01
6.830000e-01 2.521568e+01
6.840000e-01 2.610700e+01
6.850000e-01 2.697131e+01
6.860000e-01 2.780523e+01
6.870000e-01 2.860533e+01
6.880000e-01 2.936807e+01
6.890000e-01 3.008987e+01
6.900000e-01 3.076705e+01
6.910000e-01 3.139589e+01
6.920000e-01 3.197261e+01
6.930000e-01 3.249336e+01
6.940000e-01 3.295428e+01
6.950000e-01 3.335143e+01
6.960000e-01 3.368088e+01
6.970000e-01 3.393865e+01
6.980000e-01 3.412077e+01
6.990000e-01 3.422325e+01
7.000000e-01 3.424211e+01
7.010000e-01 3.417337e+01
7.020000e-01 3.401311e+01
7.030000e-01 3.375740e+01
7.040000e-01 3.340239e+01
7.050000e-01 3.294428e+01
7.060000e-01 3.237933e+01
7.070000e-01 3.170388e+01
7.080000e-01 3.091439e+01
7.090000e-01 3.000740e+01
7.100000e-01 2.897959e+01
7.110000e-01 2.782776e+01
7.120000e-01 2.654887e+01
7.130000e-01 2.514005e+01
7.140000e-01 2.359860e+01
7.150000e-01 2.192201e+01
7.160000e-01 2.010801e+01
7.170000e-01 1.815453e+01
7.180000e-01 1.605976e+01
7.190000e-01 1.382214e+01
7.200000e-01 1.144039e+01
7.210000e-01 8.913553e+00
7.220000e-01 6.240947e+00
7.230000e-01 3.422244e+00
7.240000e-01 4.574607e-01
7.250000e-01 -2.653018e+00
7.260000e-01 -5.908423e+00
7.270000e-01 -9.307579e+00
7.280000e-01 -1.284889e+01
7.290000e-01 -1.653032e+01
7.300000e-01 -2.034938e+01
7.310000e-01 -2.430309e+01
7.320000e-01 -2.838799e+01
7.330000e-01 -3.260010e+01
7.340000e-01 -3.693491e+01
7.350000e-01 -4.138738e+01
7.360000e-01 -4.595189e+01
7.370000e-01 -5.062225e+01
7.380000e-01 -5.539167e+01
7.390000e-01 -6.025276e+01
7.400000e-01 -6.519749e+01
7.410000e-01 -7.021720e+01
7.420000e-01 -7.530260e+01
7.430000e-01 -8.044371e+01
7.440000e-01 -8.562989e+01
7.450000e-01 -9.084982e+01
7.460000e-01 -9.609146e+01
7.470000e-01 -1.013421e+02
7.480000e-01 -1.065884e+02
7.490000e-01 -1.118160e+02
7.500000e-01 -1.170103e+02
7.510000e-01 -1.221556e+02
7.520000e-01 -1.272356e+02
7.530000e-01 -1.322334e+02
7.540000e-01 -1.371311e+02
7.550000e-01 -1.419105e+02
7.560000e-01 -1.465522e+02
7.570000e-01 -1.510367e+02
7.580000e-01 -1.553432e+02
7.590000e-01 -1.594507e+02
7.600000e-01 -1.633372e+02
7.610000e-01 -1.669805e+02
7.620000e-01 -1.703573e+02
7.630000e-01 -1.734441e+02
7.640000e-01 -1.762166e+02
7.650000e-01 -1.786500e+02
7.660000e-01 -1.807191e+02
7.670000e-01 -1.823983e+02
7.680000e-01 -1.836613e+02
7.690000e-01 -1.844816e+02
7.700000e-01 -1.848325e+02
7.710000e-01 -1.846867e+02
7.720000e-01 -1.840170e+02
7.730000e-01 -1.827957e+02
7.740000e-01 -1.809953e+02
7.750000e-01 -1.785880e+02
7.760000e-01 -1.755462e+02
7.770000e-01 -1.718423e+02
7.780000e-01 -1.674490e+02
7.790000e-01 -1.623390e+02
7.800000e-01 -1.564857e+02
7.810000e-01 -1.498626e+02
7.820000e-01 -1.424439e+02
7.830000e-01 -1.342044e+02
7.840000e-01 -1.251196e+02
7.850000e-01 -1.151660e+02
7.860000e-01 -1.043208e+02
7.870000e-01 -9.256246e+01
7.880000e-01 -7.987054e+01
7.890000e-01 -6.622596e+01
7.900000e-01 -5.161109e+01
7.910000e-01 -3.600990e+01
7.920000e-01 -1.940807e+01
7.930000e-01 -1.793161e+00
7.940000e-01 1.684524e+01
7.950000e-01 3.651537e+01
7.960000e-01 5.722314e+01
7.970000e-01 7.897195e+01
7.980000e-01 1.017625e+02
7.990000e-01 1.255929e+02
8.000000e-01 1.504578e+02
8.010000e-01 1.763491e+02
8.020000e-01 2.032551e+02
8.030000e-01 2.311608e+02
8.040000e-01 2.600471e+02
8.050000e-01 2.898914e+02
8.060000e-01 3.206668e+02
8.070000e-01 3.523422e+02
8.080000e-01 3.848818e+02
8.090000e-01 4.182454e+02
8.100000e-01 4.523879e+02
8.110000e-01 4.872591e+02
8.120000e-01 5.228036e+02
8.130000e-01 5.589605e+02
8.140000e-01 5.956634e+02
8.150000e-01 6.328400e+02
8.160000e-01 6.704122e+02
8.170000e-01 7.082956e+02
8.180000e-01 7.463994e+02
8.190000e-01 7.846266e+02
8.200000e-01 8.228734e+02
8.210000e-01 8.610290e+02
8.220000e-01 8.989760e+02
8.230000e-01 9.365898e+02
8.240000e-01 9.737384e+02
8.250000e-01 1.010283e+03
8.260000e-01 1.046076e+03
8.270000e-01 1.080965e+03
8.280000e-01 1.114786e+03
8.290000e-01 1.147372e+03
8.300000e-01 1.178545e+03
8.310000e-01 1.208120e+03
8.320000e-01 1.235905e+03
8.330000e-01 1.261699e+03
8.340000e-01 1.285295e+03
8.350000e-01 1.306477e+03
8.360000e-01 1.325023e+03
8.370000e-01 1.340702e+03
8.380000e-01 1.353276e+03
8.390000e-01 1.362501e+03
8.400000e-01 1.368125e+03
8.410000e-01 1.369890e+03
8.420000e-01 1.367532e+03
8.430000e-01 1.360779e+03
8.440000e-01 1.349357e+03
8.450000e-01 1.332983e+03
8.460000e-01 1.311371e+03
8.470000e-01 1.284230e+03
8.480000e-01 1.251267e+03
8.490000e-01 1.212183e+03
8.500000e-01 1.166678e+03
8.510000e-01 1.114450e+03
8.520000e-01 1.055197e+03
8.530000e-01 9.886140e+02
8.540000e-01 9.143991e+02
8.550000e-01 8.322507e+02
8.560000e-01 7.418701e+02
8.570000e-01 6.429622e+02
8.580000e-01 5.352366e+02
8.590000e-01 4.184089e+02
8.600000e-01 2.922020e+02
8.610000e-01 1.563477e+02
8.620000e-01 1.058744e+01
8.630000e-01 -1.453252e+02
8.640000e-01 -3.116235e+02
8.650000e-01 -4.885258e+02
8.660000e-01 -6.762334e+02
8.670000e-01 -8.749293e+02
8.680000e-01 -1.084775e+03
8.690000e-01 -1.305911e+03
8.700000e-01 -1.538450e+03
8.710000e-01 -1.782480e+03
8.720000e-01 -2.038058e+03
8.730000e-01 -2.305210e+03
8.740000e-01 -2.583926e+03
8.750000e-01 -2.874160e+03
8.760000e-01 -3.175825e+03
8.770000e-01 -3.488790e+03
8.780000e-01 -3.812881e+03
8.790000e-01 -4.147872e+03
8.800000e-01 -4.493487e+03
8.810000e-01 -4.849392e+03
8.820000e-01 -5.215197e+03
8.830000e-01 -5.590446e+03
8.840000e-01 -5.974620e+03
8.850000e-01 -6.367130e+03
8.860000e-01 -6.767311e+03
8.870000e-01 -7.174424e+03
8.880000e-01 -7.587646e+03
8.890000e-01 -8.006072e+03
8.900000e-01 -8.428704e+03
8.910000e-01 -8.854453e+03
8.920000e-01 -9.282131e+03
8.930000e-01 -9.710450e+03
8.940000e-01 -1.013801e+04
8.950000e-01 -1.056332e+04
8.960000e-01 -1.098474e+04
8.970000e-01 -1.140054e+04
8.980000e-01 -1.180886e+04
8.990000e-01 -1.220770e+04
9.000000e-01 -1.259495e+04
9.010000e-01 -1.296834e+04
9.020000e-01 -1.332547e+04
9.030000e-01 -1.366380e+04
9.040000e-01 -1.398064e+04
9.050000e-01 -1.427315e+04
9.060000e-01 -1.453831e+04
9.070000e-01 -1.477298e+04
9.080000e-01 -1.497383e+04
9.090000e-01 -1.513738e+04
9.100000e-01 -1.525996e+04
9.110000e-01 -1.533775e+04
9.120000e-01 -1.536676e+04
9.130000e-01 -1.534280e+04
9.140000e-01 -1.526153e+04
9.150000e-01 -1.511843e+04
9.160000e-01 -1.490879e+04
9.170000e-01 -1.462774e+04
9.180000e-01 -1.427021e+04
9.190000e-01 -1.383100e+04
9.200000e-01 -1.330469e+04
9.210000e-01 -1.268573e+04
9.220000e-01 -1.196838e+04
9.230000e-01 -1.114676e+04
9.240000e-01 -1.021484e+04
9.250000e-01 -9.166419e+03
9.260000e-01 -7.995189e+03
9.270000e-01 -6.694704e+03
9.280000e-01 -5.258401e+03
9.290000e-01 -3.679620e+03
9.300000e-01 -1.951608e+03
9.310000e-01 -6.754523e+01
9.320000e-01 1.979445e+03
9.330000e-01 4.196270e+03
9.340000e-01 6.589852e+03
9.350000e-01 9.167097e+03
9.360000e-01 1.193487e+04
9.370000e-01 1.489998e+04
9.380000e-01 1.806911e+04
9.390000e-01 2.144882e+04
9.400000e-01 2.504551e+04
9.410000e-01 2.886533e+04
9.420000e-01 3.291420e+04
9.430000e-01 3.719771e+04
9.440000e-01 4.172111e+04
9.450000e-01 4.648919e+04
9.460000e-01 5.150630e+04
9.470000e-01 5.677623e+04
9.480000e-01 6.230214e+04
9.490000e-01 6.808652e+04
9.500000e-01 7.413105e+04
9.510000e-01 8.043658e+04
9.520000e-01 8.700299e+04
9.530000e-01 9.382909e+04
9.540000e-01 1.009126e+05
9.550000e-01 1.082498e+05
9.560000e-01 1.158357e+05
9.570000e-01 1.236637e+05
9.580000e-01 1.317258e+05
9.590000e-01 1.400117e+05
9.600000e-01 1.485094e+05
9.610000e-01 1.572050e+05
9.620000e-01 1.660817e+05
9.630000e-01 1.751207e+05
9.640000e-01 1.843004e+05
9.650000e-01 1.935959e+05
9.660000e-01 2.029797e+05
9.670000e-01 2.124205e+05
9.680000e-01 2.218837e+05
9.690000e-01 2.313305e+05
9.700000e-01 2.407181e+05
9.710000e-01 2.499991e+05
9.720000e-01 2.591214e+05
9.730000e-01 2.680277e+05
9.740000e-01 2.766554e+05
9.750000e-01 2.849357e+05
9.760000e-01 2.927939e+05
9.770000e-01 3.001484e+05
9.780000e-01 3.069106e+05
9.790000e-01 3.129844e+05
9.800000e-01 3.182655e+05
9.810000e-01 3.226412e+05
9.820000e-01 3.259897e+05
9.830000e-01 3.281795e+05
9.840000e-01 3.290688e+05
9.850000e-01 3.285051e+05
9.860000e-01 3.263241e+05
9.870000e-01 3.223496e+05
9.880000e-01 3.163922e+05
9.890000e-01 3.082489e+05
9.900000e-01 2.977022e+05
9.910000e-01 2.845192e+05
9.920000e-01 2.684508e+05
9.930000e-01 2.492307e+05
9.940000e-01 2.265745e+05
9.950000e-01 2.001787e+05
9.960000e-01 1.697195e+05
9.970000e-01 1.348517e+05
9.980000e-01 9.520774e+04
9.990000e-01 5.039616e+04
