-1.000000e+00 5.756463e-01
-9.990000e-01 5.524275e-01
-9.980000e-01 5.296853e-01
-9.970000e-01 5.074132e-01
-9.960000e-01 4.856052e-01
-9.950000e-01 4.642551e-01
-9.940000e-01 4.433569e-01
-9.930000e-01 4.229046e-01
-9.920000e-01 4.028922e-01
-9.910000e-01 3.833138e-01
-9.900000e-01 3.641636e-01
-9.890000e-01 3.454358e-01
-9.880000e-01 3.271247e-01
-9.870000e-01 3.092245e-01
-9.860000e-01 2.917297e-01
-9.850000e-01 2.746347e-01
-9.840000e-01 2.579339e-01
-9.830000e-01 2.416220e-01
-9.820000e-01 2.256935e-01
-9.810000e-01 2.101430e-01
-9.800000e-01 1.949652e-01
-9.790000e-01 1.801548e-01
-9.780000e-01 1.657067e-01
-9.770000e-01 1.516157e-01
-9.760000e-01 1.378767e-01
-9.750000e-01 1.244846e-01
-9.740000e-01 1.114344e-01
-9.730000e-01 9.872114e-02
-9.720000e-01 8.633991e-02
-9.710000e-01 7.428584e-02
-9.700000e-01 6.255412e-02
-9.690000e-01 5.113997e-02
-9.680000e-01 4.003867e-02
-9.670000e-01 2.924555e-02
-9.660000e-01 1.875598e-02
-9.650000e-01 8.565366e-03
-9.640000e-01 -1.330821e-03
-9.630000e-01 -1.093708e-02
-9.620000e-01 -2.025785e-02
-9.610000e-01 -2.929753e-02
-9.600000e-01 -3.806049e-02
-9.590000e-01 -4.655104e-02
-9.580000e-01 -5.477344e-02
-9.570000e-01 -6.273193e-02
-9.560000e-01 -7.043068e-02
-9.550000e-01 -7.787383e-02
-9.540000e-01 -8.506548e-02
-9.530000e-01 -9.200969e-02
-9.520000e-01 -9.871046e-02
-9.510000e-01 -1.051718e-01
-9.500000e-01 -1.113975e-01
-9.490000e-01 -1.173917e-01
-9.480000e-01 -1.231580e-01
-9.470000e-01 -1.287003e-01
-9.460000e-01 -1.340224e-01
-9.450000e-01 -1.391280e-01
-9.440000e-01 -1.440208e-01
-9.430000e-01 -1.487044e-01
-9.420000e-01 -1.531824e-01
-9.410000e-01 -1.574585e-01
-9.400000e-01 -1.615360e-01
-9.390000e-01 -1.654187e-01
-9.380000e-01 -1.691097e-01
-9.370000e-01 -1.726127e-01
-9.360000e-01 -1.759310e-01
-9.350000e-01 -1.790678e-01
-9.340000e-01 -1.820266e-01
-9.330000e-01 -1.848106e-01
-9.320000e-01 -1.874230e-01
-9.310000e-01 -1.898670e-01
-9.300000e-01 -1.921458e-01
-9.290000e-01 -1.942625e-01
-9.280000e-01 -1.962202e-01
-9.270000e-01 -1.980219e-01
-9.260000e-01 -1.996707e-01
-9.250000e-01 -2.011695e-01
-9.240000e-01 -2.025213e-01
-9.230000e-01 -2.037291e-01
-9.220000e-01 -2.047956e-01
-9.210000e-01 -2.057238e-01
-9.200000e-01 -2.065165e-01
-9.190000e-01 -2.071764e-01
-9.180000e-01 -2.077063e-01
-9.170000e-01 -2.081089e-01
-9.160000e-01 -2.083870e-01
-9.150000e-01 -2.085431e-01
-9.140000e-01 -2.085799e-01
-9.130000e-01 -2.084999e-01
-9.120000e-01 -2.083058e-01
-9.110000e-01 -2.080001e-01
-9.100000e-01 -2.075852e-01
-9.090000e-01 -2.070637e-01
-9.080000e-01 -2.064380e-01
-9.070000e-01 -2.057104e-01
-9.060000e-01 -2.048834e-01
-9.050000e-01 -2.039593e-01
-9.040000e-01 -2.029405e-01
-9.030000e-01 -2.018292e-01
-9.020000e-01 -2.006276e-01
-9.010000e-01 -1.993381e-01
-9.000000e-01 -1.979629e-01
-8.990000e-01 -1.965040e-01
-8.980000e-01 -1.949637e-01
-8.970000e-01 -1.933441e-01
-8.960000e-01 -1.916473e-01
-8.950000e-01 -1.898753e-01
-8.940000e-01 -1.880302e-01
-8.930000e-01 -1.861141e-01
-8.920000e-01 -1.841288e-01
-8.910000e-01 -1.820764e-01
-8.900000e-01 -1.799588e-01
-8.890000e-01 -1.777779e-01
-8.880000e-01 -1.755355e-01
-8.870000e-01 -1.732337e-01
-8.860000e-01 -1.708741e-01
-8.850000e-01 -1.684586e-01
-8.840000e-01 -1.659890e-01
-8.830000e-01 -1.634671e-01
-8.820000e-01 -1.608945e-01
-8.810000e-01 -1.582730e-01
-8.800000e-01 -1.556043e-01
-8.790000e-01 -1.528900e-01
-8.780000e-01 -1.501319e-01
-8.770000e-01 -1.473314e-01
-8.760000e-01 -1.444902e-01
-8.750000e-01 -1.416100e-01
-8.740000e-01 -1.386921e-01
-8.730000e-01 -1.357382e-01
-8.720000e-01 -1.327497e-01
-8.710000e-01 -1.297282e-01
-8.700000e-01 -1.266751e-01
-8.690000e-01 -1.235918e-01
-8.680000e-01 -1.204798e-01
-8.670000e-01 -1.173404e-01
-8.660000e-01 -1.141751e-01
-8.650000e-01 -1.109851e-01
-8.640000e-01 -1.077718e-01
-8.630000e-01 -1.045366e-01
-8.620000e-01 -1.012807e-01
-8.610000e-01 -9.800544e-02
-8.600000e-01 -9.471200e-02
-8.590000e-01 -9.140163e-02
-8.580000e-01 -8.807557e-02
-8.570000e-01 -8.473499e-02
-8.560000e-01 -8.138108e-02
-8.550000e-01 -7.801499e-02
-8.540000e-01 -7.463785e-02
-8.530000e-01 -7.125079e-02
-8.520000e-01 -6.785491e-02
-8.510000e-01 -6.445128e-02
-8.500000e-01 -6.104098e-02
-8.490000e-01 -5.762503e-02
-8.480000e-01 -5.420448e-02
-8.470000e-01 -5.078034e-02
-8.460000e-01 -4.735358e-02
-8.450000e-01 -4.392519e-02
-8.440000e-01 -4.049613e-02
-8.430000e-01 -3.706734e-02
-8.420000e-01 -3.363973e-02
-8.410000e-01 -3.021422e-02
-8.400000e-01 -2.679170e-02
-8.390000e-01 -2.337304e-02
-8.380000e-01 -1.995910e-02
-8.370000e-01 -1.655072e-02
-8.360000e-01 -1.314872e-02
-8.350000e-01 -9.753925e-03
-8.340000e-01 -6.367120e-03
-8.330000e-01 -2.989085e-03
-8.320000e-01 3.794139e-04
-8.310000e-01 3.737629e-03
-8.300000e-01 7.084827e-03
-8.290000e-01 1.042029e-02
-8.280000e-01 1.374331e-02
-8.270000e-01 1.705319e-02
-8.260000e-01 2.034927e-02
-8.250000e-01 2.363088e-02
-8.240000e-01 2.689738e-02
-8.230000e-01 3.014812e-02
-8.220000e-01 3.338250e-02
-8.210000e-01 3.659990e-02
-8.200000e-01 3.979973e-02
-8.190000e-01 4.298142e-02
-8.180000e-01 4.614439e-02
-8.170000e-01 4.928809e-02
-8.160000e-01 5.241199e-02
-8.150000e-01 5.551555e-02
-8.140000e-01 5.859826e-02
-8.130000e-01 6.165962e-02
-8.120000e-01 6.469914e-02
-8.110000e-01 6.771634e-02
-8.100000e-01 7.071076e-02
-8.090000e-01 7.368193e-02
-8.080000e-01 7.662943e-02
-8.070000e-01 7.955282e-02
-8.060000e-01 8.245168e-02
-8.050000e-01 8.532560e-02
-8.040000e-01 8.817419e-02
-8.030000e-01 9.099706e-02
-8.020000e-01 9.379384e-02
-8.010000e-01 9.656417e-02
-8.000000e-01 9.930770e-02
-7.990000e-01 1.020241e-01
-7.980000e-01 1.047130e-01
-7.970000e-01 1.073741e-01
-7.960000e-01 1.100071e-01
-7.950000e-01 1.126117e-01
-7.940000e-01 1.151876e-01
-7.930000e-01 1.177345e-01
-7.920000e-01 1.202522e-01
-7.910000e-01 1.227404e-01
-7.900000e-01 1.251988e-01
-7.890000e-01 1.276272e-01
-7.880000e-01 1.300254e-01
-7.870000e-01 1.323931e-01
-7.860000e-01 1.347302e-01
-7.850000e-01 1.370364e-01
-7.840000e-01 1.393116e-01
-7.830000e-01 1.415555e-01
-7.820000e-01 1.437680e-01
-7.810000e-01 1.459488e-01
-7.800000e-01 1.480979e-01
-7.790000e-01 1.502151e-01
-7.780000e-01 1.523003e-01
-7.770000e-01 1.543533e-01
-7.760000e-01 1.563739e-01
-7.750000e-01 1.583621e-01
-7.740000e-01 1.603177e-01
-7.730000e-01 1.622407e-01
-7.720000e-01 1.641310e-01
-7.710000e-01 1.659884e-01
-7.700000e-01 1.678129e-01
-7.690000e-01 1.696044e-01
-7.680000e-01 1.713628e-01
-7.670000e-01 1.730881e-01
-7.660000e-01 1.747802e-01
-7.650000e-01 1.764391e-01
-7.640000e-01 1.780647e-01
-7.630000e-01 1.796571e-01
-7.620000e-01 1.812161e-01
-7.610000e-01 1.827417e-01
-7.600000e-01 1.842341e-01
-7.590000e-01 1.856930e-01
-7.580000e-01 1.871186e-01
-7.570000e-01 1.885109e-01
-7.560000e-01 1.898698e-01
-7.550000e-01 1.911953e-01
-7.540000e-01 1.924876e-01
-7.530000e-01 1.937466e-01
-7.520000e-01 1.949724e-01
-7.510000e-01 1.961650e-01
-7.500000e-01 1.973244e-01
-7.490000e-01 1.984507e-01
-7.480000e-01 1.995440e-01
-7.470000e-01 2.006044e-01
-7.460000e-01 2.016318e-01
-7.450000e-01 2.026264e-01
-7.440000e-01 2.035882e-01
-7.430000e-01 2.045174e-01
-7.420000e-01 2.054139e-01
-7.410000e-01 2.062780e-01
-7.400000e-01 2.071097e-01
-7.390000e-01 2.079091e-01
-7.380000e-01 2.086763e-01
-7.370000e-01 2.094115e-01
-7.360000e-01 2.101147e-01
-7.350000e-01 2.107861e-01
-7.340000e-01 2.114257e-01
-7.330000e-01 2.120338e-01
-7.320000e-01 2.126104e-01
-7.310000e-01 2.131557e-01
-7.300000e-01 2.136699e-01
-7.290000e-01 2.141530e-01
-7.280000e-01 2.146052e-01
-7.270000e-01 2.150267e-01
-7.260000e-01 2.154177e-01
-7.250000e-01 2.157782e-01
-7.240000e-01 2.161085e-01
-7.230000e-01 2.164088e-01
-7.220000e-01 2.166791e-01
-7.210000e-01 2.169196e-01
-7.200000e-01 2.171307e-01
-7.190000e-01 2.173123e-01
-7.180000e-01 2.174647e-01
-7.170000e-01 2.175882e-01
-7.160000e-01 2.176828e-01
-7.150000e-01 2.177488e-01
-7.140000e-01 2.177863e-01
-7.130000e-01 2.177957e-01
-7.120000e-01 2.177770e-01
-7.110000e-01 2.177304e-01
-7.100000e-01 2.176563e-01
-7.090000e-01 2.175547e-01
-7.080000e-01 2.174259e-01
-7.070000e-01 2.172701e-01
-7.060000e-01 2.170876e-01
-7.050000e-01 2.168785e-01
-7.040000e-01 2.166430e-01
-7.030000e-01 2.163815e-01
-7.020000e-01 2.160940e-01
-7.010000e-01 2.157809e-01
-7.000000e-01 2.154424e-01
-6.990000e-01 2.150786e-01
-6.980000e-01 2.146899e-01
-6.970000e-01 2.142765e-01
-6.960000e-01 2.138385e-01
-6.950000e-01 2.133763e-01
-6.940000e-01 2.128901e-01
-6.930000e-01 2.123801e-01
-6.920000e-01 2.118466e-01
-6.910000e-01 2.112897e-01
-6.900000e-01 2.107099e-01
-6.890000e-01 2.101072e-01
-6.880000e-01 2.094820e-01
-6.870000e-01 2.088345e-01
-6.860000e-01 2.081650e-01
-6.850000e-01 2.074736e-01
-6.840000e-01 2.067608e-01
-6.830000e-01 2.060266e-01
-6.820000e-01 2.052714e-01
-6.810000e-01 2.044955e-01
-6.800000e-01 2.036991e-01
-6.790000e-01 2.028824e-01
-6.780000e-01 2.020457e-01
-6.770000e-01 2.011893e-01
-6.760000e-01 2.003135e-01
-6.750000e-01 1.994184e-01
-6.740000e-01 1.985044e-01
-6.730000e-01 1.975718e-01
-6.720000e-01 1.966207e-01
-6.710000e-01 1.956516e-01
-6.700000e-01 1.946645e-01
-6.690000e-01 1.936598e-01
-6.680000e-01 1.926378e-01
-6.670000e-01 1.915988e-01
-6.660000e-01 1.905429e-01
-6.650000e-01 1.894705e-01
-6.640000e-01 1.883819e-01
-6.630000e-01 1.872772e-01
-6.620000e-01 1.861569e-01
-6.610000e-01 1.850211e-01
-6.600000e-01 1.838701e-01
-6.590000e-01 1.827042e-01
-6.580000e-01 1.815237e-01
-6.570000e-01 1.803288e-01
-6.560000e-01 1.791198e-01
-6.550000e-01 1.778970e-01
-6.540000e-01 1.766606e-01
-6.530000e-01 1.754110e-01
-6.520000e-01 1.741483e-01
-6.510000e-01 1.728730e-01
-6.500000e-01 1.715851e-01
-6.490000e-01 1.702850e-01
-6.480000e-01 1.689730e-01
-6.470000e-01 1.676494e-01
-6.460000e-01 1.663143e-01
-6.450000e-01 1.649682e-01
-6.440000e-01 1.636112e-01
-6.430000e-01 1.622436e-01
-6.420000e-01 1.608657e-01
-6.410000e-01 1.594777e-01
-6.400000e-01 1.580800e-01
-6.390000e-01 1.566728e-01
-6.380000e-01 1.552563e-01
-6.370000e-01 1.538308e-01
-6.360000e-01 1.523966e-01
-6.350000e-01 1.509540e-01
-6.340000e-01 1.495032e-01
-6.330000e-01 1.480445e-01
-6.320000e-01 1.465781e-01
-6.310000e-01 1.451043e-01
-6.300000e-01 1.436234e-01
-6.290000e-01 1.421356e-01
-6.280000e-01 1.406412e-01
-6.270000e-01 1.391404e-01
-6.260000e-01 1.376336e-01
-6.250000e-01 1.361209e-01
-6.240000e-01 1.346026e-01
-6.230000e-01 1.330790e-01
-6.220000e-01 1.315503e-01
-6.210000e-01 1.300169e-01
-6.200000e-01 1.284788e-01
-6.190000e-01 1.269364e-01
-6.180000e-01 1.253900e-01
-6.170000e-01 1.238398e-01
-6.160000e-01 1.222860e-01
-6.150000e-01 1.207288e-01
-6.140000e-01 1.191687e-01
-6.130000e-01 1.176056e-01
-6.120000e-01 1.160401e-01
-6.110000e-01 1.144721e-01
-6.100000e-01 1.129021e-01
-6.090000e-01 1.113302e-01
-6.080000e-01 1.097568e-01
-6.070000e-01 1.081819e-01
-6.060000e-01 1.066059e-01
-6.050000e-01 1.050290e-01
-6.040000e-01 1.034515e-01
-6.030000e-01 1.018735e-01
-6.020000e-01 1.002953e-01
-6.010000e-01 9.871715e-02
-6.000000e-01 9.713926e-02
-5.990000e-01 9.556187e-02
-5.980000e-01 9.398518e-02
-5.970000e-01 9.240945e-02
-5.960000e-01 9.083487e-02
-5.950000e-01 8.926169e-02
-5.940000e-01 8.769012e-02
-5.930000e-01 8.612039e-02
-5.920000e-01 8.455270e-02
-5.910000e-01 8.298728e-02
-5.900000e-01 8.142434e-02
-5.890000e-01 7.986410e-02
-5.880000e-01 7.830676e-02
-5.870000e-01 7.675255e-02
-5.860000e-01 7.520167e-02
-5.850000e-01 7.365433e-02
-5.840000e-01 7.211073e-02
-5.830000e-01 7.057108e-02
-5.820000e-01 6.903559e-02
-5.810000e-01 6.750445e-02
-5.800000e-01 6.597786e-02
-5.790000e-01 6.445603e-02
-5.780000e-01 6.293915e-02
-5.770000e-01 6.142742e-02
-5.760000e-01 5.992103e-02
-5.750000e-01 5.842017e-02
-5.740000e-01 5.692503e-02
-5.730000e-01 5.543580e-02
-5.720000e-01 5.395268e-02
-5.710000e-01 5.247584e-02
-5.700000e-01 5.100547e-02
-5.690000e-01 4.954174e-02
-5.680000e-01 4.808486e-02
-5.670000e-01 4.663498e-02
-5.660000e-01 4.519229e-02
-5.650000e-01 4.375696e-02
-5.640000e-01 4.232917e-02
-5.630000e-01 4.090908e-02
-5.620000e-01 3.949688e-02
-5.610000e-01 3.809272e-02
-5.600000e-01 3.669678e-02
-5.590000e-01 3.530922e-02
-5.580000e-01 3.393019e-02
-5.570000e-01 3.255988e-02
-5.560000e-01 3.119843e-02
-5.550000e-01 2.984599e-02
-5.540000e-01 2.850274e-02
-5.530000e-01 2.716882e-02
-5.520000e-01 2.584439e-02
-5.510000e-01 2.452959e-02
-5.500000e-01 2.322457e-02
-5.490000e-01 2.192949e-02
-5.480000e-01 2.064449e-02
-5.470000e-01 1.936970e-02
-5.460000e-01 1.810529e-02
-5.450000e-01 1.685137e-02
-5.440000e-01 1.560810e-02
-5.430000e-01 1.437560e-02
-5.420000e-01 1.315402e-02
-5.410000e-01 1.194349e-02
-5.400000e-01 1.074413e-02
-5.390000e-01 9.556081e-03
-5.380000e-01 8.379464e-03
-5.370000e-01 7.214407e-03
-5.360000e-01 6.061033e-03
-5.350000e-01 4.919465e-03
-5.340000e-01 3.789821e-03
-5.330000e-01 2.672222e-03
-5.320000e-01 1.566784e-03
-5.310000e-01 4.736201e-04
-5.300000e-01 -6.071555e-04
-5.290000e-01 -1.675432e-03
-5.280000e-01 -2.731100e-03
-5.270000e-01 -3.774052e-03
-5.260000e-01 -4.804183e-03
-5.250000e-01 -5.821389e-03
-5.240000e-01 -6.825567e-03
-5.230000e-01 -7.816619e-03
-5.220000e-01 -8.794444e-03
-5.210000e-01 -9.758948e-03
-5.200000e-01 -1.071003e-02
-5.190000e-01 -1.164761e-02
-5.180000e-01 -1.257159e-02
-5.170000e-01 -1.348187e-02
-5.160000e-01 -1.437838e-02
-5.150000e-01 -1.526102e-02
-5.140000e-01 -1.612972e-02
-5.130000e-01 -1.698439e-02
-5.120000e-01 -1.782495e-02
-5.110000e-01 -1.865132e-02
-5.100000e-01 -1.946342e-02
-5.090000e-01 -2.026119e-02
-5.080000e-01 -2.104454e-02
-5.070000e-01 -2.181341e-02
-5.060000e-01 -2.256773e-02
-5.050000e-01 -2.330742e-02
-5.040000e-01 -2.403242e-02
-5.030000e-01 -2.474268e-02
-5.020000e-01 -2.543812e-02
-5.010000e-01 -2.611868e-02
-5.000000e-01 -2.678431e-02
-4.990000e-01 -2.743495e-02
-4.980000e-01 -2.807054e-02
-4.970000e-01 -2.869103e-02
-4.960000e-01 -2.929637e-02
-4.950000e-01 -2.988650e-02
-4.940000e-01 -3.046139e-02
-4.930000e-01 -3.102097e-02
-4.920000e-01 -3.156521e-02
-4.910000e-01 -3.209406e-02
-4.900000e-01 -3.260749e-02
-4.890000e-01 -3.310544e-02
-4.880000e-01 -3.358789e-02
-4.870000e-01 -3.405480e-02
-4.860000e-01 -3.450612e-02
-4.850000e-01 -3.494184e-02
-4.840000e-01 -3.536191e-02
-4.830000e-01 -3.576630e-02
-4.820000e-01 -3.615500e-02
-4.810000e-01 -3.652796e-02
-4.800000e-01 -3.688517e-02
-4.790000e-01 -3.722661e-02
-4.780000e-01 -3.755224e-02
-4.770000e-01 -3.786206e-02
-4.760000e-01 -3.815604e-02
-4.750000e-01 -3.843417e-02
-4.740000e-01 -3.869642e-02
-4.730000e-01 -3.894279e-02
-4.720000e-01 -3.917327e-02
-4.710000e-01 -3.938784e-02
-4.700000e-01 -3.958650e-02
-4.690000e-01 -3.976923e-02
-4.680000e-01 -3.993604e-02
-4.670000e-01 -4.008691e-02
-4.660000e-01 -4.022185e-02
-4.650000e-01 -4.034086e-02
-4.640000e-01 -4.044392e-02
-4.630000e-01 -4.053106e-02
-4.620000e-01 -4.060226e-02
-4.610000e-01 -4.065754e-02
-4.600000e-01 -4.069690e-02
-4.590000e-01 -4.072035e-02
-4.580000e-01 -4.072789e-02
-4.570000e-01 -4.071955e-02
-4.560000e-01 -4.069533e-02
-4.550000e-01 -4.065524e-02
-4.540000e-01 -4.059930e-02
-4.530000e-01 -4.052753e-02
-4.520000e-01 -4.043995e-02
-4.510000e-01 -4.033657e-02
-4.500000e-01 -4.021742e-02
-4.490000e-01 -4.008251e-02
-4.480000e-01 -3.993188e-02
-4.470000e-01 -3.976554e-02
-4.460000e-01 -3.958353e-02
-4.450000e-01 -3.938587e-02
-4.440000e-01 -3.917259e-02
-4.430000e-01 -3.894373e-02
-4.420000e-01 -3.869930e-02
-4.410000e-01 -3.843936e-02
-4.400000e-01 -3.816392e-02
-4.390000e-01 -3.787303e-02
-4.380000e-01 -3.756673e-02
-4.370000e-01 -3.724505e-02
-4.360000e-01 -3.690803e-02
-4.350000e-01 -3.655572e-02
-4.340000e-01 -3.618815e-02
-4.330000e-01 -3.580538e-02
-4.320000e-01 -3.540744e-02
-4.310000e-01 -3.499438e-02
-4.300000e-01 -3.456625e-02
-4.290000e-01 -3.412310e-02
-4.280000e-01 -3.366497e-02
-4.270000e-01 -3.319192e-02
-4.260000e-01 -3.270401e-02
-4.250000e-01 -3.220127e-02
-4.240000e-01 -3.168378e-02
-4.230000e-01 -3.115158e-02
-4.220000e-01 -3.060473e-02
-4.210000e-01 -3.004329e-02
-4.200000e-01 -2.946731e-02
-4.190000e-01 -2.887687e-02
-4.180000e-01 -2.827201e-02
-4.170000e-01 -2.765281e-02
-4.160000e-01 -2.701933e-02
-4.150000e-01 -2.637162e-02
-4.140000e-01 -2.570976e-02
-4.130000e-01 -2.503381e-02
-4.120000e-01 -2.434385e-02
-4.110000e-01 -2.363993e-02
-4.100000e-01 -2.292213e-02
-4.090000e-01 -2.219053e-02
-4.080000e-01 -2.144518e-02
-4.070000e-01 -2.068618e-02
-4.060000e-01 -1.991358e-02
-4.050000e-01 -1.912746e-02
-4.040000e-01 -1.832791e-02
-4.030000e-01 -1.751499e-02
-4.020000e-01 -1.668879e-02
-4.010000e-01 -1.584938e-02
-4.000000e-01 -1.499685e-02
-3.990000e-01 -1.413127e-02
-3.980000e-01 -1.325272e-02
-3.970000e-01 -1.236129e-02
-3.960000e-01 -1.145707e-02
-3.950000e-01 -1.054012e-02
-3.940000e-01 -9.610552e-03
-3.930000e-01 -8.668437e-03
-3.920000e-01 -7.713864e-03
-3.910000e-01 -6.746921e-03
-3.900000e-01 -5.767697e-03
-3.890000e-01 -4.776280e-03
-3.880000e-01 -3.772761e-03
-3.870000e-01 -2.757231e-03
-3.860000e-01 -1.729780e-03
-3.850000e-01 -6.905018e-04
-3.840000e-01 3.605112e-04
-3.830000e-01 1.423165e-03
-3.820000e-01 2.497366e-03
-3.810000e-01 3.583017e-03
-3.800000e-01 4.680023e-03
-3.790000e-01 5.788288e-03
-3.780000e-01 6.907715e-03
-3.770000e-01 8.038204e-03
-3.760000e-01 9.179657e-03
-3.750000e-01 1.033198e-02
-3.740000e-01 1.149506e-02
-3.730000e-01 1.266881e-02
-3.720000e-01 1.385312e-02
-3.710000e-01 1.504789e-02
-3.700000e-01 1.625301e-02
-3.690000e-01 1.746840e-02
-3.680000e-01 1.869393e-02
-3.670000e-01 1.992952e-02
-3.660000e-01 2.117504e-02
-3.650000e-01 2.243040e-02
-3.640000e-01 2.369550e-02
-3.630000e-01 2.497021e-02
-3.620000e-01 2.625445e-02
-3.610000e-01 2.754809e-02
-3.600000e-01 2.885103e-02
-3.590000e-01 3.016317e-02
-3.580000e-01 3.148439e-02
-3.570000e-01 3.281459e-02
-3.560000e-01 3.415365e-02
-3.550000e-01 3.550147e-02
-3.540000e-01 3.685792e-02
-3.530000e-01 3.822291e-02
-3.520000e-01 3.959632e-02
-3.510000e-01 4.097804e-02
-3.500000e-01 4.236795e-02
-3.490000e-01 4.376595e-02
-3.480000e-01 4.517191e-02
-3.470000e-01 4.658573e-02
-3.460000e-01 4.800729e-02
-3.450000e-01 4.943648e-02
-3.440000e-01 5.087318e-02
-3.430000e-01 5.231728e-02
-3.420000e-01 5.376866e-02
-3.410000e-01 5.522720e-02
-3.400000e-01 5.669280e-02
-3.390000e-01 5.816533e-02
-3.380000e-01 5.964467e-02
-3.370000e-01 6.113072e-02
-3.360000e-01 6.262335e-02
-3.350000e-01 6.412244e-02
-3.340000e-01 6.562789e-02
-3.330000e-01 6.713956e-02
-3.320000e-01 6.865735e-02
-3.310000e-01 7.018113e-02
-3.300000e-01 7.171079e-02
-3.290000e-01 7.324620e-02
-3.280000e-01 7.478726e-02
-3.270000e-01 7.633383e-02
-3.260000e-01 7.788580e-02
-3.250000e-01 7.944305e-02
-3.240000e-01 8.100547e-02
-3.230000e-01 8.257293e-02
-3.220000e-01 8.414531e-02
-3.210000e-01 8.572249e-02
-3.200000e-01 8.730435e-02
-3.190000e-01 8.889078e-02
-3.180000e-01 9.048165e-02
-3.170000e-01 9.207684e-02
-3.160000e-01 9.367623e-02
-3.150000e-01 9.527971e-02
-3.140000e-01 9.688715e-02
-3.130000e-01 9.849842e-02
-3.120000e-01 1.001134e-01
-3.110000e-01 1.017320e-01
-3.100000e-01 1.033541e-01
-3.090000e-01 1.049795e-01
-3.080000e-01 1.066082e-01
-3.070000e-01 1.082400e-01
-3.060000e-01 1.098748e-01
-3.050000e-01 1.115125e-01
-3.040000e-01 1.131529e-01
-3.030000e-01 1.147960e-01
-3.020000e-01 1.164416e-01
-3.010000e-01 1.180895e-01
-3.000000e-01 1.197398e-01
-2.990000e-01 1.213922e-01
-2.980000e-01 1.230467e-01
-2.970000e-01 1.247030e-01
-2.960000e-01 1.263612e-01
-2.950000e-01 1.280210e-01
-2.940000e-01 1.296824e-01
-2.930000e-01 1.313453e-01
-2.920000e-01 1.330094e-01
-2.910000e-01 1.346748e-01
-2.900000e-01 1.363412e-01
-2.890000e-01 1.380087e-01
-2.880000e-01 1.396769e-01
-2.870000e-01 1.413459e-01
-2.860000e-01 1.430155e-01
-2.850000e-01 1.446856e-01
-2.840000e-01 1.463560e-01
-2.830000e-01 1.480267e-01
-2.820000e-01 1.496976e-01
-2.810000e-01 1.513684e-01
-2.800000e-01 1.530392e-01
-2.790000e-01 1.547098e-01
-2.780000e-01 1.563800e-01
-2.770000e-01 1.580498e-01
-2.760000e-01 1.597191e-01
-2.750000e-01 1.613876e-01
-2.740000e-01 1.630554e-01
-2.730000e-01 1.647223e-01
-2.720000e-01 1.663881e-01
-2.710000e-01 1.680528e-01
-2.700000e-01 1.697163e-01
-2.690000e-01 1.713784e-01
-2.680000e-01 1.730390e-01
-2.670000e-01 1.746981e-01
-2.660000e-01 1.763554e-01
-2.650000e-01 1.780110e-01
-2.640000e-01 1.796646e-01
-2.630000e-01 1.813162e-01
-2.620000e-01 1.829656e-01
-2.610000e-01 1.846128e-01
-2.600000e-01 1.862576e-01
-2.590000e-01 1.878999e-01
-2.580000e-01 1.895397e-01
-2.570000e-01 1.911767e-01
-2.560000e-01 1.928110e-01
-2.550000e-01 1.944423e-01
-2.540000e-01 1.960706e-01
-2.530000e-01 1.976958e-01
-2.520000e-01 1.993178e-01
-2.510000e-01 2.009364e-01
-2.500000e-01 2.025516e-01
-2.490000e-01 2.041632e-01
-2.480000e-01 2.057712e-01
-2.470000e-01 2.073754e-01
-2.460000e-01 2.089757e-01
-2.450000e-01 2.105721e-01
-2.440000e-01 2.121643e-01
-2.430000e-01 2.137525e-01
-2.420000e-01 2.153363e-01
-2.410000e-01 2.169157e-01
-2.400000e-01 2.184907e-01
-2.390000e-01 2.200611e-01
-2.380000e-01 2.216268e-01
-2.370000e-01 2.231878e-01
-2.360000e-01 2.247438e-01
-2.350000e-01 2.262949e-01
-2.340000e-01 2.278409e-01
-2.330000e-01 2.293817e-01
-2.320000e-01 2.309173e-01
-2.310000e-01 2.324475e-01
-2.300000e-01 2.339722e-01
-2.290000e-01 2.354914e-01
-2.280000e-01 2.370049e-01
-2.270000e-01 2.385126e-01
-2.260000e-01 2.400146e-01
-2.250000e-01 2.415106e-01
-2.240000e-01 2.430005e-01
-2.230000e-01 2.444844e-01
-2.220000e-01 2.459621e-01
-2.210000e-01 2.474334e-01
-2.200000e-01 2.488984e-01
-2.190000e-01 2.503569e-01
-2.180000e-01 2.518088e-01
-2.170000e-01 2.532541e-01
-2.160000e-01 2.546926e-01
-2.150000e-01 2.561243e-01
-2.140000e-01 2.575491e-01
-2.130000e-01 2.589669e-01
-2.120000e-01 2.603776e-01
-2.110000e-01 2.617812e-01
-2.100000e-01 2.631775e-01
-2.090000e-01 2.645664e-01
-2.080000e-01 2.659480e-01
-2.070000e-01 2.673221e-01
-2.060000e-01 2.686885e-01
-2.050000e-01 2.700474e-01
-2.040000e-01 2.713985e-01
-2.030000e-01 2.727417e-01
-2.020000e-01 2.740771e-01
-2.010000e-01 2.754046e-01
-2.000000e-01 2.767239e-01
-1.990000e-01 2.780352e-01
-1.980000e-01 2.793382e-01
-1.970000e-01 2.806330e-01
-1.960000e-01 2.819195e-01
-1.950000e-01 2.831975e-01
-1.940000e-01 2.844670e-01
-1.930000e-01 2.857280e-01
-1.920000e-01 2.869804e-01
-1.910000e-01 2.882240e-01
-1.900000e-01 2.894589e-01
-1.890000e-01 2.906849e-01
-1.880000e-01 2.919021e-01
-1.870000e-01 2.931102e-01
-1.860000e-01 2.943093e-01
-1.850000e-01 2.954993e-01
-1.840000e-01 2.966802e-01
-1.830000e-01 2.978518e-01
-1.820000e-01 2.990141e-01
-1.810000e-01 3.001670e-01
-1.800000e-01 3.013106e-01
-1.790000e-01 3.024446e-01
-1.780000e-01 3.035691e-01
-1.770000e-01 3.046840e-01
-1.760000e-01 3.057892e-01
-1.750000e-01 3.068847e-01
-1.740000e-01 3.079705e-01
-1.730000e-01 3.090464e-01
-1.720000e-01 3.101124e-01
-1.710000e-01 3.111684e-01
-1.700000e-01 3.122145e-01
-1.690000e-01 3.132505e-01
-1.680000e-01 3.142764e-01
-1.670000e-01 3.152921e-01
-1.660000e-01 3.162977e-01
-1.650000e-01 3.172930e-01
-1.640000e-01 3.182779e-01
-1.630000e-01 3.192526e-01
-1.620000e-01 3.202168e-01
-1.610000e-01 3.211705e-01
-1.600000e-01 3.221138e-01
-1.590000e-01 3.230465e-01
-1.580000e-01 3.239687e-01
-1.570000e-01 3.248802e-01
-1.560000e-01 3.257810e-01
-1.550000e-01 3.266711e-01
-1.540000e-01 3.275504e-01
-1.530000e-01 3.284190e-01
-1.520000e-01 3.292767e-01
-1.510000e-01 3.301235e-01
-1.500000e-01 3.309595e-01
-1.490000e-01 3.317844e-01
-1.480000e-01 3.325984e-01
-1.470000e-01 3.334013e-01
-1.460000e-01 3.341932e-01
-1.450000e-01 3.349740e-01
-1.440000e-01 3.357437e-01
-1.430000e-01 3.365021e-01
-1.420000e-01 3.372494e-01
-1.410000e-01 3.379855e-01
-1.400000e-01 3.387103e-01
-1.390000e-01 3.394239e-01
-1.380000e-01 3.401261e-01
-1.370000e-01 3.408169e-01
-1.360000e-01 3.414965e-01
-1.350000e-01 3.421646e-01
-1.340000e-01 3.428212e-01
-1.330000e-01 3.434665e-01
-1.320000e-01 3.441003e-01
-1.310000e-01 3.447225e-01
-1.300000e-01 3.453333e-01
-1.290000e-01 3.459325e-01
-1.280000e-01 3.465202e-01
-1.270000e-01 3.470963e-01
-1.260000e-01 3.476608e-01
-1.250000e-01 3.482137e-01
-1.240000e-01 3.487549e-01
-1.230000e-01 3.492845e-01
-1.220000e-01 3.498025e-01
-1.210000e-01 3.503087e-01
-1.200000e-01 3.508033e-01
-1.190000e-01 3.512861e-01
-1.180000e-01 3.517573e-01
-1.170000e-01 3.522167e-01
-1.160000e-01 3.526644e-01
-1.150000e-01 3.531003e-01
-1.140000e-01 3.535244e-01
-1.130000e-01 3.539368e-01
-1.120000e-01 3.543374e-01
-1.110000e-01 3.547262e-01
-1.100000e-01 3.551032e-01
-1.090000e-01 3.554684e-01
-1.080000e-01 3.558219e-01
-1.070000e-01 3.561635e-01
-1.060000e-01 3.564933e-01
-1.050000e-01 3.568112e-01
-1.040000e-01 3.571174e-01
-1.030000e-01 3.574118e-01
-1.020000e-01 3.576943e-01
-1.010000e-01 3.579650e-01
-1.000000e-01 3.582239e-01
-9.900000e-02 3.584710e-01
-9.800000e-02 3.587063e-01
-9.700000e-02 3.589298e-01
-9.600000e-02 3.591415e-01
-9.500000e-02 3.593414e-01
-9.400000e-02 3.595295e-01
-9.300000e-02 3.597058e-01
-9.200000e-02 3.598704e-01
-9.100000e-02 3.600231e-01
-9.000000e-02 3.601641e-01
-8.900000e-02 3.602934e-01
-8.800000e-02 3.604109e-01
-8.700000e-02 3.605167e-01
-8.600000e-02 3.606108e-01
-8.500000e-02 3.606932e-01
-8.400000e-02 3.607639e-01
-8.300000e-02 3.608229e-01
-8.200000e-02 3.608703e-01
-8.100000e-02 3.609060e-01
-8.000000e-02 3.609301e-01
-7.900000e-02 3.609426e-01
-7.800000e-02 3.609434e-01
-7.700000e-02 3.609328e-01
-7.600000e-02 3.609105e-01
-7.500000e-02 3.608767e-01
-7.400000e-02 3.608314e-01
-7.300000e-02 3.607746e-01
-7.200000e-02 3.607064e-01
-7.100000e-02 3.606266e-01
-7.000000e-02 3.605355e-01
-6.900000e-02 3.604329e-01
-6.800000e-02 3.603190e-01
-6.700000e-02 3.601937e-01
-6.600000e-02 3.600571e-01
-6.500000e-02 3.599092e-01
-6.400000e-02 3.597501e-01
-6.300000e-02 3.595796e-01
-6.200000e-02 3.593980e-01
-6.100000e-02 3.592052e-01
-6.000000e-02 3.590012e-01
-5.900000e-02 3.587861e-01
-5.800000e-02 3.585599e-01
-5.700000e-02 3.583226e-01
-5.600000e-02 3.580744e-01
-5.500000e-02 3.578151e-01
-5.400000e-02 3.575448e-01
-5.300000e-02 3.572637e-01
-5.200000e-02 3.569716e-01
-5.100000e-02 3.566687e-01
-5.000000e-02 3.563549e-01
-4.900000e-02 3.560304e-01
-4.800000e-02 3.556951e-01
-4.700000e-02 3.553491e-01
-4.600000e-02 3.549925e-01
-4.500000e-02 3.546252e-01
-4.400000e-02 3.542474e-01
-4.300000e-02 3.538590e-01
-4.200000e-02 3.534600e-01
-4.100000e-02 3.530506e-01
-4.000000e-02 3.526308e-01
-3.900000e-02 3.522007e-01
-3.800000e-02 3.517601e-01
-3.700000e-02 3.513093e-01
-3.600000e-02 3.508483e-01
-3.500000e-02 3.503770e-01
-3.400000e-02 3.498956e-01
-3.300000e-02 3.494041e-01
-3.200000e-02 3.489025e-01
-3.100000e-02 3.483909e-01
-3.000000e-02 3.478693e-01
-2.900000e-02 3.473378e-01
-2.800000e-02 3.467964e-01
-2.700000e-02 3.462453e-01
-2.600000e-02 3.456843e-01
-2.500000e-02 3.451137e-01
-2.400000e-02 3.445333e-01
-2.300000e-02 3.439434e-01
-2.200000e-02 3.433439e-01
-2.100000e-02 3.427348e-01
-2.000000e-02 3.421163e-01
-1.900000e-02 3.414884e-01
-1.800000e-02 3.408512e-01
-1.700000e-02 3.402047e-01
-1.600000e-02 3.395489e-01
-1.500000e-02 3.388839e-01
-1.400000e-02 3.382098e-01
-1.300000e-02 3.375267e-01
-1.200000e-02 3.368345e-01
-1.100000e-02 3.361334e-01
-1.000000e-02 3.354233e-01
-9.000000e-03 3.347044e-01
-8.000000e-03 3.339768e-01
-7.000000e-03 3.332404e-01
-6.000000e-03 3.324953e-01
-5.000000e-03 3.317416e-01
-4.000000e-03 3.309794e-01
-3.000000e-03 3.302087e-01
-2.000000e-03 3.294296e-01
-1.000000e-03 3.286422e-01
8.812395e-16 3.278464e-01
1.000000e-03 3.270424e-01
2.000000e-03 3.262302e-01
3.000000e-03 3.254099e-01
4.000000e-03 3.245815e-01
5.000000e-03 3.237452e-01
6.000000e-03 3.229009e-01
7.000000e-03 3.220488e-01
8.000000e-03 3.211889e-01
9.000000e-03 3.203213e-01
1.000000e-02 3.194460e-01
1.100000e-02 3.185632e-01
1.200000e-02 3.176728e-01
1.300000e-02 3.167749e-01
1.400000e-02 3.158696e-01
1.500000e-02 3.149571e-01
1.600000e-02 3.140372e-01
1.700000e-02 3.131102e-01
1.800000e-02 3.121760e-01
1.900000e-02 3.112348e-01
2.000000e-02 3.102866e-01
2.100000e-02 3.093315e-01
2.200000e-02 3.083696e-01
2.300000e-02 3.074008e-01
2.400000e-02 3.064254e-01
2.500000e-02 3.054433e-01
2.600000e-02 3.044547e-01
2.700000e-02 3.034595e-01
2.800000e-02 3.024579e-01
2.900000e-02 3.014500e-01
3.000000e-02 3.004358e-01
3.100000e-02 2.994154e-01
3.200000e-02 2.983888e-01
3.300000e-02 2.973562e-01
3.400000e-02 2.963176e-01
3.500000e-02 2.952730e-01
3.600000e-02 2.942226e-01
3.700000e-02 2.931664e-01
3.800000e-02 2.921046e-01
3.900000e-02 2.910370e-01
4.000000e-02 2.899640e-01
4.100000e-02 2.888854e-01
4.200000e-02 2.878014e-01
4.300000e-02 2.867121e-01
4.400000e-02 2.856176e-01
4.500000e-02 2.845178e-01
4.600000e-02 2.834129e-01
4.700000e-02 2.823030e-01
4.800000e-02 2.811881e-01
4.900000e-02 2.800684e-01
5.000000e-02 2.789438e-01
5.100000e-02 2.778144e-01
5.200000e-02 2.766805e-01
5.300000e-02 2.755419e-01
5.400000e-02 2.743988e-01
5.500000e-02 2.732512e-01
5.600000e-02 2.720993e-01
5.700000e-02 2.709431e-01
5.800000e-02 2.697827e-01
5.900000e-02 2.686182e-01
6.000000e-02 2.674496e-01
6.100000e-02 2.662770e-01
6.200000e-02 2.651005e-01
6.300000e-02 2.639201e-01
6.400000e-02 2.627360e-01
6.500000e-02 2.615482e-01
6.600000e-02 2.603569e-01
6.700000e-02 2.591619e-01
6.800000e-02 2.579636e-01
6.900000e-02 2.567618e-01
7.000000e-02 2.555568e-01
7.100000e-02 2.543485e-01
7.200000e-02 2.531371e-01
7.300000e-02 2.519226e-01
7.400000e-02 2.507051e-01
7.500000e-02 2.494846e-01
7.600000e-02 2.482614e-01
7.700000e-02 2.470354e-01
7.800000e-02 2.458066e-01
7.900000e-02 2.445753e-01
8.000000e-02 2.433414e-01
8.100000e-02 2.421051e-01
8.200000e-02 2.408663e-01
8.300000e-02 2.396253e-01
8.400000e-02 2.383820e-01
8.500000e-02 2.371365e-01
8.600000e-02 2.358890e-01
8.700000e-02 2.346395e-01
8.800000e-02 2.333880e-01
8.900000e-02 2.321346e-01
9.000000e-02 2.308795e-01
9.100000e-02 2.296227e-01
9.200000e-02 2.283642e-01
9.300000e-02 2.271042e-01
9.400000e-02 2.258427e-01
9.500000e-02 2.245798e-01
9.600000e-02 2.233155e-01
9.700000e-02 2.220500e-01
9.800000e-02 2.207833e-01
9.900000e-02 2.195155e-01
1.000000e-01 2.182466e-01
1.010000e-01 2.169768e-01
1.020000e-01 2.157061e-01
1.030000e-01 2.144346e-01
1.040000e-01 2.131623e-01
1.050000e-01 2.118893e-01
1.060000e-01 2.106158e-01
1.070000e-01 2.093417e-01
1.080000e-01 2.080672e-01
1.090000e-01 2.067923e-01
1.100000e-01 2.055171e-01
1.110000e-01 2.042417e-01
1.120000e-01 2.029661e-01
1.130000e-01 2.016904e-01
1.140000e-01 2.004147e-01
1.150000e-01 1.991390e-01
1.160000e-01 1.978635e-01
1.170000e-01 1.965881e-01
1.180000e-01 1.953130e-01
1.190000e-01 1.940383e-01
1.200000e-01 1.927639e-01
1.210000e-01 1.914900e-01
1.220000e-01 1.902167e-01
1.230000e-01 1.889440e-01
1.240000e-01 1.876719e-01
1.250000e-01 1.864006e-01
1.260000e-01 1.851301e-01
1.270000e-01 1.838605e-01
1.280000e-01 1.825919e-01
1.290000e-01 1.813243e-01
1.300000e-01 1.800577e-01
1.310000e-01 1.787923e-01
1.320000e-01 1.775282e-01
1.330000e-01 1.762653e-01
1.340000e-01 1.750038e-01
1.350000e-01 1.737437e-01
1.360000e-01 1.724851e-01
1.370000e-01 1.712280e-01
1.380000e-01 1.699726e-01
1.390000e-01 1.687188e-01
1.400000e-01 1.674668e-01
1.410000e-01 1.662165e-01
1.420000e-01 1.649682e-01
1.430000e-01 1.637218e-01
1.440000e-01 1.624774e-01
1.450000e-01 1.612350e-01
1.460000e-01 1.599948e-01
1.470000e-01 1.587567e-01
1.480000e-01 1.575209e-01
1.490000e-01 1.562874e-01
1.500000e-01 1.550562e-01
1.510000e-01 1.538275e-01
1.520000e-01 1.526012e-01
1.530000e-01 1.513775e-01
1.540000e-01 1.501564e-01
1.550000e-01 1.489380e-01
1.560000e-01 1.477223e-01
1.570000e-01 1.465093e-01
1.580000e-01 1.452992e-01
1.590000e-01 1.440920e-01
1.600000e-01 1.428877e-01
1.610000e-01 1.416864e-01
1.620000e-01 1.404882e-01
1.630000e-01 1.392931e-01
1.640000e-01 1.381012e-01
1.650000e-01 1.369125e-01
1.660000e-01 1.357270e-01
1.670000e-01 1.345449e-01
1.680000e-01 1.333662e-01
1.690000e-01 1.321909e-01
1.700000e-01 1.310191e-01
1.710000e-01 1.298508e-01
1.720000e-01 1.286861e-01
1.730000e-01 1.275251e-01
1.740000e-01 1.263677e-01
1.750000e-01 1.252141e-01
1.760000e-01 1.240643e-01
1.770000e-01 1.229183e-01
1.780000e-01 1.217762e-01
1.790000e-01 1.206380e-01
1.800000e-01 1.195038e-01
1.810000e-01 1.183737e-01
1.820000e-01 1.172476e-01
1.830000e-01 1.161256e-01
1.840000e-01 1.150078e-01
1.850000e-01 1.138942e-01
1.860000e-01 1.127849e-01
1.870000e-01 1.116799e-01
1.880000e-01 1.105792e-01
1.890000e-01 1.094828e-01
1.900000e-01 1.083910e-01
1.910000e-01 1.073035e-01
1.920000e-01 1.062206e-01
1.930000e-01 1.051423e-01
1.940000e-01 1.040685e-01
1.950000e-01 1.029994e-01
1.960000e-01 1.019349e-01
1.970000e-01 1.008751e-01
1.980000e-01 9.982010e-02
1.990000e-01 9.876987e-02
2.000000e-01 9.772445e-02
2.010000e-01 9.668390e-02
2.020000e-01 9.564823e-02
2.030000e-01 9.461749e-02
2.040000e-01 9.359172e-02
2.050000e-01 9.257094e-02
2.060000e-01 9.155520e-02
2.070000e-01 9.054452e-02
2.080000e-01 8.953893e-02
2.090000e-01 8.853848e-02
2.100000e-01 8.754318e-02
2.110000e-01 8.655308e-02
2.120000e-01 8.556820e-02
2.130000e-01 8.458857e-02
2.140000e-01 8.361422e-02
2.150000e-01 8.264518e-02
2.160000e-01 8.168148e-02
2.170000e-01 8.072314e-02
2.180000e-01 7.977020e-02
2.190000e-01 7.882268e-02
2.200000e-01 7.788060e-02
2.210000e-01 7.694399e-02
2.220000e-01 7.601288e-02
2.230000e-01 7.508728e-02
2.240000e-01 7.416723e-02
2.250000e-01 7.325274e-02
2.260000e-01 7.234385e-02
2.270000e-01 7.144056e-02
2.280000e-01 7.054290e-02
2.290000e-01 6.965090e-02
2.300000e-01 6.876456e-02
2.310000e-01 6.788392e-02
2.320000e-01 6.700899e-02
2.330000e-01 6.613979e-02
2.340000e-01 6.527634e-02
2.350000e-01 6.441865e-02
2.360000e-01 6.356674e-02
2.370000e-01 6.272062e-02
2.380000e-01 6.188032e-02
2.390000e-01 6.104585e-02
2.400000e-01 6.021722e-02
2.410000e-01 5.939444e-02
2.420000e-01 5.857753e-02
2.430000e-01 5.776650e-02
2.440000e-01 5.696136e-02
2.450000e-01 5.616213e-02
2.460000e-01 5.536881e-02
2.470000e-01 5.458141e-02
2.480000e-01 5.379995e-02
2.490000e-01 5.302443e-02
2.500000e-01 5.225487e-02
2.510000e-01 5.149126e-02
2.520000e-01 5.073362e-02
2.530000e-01 4.998195e-02
2.540000e-01 4.923627e-02
2.550000e-01 4.849656e-02
2.560000e-01 4.776285e-02
2.570000e-01 4.703513e-02
2.580000e-01 4.631341e-02
2.590000e-01 4.559768e-02
2.600000e-01 4.488797e-02
2.610000e-01 4.418425e-02
2.620000e-01 4.348655e-02
2.630000e-01 4.279485e-02
2.640000e-01 4.210915e-02
2.650000e-01 4.142947e-02
2.660000e-01 4.075579e-02
2.670000e-01 4.008811e-02
2.680000e-01 3.942644e-02
2.690000e-01 3.877077e-02
2.700000e-01 3.812109e-02
2.710000e-01 3.747741e-02
2.720000e-01 3.683972e-02
2.730000e-01 3.620800e-02
2.740000e-01 3.558227e-02
2.750000e-01 3.496251e-02
2.760000e-01 3.434871e-02
2.770000e-01 3.374087e-02
2.780000e-01 3.313898e-02
2.790000e-01 3.254304e-02
2.800000e-01 3.195302e-02
2.810000e-01 3.136893e-02
2.820000e-01 3.079075e-02
2.830000e-01 3.021847e-02
2.840000e-01 2.965209e-02
2.850000e-01 2.909158e-02
2.860000e-01 2.853695e-02
2.870000e-01 2.798816e-02
2.880000e-01 2.744522e-02
2.890000e-01 2.690811e-02
2.900000e-01 2.637680e-02
2.910000e-01 2.585130e-02
2.920000e-01 2.533158e-02
2.930000e-01 2.481763e-02
2.940000e-01 2.430942e-02
2.950000e-01 2.380695e-02
2.960000e-01 2.331019e-02
2.970000e-01 2.281913e-02
2.980000e-01 2.233375e-02
2.990000e-01 2.185403e-02
3.000000e-01 2.137995e-02
3.010000e-01 2.091148e-02
3.020000e-01 2.044862e-02
3.030000e-01 1.999133e-02
3.040000e-01 1.953960e-02
3.050000e-01 1.909340e-02
3.060000e-01 1.865272e-02
3.070000e-01 1.821752e-02
3.080000e-01 1.778778e-02
3.090000e-01 1.736348e-02
3.100000e-01 1.694460e-02
3.110000e-01 1.653111e-02
3.120000e-01 1.612298e-02
3.130000e-01 1.572019e-02
3.140000e-01 1.532271e-02
3.150000e-01 1.493051e-02
3.160000e-01 1.454358e-02
3.170000e-01 1.416186e-02
3.180000e-01 1.378535e-02
3.190000e-01 1.341402e-02
3.200000e-01 1.304782e-02
3.210000e-01 1.268673e-02
3.220000e-01 1.233073e-02
3.230000e-01 1.197978e-02
3.240000e-01 1.163384e-02
3.250000e-01 1.129290e-02
3.260000e-01 1.095691e-02
3.270000e-01 1.062584e-02
3.280000e-01 1.029967e-02
3.290000e-01 9.978354e-03
3.300000e-01 9.661862e-03
3.310000e-01 9.350159e-03
3.320000e-01 9.043213e-03
3.330000e-01 8.740986e-03
3.340000e-01 8.443445e-03
3.350000e-01 8.150553e-03
3.360000e-01 7.862275e-03
3.370000e-01 7.578574e-03
3.380000e-01 7.299413e-03
3.390000e-01 7.024755e-03
3.400000e-01 6.754562e-03
3.410000e-01 6.488797e-03
3.420000e-01 6.227421e-03
3.430000e-01 5.970396e-03
3.440000e-01 5.717682e-03
3.450000e-01 5.469241e-03
3.460000e-01 5.225032e-03
3.470000e-01 4.985016e-03
3.480000e-01 4.749151e-03
3.490000e-01 4.517399e-03
3.500000e-01 4.289717e-03
3.510000e-01 4.066065e-03
3.520000e-01 3.846400e-03
3.530000e-01 3.630681e-03
3.540000e-01 3.418866e-03
3.550000e-01 3.210911e-03
3.560000e-01 3.006775e-03
3.570000e-01 2.806415e-03
3.580000e-01 2.609786e-03
3.590000e-01 2.416846e-03
3.600000e-01 2.227550e-03
3.610000e-01 2.041854e-03
3.620000e-01 1.859714e-03
3.630000e-01 1.681086e-03
3.640000e-01 1.505924e-03
3.650000e-01 1.334183e-03
3.660000e-01 1.165818e-03
3.670000e-01 1.000783e-03
3.680000e-01 8.390330e-04
3.690000e-01 6.805214e-04
3.700000e-01 5.252021e-04
3.710000e-01 3.730287e-04
3.720000e-01 2.239546e-04
3.730000e-01 7.793291e-05
3.740000e-01 -6.508332e-05
3.750000e-01 -2.051412e-04
3.760000e-01 -3.422882e-04
3.770000e-01 -4.765718e-04
3.780000e-01 -6.080395e-04
3.790000e-01 -7.367393e-04
3.800000e-01 -8.627191e-04
3.810000e-01 -9.860269e-04
3.820000e-01 -1.106711e-03
3.830000e-01 -1.224820e-03
3.840000e-01 -1.340402e-03
3.850000e-01 -1.453506e-03
3.860000e-01 -1.564180e-03
3.870000e-01 -1.672474e-03
3.880000e-01 -1.778436e-03
3.890000e-01 -1.882115e-03
3.900000e-01 -1.983561e-03
3.910000e-01 -2.082821e-03
3.920000e-01 -2.179947e-03
3.930000e-01 -2.274986e-03
3.940000e-01 -2.367989e-03
3.950000e-01 -2.459004e-03
3.960000e-01 -2.548081e-03
3.970000e-01 -2.635269e-03
3.980000e-01 -2.720619e-03
3.990000e-01 -2.804179e-03
4.000000e-01 -2.885999e-03
4.010000e-01 -2.966128e-03
4.020000e-01 -3.044617e-03
4.030000e-01 -3.121514e-03
4.040000e-01 -3.196869e-03
4.050000e-01 -3.270731e-03
4.060000e-01 -3.343150e-03
4.070000e-01 -3.414176e-03
4.080000e-01 -3.483857e-03
4.090000e-01 -3.552243e-03
4.100000e-01 -3.619383e-03
4.110000e-01 -3.685327e-03
4.120000e-01 -3.750123e-03
4.130000e-01 -3.813820e-03
4.140000e-01 -3.876468e-03
4.150000e-01 -3.938115e-03
4.160000e-01 -3.998810e-03
4.170000e-01 -4.058602e-03
4.180000e-01 -4.117539e-03
4.190000e-01 -4.175670e-03
4.200000e-01 -4.233042e-03
4.210000e-01 -4.289704e-03
4.220000e-01 -4.345704e-03
4.230000e-01 -4.401089e-03
4.240000e-01 -4.455908e-03
4.250000e-01 -4.510208e-03
4.260000e-01 -4.564036e-03
4.270000e-01 -4.617439e-03
4.280000e-01 -4.670464e-03
4.290000e-01 -4.723158e-03
4.300000e-01 -4.775567e-03
4.310000e-01 -4.827737e-03
4.320000e-01 -4.879716e-03
4.330000e-01 -4.931548e-03
4.340000e-01 -4.983279e-03
4.350000e-01 -5.034954e-03
4.360000e-01 -5.086619e-03
4.370000e-01 -5.138319e-03
4.380000e-01 -5.190097e-03
4.390000e-01 -5.241999e-03
4.400000e-01 -5.294068e-03
4.410000e-01 -5.346347e-03
4.420000e-01 -5.398881e-03
4.430000e-01 -5.451713e-03
4.440000e-01 -5.504884e-03
4.450000e-01 -5.558439e-03
4.460000e-01 -5.612418e-03
4.470000e-01 -5.666863e-03
4.480000e-01 -5.721816e-03
4.490000e-01 -5.777319e-03
4.500000e-01 -5.833411e-03
4.510000e-01 -5.890133e-03
4.520000e-01 -5.947525e-03
4.530000e-01 -6.005626e-03
4.540000e-01 -6.064477e-03
4.550000e-01 -6.124114e-03
4.560000e-01 -6.184578e-03
4.570000e-01 -6.245905e-03
4.580000e-01 -6.308133e-03
4.590000e-01 -6.371300e-03
4.600000e-01 -6.435442e-03
4.610000e-01 -6.500594e-03
4.620000e-01 -6.566794e-03
4.630000e-01 -6.634075e-03
4.640000e-01 -6.702473e-03
4.650000e-01 -6.772023e-03
4.660000e-01 -6.842757e-03
4.670000e-01 -6.914709e-03
4.680000e-01 -6.987912e-03
4.690000e-01 -7.062399e-03
4.700000e-01 -7.138200e-03
4.710000e-01 -7.215348e-03
4.720000e-01 -7.293872e-03
4.730000e-01 -7.373804e-03
4.740000e-01 -7.455172e-03
4.750000e-01 -7.538006e-03
4.760000e-01 -7.622333e-03
4.770000e-01 -7.708183e-03
4.780000e-01 -7.795582e-03
4.790000e-01 -7.884557e-03
4.800000e-01 -7.975134e-03
4.810000e-01 -8.067338e-03
4.820000e-01 -8.161195e-03
4.830000e-01 -8.256728e-03
4.840000e-01 -8.353962e-03
4.850000e-01 -8.452919e-03
4.860000e-01 -8.553621e-03
4.870000e-01 -8.656091e-03
4.880000e-01 -8.760349e-03
4.890000e-01 -8.866416e-03
4.900000e-01 -8.974311e-03
4.910000e-01 -9.084054e-03
4.920000e-01 -9.195662e-03
4.930000e-01 -9.309153e-03
4.940000e-01 -9.424545e-03
4.950000e-01 -9.541853e-03
4.960000e-01 -9.661093e-03
4.970000e-01 -9.782279e-03
4.980000e-01 -9.905426e-03
4.990000e-01 -1.003055e-02
5.000000e-01 -1.015765e-02
5.010000e-01 -1.028676e-02
5.020000e-01 -1.041787e-02
5.030000e-01 -1.055101e-02
5.040000e-01 -1.068617e-02
5.050000e-01 -1.082337e-02
5.060000e-01 -1.096262e-02
5.070000e-01 -1.110391e-02
5.080000e-01 -1.124727e-02
5.090000e-01 -1.139269e-02
5.100000e-01 -1.154018e-02
5.110000e-01 -1.168974e-02
5.120000e-01 -1.184138e-02
5.130000e-01 -1.199510e-02
5.140000e-01 -1.215089e-02
5.150000e-01 -1.230876e-02
5.160000e-01 -1.246872e-02
5.170000e-01 -1.263075e-02
5.180000e-01 -1.279485e-02
5.190000e-01 -1.296103e-02
5.200000e-01 -1.312928e-02
5.210000e-01 -1.329959e-02
5.220000e-01 -1.347196e-02
5.230000e-01 -1.364638e-02
5.240000e-01 -1.382284e-02
5.250000e-01 -1.400134e-02
5.260000e-01 -1.418187e-02
5.270000e-01 -1.436441e-02
5.280000e-01 -1.454896e-02
5.290000e-01 -1.473550e-02
5.300000e-01 -1.492401e-02
5.310000e-01 -1.511450e-02
5.320000e-01 -1.530693e-02
5.330000e-01 -1.550130e-02
5.340000e-01 -1.569758e-02
5.350000e-01 -1.589577e-02
5.360000e-01 -1.609583e-02
5.370000e-01 -1.629776e-02
5.380000e-01 -1.650153e-02
5.390000e-01 -1.670711e-02
5.400000e-01 -1.691449e-02
5.410000e-01 -1.712364e-02
5.420000e-01 -1.733453e-02
5.430000e-01 -1.754715e-02
5.440000e-01 -1.776146e-02
5.450000e-01 -1.797743e-02
5.460000e-01 -1.819504e-02
5.470000e-01 -1.841426e-02
5.480000e-01 -1.863505e-02
5.490000e-01 -1.885739e-02
5.500000e-01 -1.908123e-02
5.510000e-01 -1.930655e-02
5.520000e-01 -1.953332e-02
5.530000e-01 -1.976148e-02
5.540000e-01 -1.999102e-02
5.550000e-01 -2.022188e-02
5.560000e-01 -2.045403e-02
5.570000e-01 -2.068743e-02
5.580000e-01 -2.092204e-02
5.590000e-01 -2.115781e-02
5.600000e-01 -2.139470e-02
5.610000e-01 -2.163266e-02
5.620000e-01 -2.187166e-02
5.630000e-01 -2.211164e-02
5.640000e-01 -2.235255e-02
5.650000e-01 -2.259434e-02
5.660000e-01 -2.283697e-02
5.670000e-01 -2.308038e-02
5.680000e-01 -2.332452e-02
5.690000e-01 -2.356934e-02
5.700000e-01 -2.381478e-02
5.710000e-01 -2.406079e-02
5.720000e-01 -2.430730e-02
5.730000e-01 -2.455426e-02
5.740000e-01 -2.480162e-02
5.750000e-01 -2.504930e-02
5.760000e-01 -2.529725e-02
5.770000e-01 -2.554541e-02
5.780000e-01 -2.579371e-02
5.790000e-01 -2.604209e-02
5.800000e-01 -2.629047e-02
5.810000e-01 -2.653881e-02
5.820000e-01 -2.678701e-02
5.830000e-01 -2.703502e-02
5.840000e-01 -2.728277e-02
5.850000e-01 -2.753018e-02
5.860000e-01 -2.777718e-02
5.870000e-01 -2.802370e-02
5.880000e-01 -2.826965e-02
5.890000e-01 -2.851497e-02
5.900000e-01 -2.875958e-02
5.910000e-01 -2.900340e-02
5.920000e-01 -2.924634e-02
5.930000e-01 -2.948833e-02
5.940000e-01 -2.972929e-02
5.950000e-01 -2.996913e-02
5.960000e-01 -3.020777e-02
5.970000e-01 -3.044512e-02
5.980000e-01 -3.068109e-02
5.990000e-01 -3.091560e-02
6.000000e-01 -3.114857e-02
6.010000e-01 -3.137989e-02
6.020000e-01 -3.160948e-02
6.030000e-01 -3.183724e-02
6.040000e-01 -3.206309e-02
6.050000e-01 -3.228692e-02
6.060000e-01 -3.250865e-02
6.070000e-01 -3.272817e-02
6.080000e-01 -3.294539e-02
6.090000e-01 -3.316021e-02
6.100000e-01 -3.337252e-02
6.110000e-01 -3.358223e-02
6.120000e-01 -3.378924e-02
6.130000e-01 -3.399344e-02
6.140000e-01 -3.419472e-02
6.150000e-01 -3.439299e-02
6.160000e-01 -3.458813e-02
6.170000e-01 -3.478003e-02
6.180000e-01 -3.496860e-02
6.190000e-01 -3.515371e-02
6.200000e-01 -3.533526e-02
6.210000e-01 -3.551313e-02
6.220000e-01 -3.568722e-02
6.230000e-01 -3.585740e-02
6.240000e-01 -3.602356e-02
6.250000e-01 -3.618559e-02
6.260000e-01 -3.634337e-02
6.270000e-01 -3.649678e-02
6.280000e-01 -3.664570e-02
6.290000e-01 -3.679000e-02
6.300000e-01 -3.692958e-02
6.310000e-01 -3.706430e-02
6.320000e-01 -3.719405e-02
6.330000e-01 -3.731869e-02
6.340000e-01 -3.743811e-02
6.350000e-01 -3.755217e-02
6.360000e-01 -3.766075e-02
6.370000e-01 -3.776372e-02
6.380000e-01 -3.786096e-02
6.390000e-01 -3.795232e-02
6.400000e-01 -3.803768e-02
6.410000e-01 -3.811692e-02
6.420000e-01 -3.818988e-02
6.430000e-01 -3.825645e-02
6.440000e-01 -3.831648e-02
6.450000e-01 -3.836984e-02
6.460000e-01 -3.841639e-02
6.470000e-01 -3.845600e-02
6.480000e-01 -3.848853e-02
6.490000e-01 -3.851384e-02
6.500000e-01 -3.853178e-02
6.510000e-01 -3.854222e-02
6.520000e-01 -3.854502e-02
6.530000e-01 -3.854002e-02
6.540000e-01 -3.852710e-02
6.550000e-01 -3.850610e-02
6.560000e-01 -3.847688e-02
6.570000e-01 -3.843930e-02
6.580000e-01 -3.839320e-02
6.590000e-01 -3.833845e-02
6.600000e-01 -3.827489e-02
6.610000e-01 -3.820237e-02
6.620000e-01 -3.812075e-02
6.630000e-01 -3.802987e-02
6.640000e-01 -3.792959e-02
6.650000e-01 -3.781975e-02
6.660000e-01 -3.770020e-02
6.670000e-01 -3.757079e-02
6.680000e-01 -3.743136e-02
6.690000e-01 -3.728177e-02
6.700000e-01 -3.712185e-02
6.710000e-01 -3.695146e-02
6.720000e-01 -3.677043e-02
6.730000e-01 -3.657862e-02
6.740000e-01 -3.637586e-02
6.750000e-01 -3.616199e-02
6.760000e-01 -3.593687e-02
6.770000e-01 -3.570033e-02
6.780000e-01 -3.545221e-02
6.790000e-01 -3.519236e-02
6.800000e-01 -3.492061e-02
6.810000e-01 -3.463681e-02
6.820000e-01 -3.434080e-02
6.830000e-01 -3.403241e-02
6.840000e-01 -3.371149e-02
6.850000e-01 -3.337787e-02
6.860000e-01 -3.303139e-02
6.870000e-01 -3.267190e-02
6.880000e-01 -3.229922e-02
6.890000e-01 -3.191321e-02
6.900000e-01 -3.151369e-02
6.910000e-01 -3.110050e-02
6.920000e-01 -3.067348e-02
6.930000e-01 -3.023248e-02
6.940000e-01 -2.977731e-02
6.950000e-01 -2.930783e-02
6.960000e-01 -2.882387e-02
6.970000e-01 -2.832527e-02
6.980000e-01 -2.781186e-02
6.990000e-01 -2.728348e-02
7.000000e-01 -2.673997e-02
7.010000e-01 -2.618116e-02
7.020000e-01 -2.560689e-02
7.030000e-01 -2.501701e-02
7.040000e-01 -2.441134e-02
7.050000e-01 -2.378972e-02
7.060000e-01 -2.315199e-02
7.070000e-01 -2.249800e-02
7.080000e-01 -2.182757e-02
7.090000e-01 -2.114055e-02
7.100000e-01 -2.043677e-02
7.110000e-01 -1.971608e-02
7.120000e-01 -1.897831e-02
7.130000e-01 -1.822330e-02
7.140000e-01 -1.745090e-02
7.150000e-01 -1.666094e-02
7.160000e-01 -1.585326e-02
7.170000e-01 -1.502771e-02
7.180000e-01 -1.418413e-02
7.190000e-01 -1.332236e-02
7.200000e-01 -1.244224e-02
7.210000e-01 -1.154363e-02
7.220000e-01 -1.062635e-02
7.230000e-01 -9.690260e-03
7.240000e-01 -8.735205e-03
7.250000e-01 -7.761030e-03
7.260000e-01 -6.767582e-03
7.270000e-01 -5.754710e-03
7.280000e-01 -4.722263e-03
7.290000e-01 -3.670091e-03
7.300000e-01 -2.598044e-03
7.310000e-01 -1.505975e-03
7.320000e-01 -3.937372e-04
7.330000e-01 7.388166e-04
7.340000e-01 1.891831e-03
7.350000e-01 3.065450e-03
7.360000e-01 4.259816e-03
7.370000e-01 5.475071e-03
7.380000e-01 6.711355e-03
7.390000e-01 7.968807e-03
7.400000e-01 9.247565e-03
7.410000e-01 1.054777e-02
7.420000e-01 1.186954e-02
7.430000e-01 1.321303e-02
7.440000e-01 1.457837e-02
7.450000e-01 1.596567e-02
7.460000e-01 1.737508e-02
7.470000e-01 1.880672e-02
7.480000e-01 2.026072e-02
7.490000e-01 2.173720e-02
7.500000e-01 2.323628e-02
7.510000e-01 2.475809e-02
7.520000e-01 2.630273e-02
7.530000e-01 2.787034e-02
7.540000e-01 2.946103e-02
7.550000e-01 3.107490e-02
7.560000e-01 3.271207e-02
7.570000e-01 3.437265e-02
7.580000e-01 3.605675e-02
7.590000e-01 3.776446e-02
7.600000e-01 3.949591e-02
7.610000e-01 4.125117e-02
7.620000e-01 4.303036e-02
7.630000e-01 4.483357e-02
7.640000e-01 4.666089e-02
7.650000e-01 4.851241e-02
7.660000e-01 5.038822e-02
7.670000e-01 5.228841e-02
7.680000e-01 5.421307e-02
7.690000e-01 5.616226e-02
7.700000e-01 5.813608e-02
7.710000e-01 6.013459e-02
7.720000e-01 6.215787e-02
7.730000e-01 6.420599e-02
7.740000e-01 6.627902e-02
7.750000e-01 6.837701e-02
7.760000e-01 7.050004e-02
7.770000e-01 7.264815e-02
7.780000e-01 7.482140e-02
7.790000e-01 7.701985e-02
7.800000e-01 7.924354e-02
7.810000e-01 8.149252e-02
7.820000e-01 8.376683e-02
7.830000e-01 8.606650e-02
7.840000e-01 8.839158e-02
7.850000e-01 9.074209e-02
7.860000e-01 9.311806e-02
7.870000e-01 9.551951e-02
7.880000e-01 9.794646e-02
7.890000e-01 1.003989e-01
7.900000e-01 1.028769e-01
7.910000e-01 1.053805e-01
7.920000e-01 1.079096e-01
7.930000e-01 1.104642e-01
7.940000e-01 1.130444e-01
7.950000e-01 1.156501e-01
7.960000e-01 1.182814e-01
7.970000e-01 1.209381e-01
7.980000e-01 1.236203e-01
7.990000e-01 1.263280e-01
8.000000e-01 1.290611e-01
8.010000e-01 1.318196e-01
8.020000e-01 1.346035e-01
8.030000e-01 1.374127e-01
8.040000e-01 1.402471e-01
8.050000e-01 1.431068e-01
8.060000e-01 1.459916e-01
8.070000e-01 1.489014e-01
8.080000e-01 1.518363e-01
8.090000e-01 1.547962e-01
8.100000e-01 1.577809e-01
8.110000e-01 1.607904e-01
8.120000e-01 1.638246e-01
8.130000e-01 1.668833e-01
8.140000e-01 1.699666e-01
8.150000e-01 1.730742e-01
8.160000e-01 1.762062e-01
8.170000e-01 1.793622e-01
8.180000e-01 1.825424e-01
8.190000e-01 1.857464e-01
8.200000e-01 1.889742e-01
8.210000e-01 1.922256e-01
8.220000e-01 1.955004e-01
8.230000e-01 1.987986e-01
8.240000e-01 2.021200e-01
8.250000e-01 2.054643e-01
8.260000e-01 2.088315e-01
8.270000e-01 2.122213e-01
8.280000e-01 2.156336e-01
8.290000e-01 2.190681e-01
8.300000e-01 2.225246e-01
8.310000e-01 2.260030e-01
8.320000e-01 2.295031e-01
8.330000e-01 2.330245e-01
8.340000e-01 2.365671e-01
8.350000e-01 2.401307e-01
8.360000e-01 2.437149e-01
8.370000e-01 2.473196e-01
8.380000e-01 2.509445e-01
8.390000e-01 2.545893e-01
8.400000e-01 2.582538e-01
8.410000e-01 2.619376e-01
8.420000e-01 2.656404e-01
8.430000e-01 2.693621e-01
8.440000e-01 2.731021e-01
8.450000e-01 2.768604e-01
8.460000e-01 2.806364e-01
8.470000e-01 2.844300e-01
8.480000e-01 2.882407e-01
8.490000e-01 2.920681e-01
8.500000e-01 2.959121e-01
8.510000e-01 2.997721e-01
8.520000e-01 3.036477e-01
8.530000e-01 3.075387e-01
8.540000e-01 3.114446e-01
8.550000e-01 3.153650e-01
8.560000e-01 3.192995e-01
8.570000e-01 3.232477e-01
8.580000e-01 3.272091e-01
8.590000e-01 3.311833e-01
8.600000e-01 3.351698e-01
8.610000e-01 3.391682e-01
8.620000e-01 3.431780e-01
8.630000e-01 3.471987e-01
8.640000e-01 3.512299e-01
8.650000e-01 3.552710e-01
8.660000e-01 3.593214e-01
8.670000e-01 3.633808e-01
8.680000e-01 3.674485e-01
8.690000e-01 3.715241e-01
8.700000e-01 3.756068e-01
8.710000e-01 3.796962e-01
8.720000e-01 3.837918e-01
8.730000e-01 3.878928e-01
8.740000e-01 3.919987e-01
8.750000e-01 3.961089e-01
8.760000e-01 4.002228e-01
8.770000e-01 4.043397e-01
8.780000e-01 4.084590e-01
8.790000e-01 4.125799e-01
8.800000e-01 4.167019e-01
8.810000e-01 4.208242e-01
8.820000e-01 4.249462e-01
8.830000e-01 4.290671e-01
8.840000e-01 4.331863e-01
8.850000e-01 4.373028e-01
8.860000e-01 4.414161e-01
8.870000e-01 4.455254e-01
8.880000e-01 4.496298e-01
8.890000e-01 4.537287e-01
8.900000e-01 4.578211e-01
8.910000e-01 4.619062e-01
8.920000e-01 4.659833e-01
8.930000e-01 4.700515e-01
8.940000e-01 4.741099e-01
8.950000e-01 4.781576e-01
8.960000e-01 4.821938e-01
8.970000e-01 4.862176e-01
8.980000e-01 4.902280e-01
8.990000e-01 4.942242e-01
9.000000e-01 4.982050e-01
9.010000e-01 5.021697e-01
9.020000e-01 5.061172e-01
9.030000e-01 5.100465e-01
9.040000e-01 5.139567e-01
9.050000e-01 5.178466e-01
9.060000e-01 5.217153e-01
9.070000e-01 5.255617e-01
9.080000e-01 5.293847e-01
9.090000e-01 5.331832e-01
9.100000e-01 5.369562e-01
9.110000e-01 5.407024e-01
9.120000e-01 5.444209e-01
9.130000e-01 5.481103e-01
9.140000e-01 5.517696e-01
9.150000e-01 5.553975e-01
9.160000e-01 5.589929e-01
9.170000e-01 5.625545e-01
9.180000e-01 5.660811e-01
9.190000e-01 5.695714e-01
9.200000e-01 5.730241e-01
9.210000e-01 5.764379e-01
9.220000e-01 5.798116e-01
9.230000e-01 5.831438e-01
9.240000e-01 5.864331e-01
9.250000e-01 5.896782e-01
9.260000e-01 5.928776e-01
9.270000e-01 5.960300e-01
9.280000e-01 5.991340e-01
9.290000e-01 6.021880e-01
9.300000e-01 6.051907e-01
9.310000e-01 6.081405e-01
9.320000e-01 6.110359e-01
9.330000e-01 6.138754e-01
9.340000e-01 6.166575e-01
9.350000e-01 6.193805e-01
9.360000e-01 6.220429e-01
9.370000e-01 6.246431e-01
9.380000e-01 6.271795e-01
9.390000e-01 6.296503e-01
9.400000e-01 6.320540e-01
9.410000e-01 6.343887e-01
9.420000e-01 6.366529e-01
9.430000e-01 6.388447e-01
9.440000e-01 6.409625e-01
9.450000e-01 6.430043e-01
9.460000e-01 6.449684e-01
9.470000e-01 6.468530e-01
9.480000e-01 6.486562e-01
9.490000e-01 6.503762e-01
9.500000e-01 6.520110e-01
9.510000e-01 6.535587e-01
9.520000e-01 6.550173e-01
9.530000e-01 6.563850e-01
9.540000e-01 6.576597e-01
9.550000e-01 6.588393e-01
9.560000e-01 6.599218e-01
9.570000e-01 6.609053e-01
9.580000e-01 6.617874e-01
9.590000e-01 6.625663e-01
9.600000e-01 6.632396e-01
9.610000e-01 6.638052e-01
9.620000e-01 6.642610e-01
9.630000e-01 6.646047e-01
9.640000e-01 6.648340e-01
9.650000e-01 6.649467e-01
9.660000e-01 6.649404e-01
9.670000e-01 6.648130e-01
9.680000e-01 6.645619e-01
9.690000e-01 6.641848e-01
9.700000e-01 6.636792e-01
9.710000e-01 6.630429e-01
9.720000e-01 6.622732e-01
9.730000e-01 6.613677e-01
9.740000e-01 6.603239e-01
9.750000e-01 6.591391e-01
9.760000e-01 6.578109e-01
9.770000e-01 6.563366e-01
9.780000e-01 6.547136e-01
9.790000e-01 6.529392e-01
9.800000e-01 6.510106e-01
9.810000e-01 6.489253e-01
9.820000e-01 6.466803e-01
9.830000e-01 6.442730e-01
9.840000e-01 6.417005e-01
9.850000e-01 6.389599e-01
9.860000e-01 6.360484e-01
9.870000e-01 6.329630e-01
9.880000e-01 6.297008e-01
9.890000e-01 6.262588e-01
9.900000e-01 6.226340e-01
9.910000e-01 6.188234e-01
9.920000e-01 6.148238e-01
9.930000e-01 6.106323e-01
9.940000e-01 6.062455e-01
9.950000e-01 6.016605e-01
9.960000e-01 5.968738e-01
9.970000e-01 5.918824e-01
9.980000e-01 5.866828e-01
9.990000e-01 5.812719e-01
