-1.000000e+00 5.756463e-01
-9.990000e-01 5.742054e-01
-9.980000e-01 5.727520e-01
-9.970000e-01 5.712862e-01
-9.960000e-01 5.698081e-01
-9.950000e-01 5.683178e-01
-9.940000e-01 5.668154e-01
-9.930000e-01 5.653010e-01
-9.920000e-01 5.637748e-01
-9.910000e-01 5.622369e-01
-9.900000e-01 5.606873e-01
-9.890000e-01 5.591263e-01
-9.880000e-01 5.575538e-01
-9.870000e-01 5.559700e-01
-9.860000e-01 5.543751e-01
-9.850000e-01 5.527691e-01
-9.840000e-01 5.511522e-01
-9.830000e-01 5.495245e-01
-9.820000e-01 5.478860e-01
-9.810000e-01 5.462370e-01
-9.800000e-01 5.445774e-01
-9.790000e-01 5.429075e-01
-9.780000e-01 5.412273e-01
-9.770000e-01 5.395370e-01
-9.760000e-01 5.378367e-01
-9.750000e-01 5.361264e-01
-9.740000e-01 5.344064e-01
-9.730000e-01 5.326766e-01
-9.720000e-01 5.309373e-01
-9.710000e-01 5.291885e-01
-9.700000e-01 5.274304e-01
-9.690000e-01 5.256630e-01
-9.680000e-01 5.238866e-01
-9.670000e-01 5.221011e-01
-9.660000e-01 5.203067e-01
-9.650000e-01 5.185035e-01
-9.640000e-01 5.166917e-01
-9.630000e-01 5.148714e-01
-9.620000e-01 5.130425e-01
-9.610000e-01 5.112054e-01
-9.600000e-01 5.093601e-01
-9.590000e-01 5.075067e-01
-9.580000e-01 5.056452e-01
-9.570000e-01 5.037760e-01
-9.560000e-01 5.018989e-01
-9.550000e-01 5.000143e-01
-9.540000e-01 4.981221e-01
-9.530000e-01 4.962225e-01
-9.520000e-01 4.943156e-01
-9.510000e-01 4.924015e-01
-9.500000e-01 4.904803e-01
-9.490000e-01 4.885522e-01
-9.480000e-01 4.866172e-01
-9.470000e-01 4.846755e-01
-9.460000e-01 4.827272e-01
-9.450000e-01 4.807724e-01
-9.440000e-01 4.788112e-01
-9.430000e-01 4.768438e-01
-9.420000e-01 4.748702e-01
-9.410000e-01 4.728905e-01
-9.400000e-01 4.709049e-01
-9.390000e-01 4.689135e-01
-9.380000e-01 4.669164e-01
-9.370000e-01 4.649136e-01
-9.360000e-01 4.629055e-01
-9.350000e-01 4.608919e-01
-9.340000e-01 4.588731e-01
-9.330000e-01 4.568492e-01
-9.320000e-01 4.548202e-01
-9.310000e-01 4.527863e-01
-9.300000e-01 4.507477e-01
-9.290000e-01 4.487043e-01
-9.280000e-01 4.466564e-01
-9.270000e-01 4.446041e-01
-9.260000e-01 4.425474e-01
-9.250000e-01 4.404865e-01
-9.240000e-01 4.384214e-01
-9.230000e-01 4.363524e-01
-9.220000e-01 4.342795e-01
-9.210000e-01 4.322028e-01
-9.200000e-01 4.301225e-01
-9.190000e-01 4.280386e-01
-9.180000e-01 4.259513e-01
-9.170000e-01 4.238607e-01
-9.160000e-01 4.217669e-01
-9.150000e-01 4.196700e-01
-9.140000e-01 4.175701e-01
-9.130000e-01 4.154674e-01
-9.120000e-01 4.133619e-01
-9.110000e-01 4.112538e-01
-9.100000e-01 4.091432e-01
-9.090000e-01 4.070302e-01
-9.080000e-01 4.049148e-01
-9.070000e-01 4.027973e-01
-9.060000e-01 4.006778e-01
-9.050000e-01 3.985563e-01
-9.040000e-01 3.964330e-01
-9.030000e-01 3.943079e-01
-9.020000e-01 3.921812e-01
-9.010000e-01 3.900531e-01
-9.000000e-01 3.879235e-01
-8.990000e-01 3.857927e-01
-8.980000e-01 3.836608e-01
-8.970000e-01 3.815278e-01
-8.960000e-01 3.793939e-01
-8.950000e-01 3.772592e-01
-8.940000e-01 3.751238e-01
-8.930000e-01 3.729878e-01
-8.920000e-01 3.708513e-01
-8.910000e-01 3.687145e-01
-8.900000e-01 3.665774e-01
-8.890000e-01 3.644403e-01
-8.880000e-01 3.623031e-01
-8.870000e-01 3.601660e-01
-8.860000e-01 3.580291e-01
-8.850000e-01 3.558925e-01
-8.840000e-01 3.537564e-01
-8.830000e-01 3.516209e-01
-8.820000e-01 3.494860e-01
-8.810000e-01 3.473519e-01
-8.800000e-01 3.452187e-01
-8.790000e-01 3.430865e-01
-8.780000e-01 3.409554e-01
-8.770000e-01 3.388256e-01
-8.760000e-01 3.366971e-01
-8.750000e-01 3.345701e-01
-8.740000e-01 3.324447e-01
-8.730000e-01 3.303210e-01
-8.720000e-01 3.281991e-01
-8.710000e-01 3.260791e-01
-8.700000e-01 3.239611e-01
-8.690000e-01 3.218453e-01
-8.680000e-01 3.197317e-01
-8.670000e-01 3.176206e-01
-8.660000e-01 3.155119e-01
-8.650000e-01 3.134058e-01
-8.640000e-01 3.113025e-01
-8.630000e-01 3.092020e-01
-8.620000e-01 3.071044e-01
-8.610000e-01 3.050099e-01
-8.600000e-01 3.029185e-01
-8.590000e-01 3.008305e-01
-8.580000e-01 2.987458e-01
-8.570000e-01 2.966647e-01
-8.560000e-01 2.945872e-01
-8.550000e-01 2.925135e-01
-8.540000e-01 2.904436e-01
-8.530000e-01 2.883776e-01
-8.520000e-01 2.863158e-01
-8.510000e-01 2.842582e-01
-8.500000e-01 2.822048e-01
-8.490000e-01 2.801559e-01
-8.480000e-01 2.781116e-01
-8.470000e-01 2.760719e-01
-8.460000e-01 2.740369e-01
-8.450000e-01 2.720069e-01
-8.440000e-01 2.699818e-01
-8.430000e-01 2.679618e-01
-8.420000e-01 2.659471e-01
-8.410000e-01 2.639377e-01
-8.400000e-01 2.619338e-01
-8.390000e-01 2.599354e-01
-8.380000e-01 2.579427e-01
-8.370000e-01 2.559558e-01
-8.360000e-01 2.539748e-01
-8.350000e-01 2.519998e-01
-8.340000e-01 2.500310e-01
-8.330000e-01 2.480684e-01
-8.320000e-01 2.461122e-01
-8.310000e-01 2.441624e-01
-8.300000e-01 2.422192e-01
-8.290000e-01 2.402828e-01
-8.280000e-01 2.383531e-01
-8.270000e-01 2.364304e-01
-8.260000e-01 2.345147e-01
-8.250000e-01 2.326062e-01
-8.240000e-01 2.307050e-01
-8.230000e-01 2.288111e-01
-8.220000e-01 2.269248e-01
-8.210000e-01 2.250461e-01
-8.200000e-01 2.231750e-01
-8.190000e-01 2.213119e-01
-8.180000e-01 2.194567e-01
-8.170000e-01 2.176095e-01
-8.160000e-01 2.157706e-01
-8.150000e-01 2.139399e-01
-8.140000e-01 2.121176e-01
-8.130000e-01 2.103039e-01
-8.120000e-01 2.084988e-01
-8.110000e-01 2.067025e-01
-8.100000e-01 2.049150e-01
-8.090000e-01 2.031365e-01
-8.080000e-01 2.013671e-01
-8.070000e-01 1.996069e-01
-8.060000e-01 1.978561e-01
-8.050000e-01 1.961146e-01
-8.040000e-01 1.943827e-01
-8.030000e-01 1.926605e-01
-8.020000e-01 1.909481e-01
-8.010000e-01 1.892455e-01
-8.000000e-01 1.875530e-01
-7.990000e-01 1.858705e-01
-7.980000e-01 1.841983e-01
-7.970000e-01 1.825365e-01
-7.960000e-01 1.808851e-01
-7.950000e-01 1.792443e-01
-7.940000e-01 1.776141e-01
-7.930000e-01 1.759948e-01
-7.920000e-01 1.743864e-01
-7.910000e-01 1.727890e-01
-7.900000e-01 1.712028e-01
-7.890000e-01 1.696278e-01
-7.880000e-01 1.680642e-01
-7.870000e-01 1.665120e-01
-7.860000e-01 1.649715e-01
-7.850000e-01 1.634427e-01
-7.840000e-01 1.619257e-01
-7.830000e-01 1.604206e-01
-7.820000e-01 1.589276e-01
-7.810000e-01 1.574468e-01
-7.800000e-01 1.559782e-01
-7.790000e-01 1.545220e-01
-7.780000e-01 1.530784e-01
-7.770000e-01 1.516474e-01
-7.760000e-01 1.502289e-01
-7.750000e-01 1.488230e-01
-7.740000e-01 1.474296e-01
-7.730000e-01 1.460485e-01
-7.720000e-01 1.446798e-01
-7.710000e-01 1.433234e-01
-7.700000e-01 1.419793e-01
-7.690000e-01 1.406472e-01
-7.680000e-01 1.393273e-01
-7.670000e-01 1.380194e-01
-7.660000e-01 1.367235e-01
-7.650000e-01 1.354394e-01
-7.640000e-01 1.341672e-01
-7.630000e-01 1.329068e-01
-7.620000e-01 1.316581e-01
-7.610000e-01 1.304211e-01
-7.600000e-01 1.291956e-01
-7.590000e-01 1.279816e-01
-7.580000e-01 1.267792e-01
-7.570000e-01 1.255881e-01
-7.560000e-01 1.244083e-01
-7.550000e-01 1.232398e-01
-7.540000e-01 1.220826e-01
-7.530000e-01 1.209364e-01
-7.520000e-01 1.198014e-01
-7.510000e-01 1.186774e-01
-7.500000e-01 1.175643e-01
-7.490000e-01 1.164621e-01
-7.480000e-01 1.153707e-01
-7.470000e-01 1.142901e-01
-7.460000e-01 1.132202e-01
-7.450000e-01 1.121610e-01
-7.440000e-01 1.111123e-01
-7.430000e-01 1.100741e-01
-7.420000e-01 1.090464e-01
-7.410000e-01 1.080291e-01
-7.400000e-01 1.070221e-01
-7.390000e-01 1.060253e-01
-7.380000e-01 1.050388e-01
-7.370000e-01 1.040623e-01
-7.360000e-01 1.030960e-01
-7.350000e-01 1.021396e-01
-7.340000e-01 1.011932e-01
-7.330000e-01 1.002567e-01
-7.320000e-01 9.932998e-02
-7.310000e-01 9.841302e-02
-7.300000e-01 9.750575e-02
-7.290000e-01 9.660811e-02
-7.280000e-01 9.572003e-02
-7.270000e-01 9.484144e-02
-7.260000e-01 9.397230e-02
-7.250000e-01 9.311253e-02
-7.240000e-01 9.226207e-02
-7.230000e-01 9.142085e-02
-7.220000e-01 9.058882e-02
-7.210000e-01 8.976591e-02
-7.200000e-01 8.895206e-02
-7.190000e-01 8.814720e-02
-7.180000e-01 8.735128e-02
-7.170000e-01 8.656422e-02
-7.160000e-01 8.578596e-02
-7.150000e-01 8.501644e-02
-7.140000e-01 8.425561e-02
-7.130000e-01 8.350338e-02
-7.120000e-01 8.275971e-02
-7.110000e-01 8.202453e-02
-7.100000e-01 8.129777e-02
-7.090000e-01 8.057937e-02
-7.080000e-01 7.986927e-02
-7.070000e-01 7.916741e-02
-7.060000e-01 7.847372e-02
-7.050000e-01 7.778814e-02
-7.040000e-01 7.711060e-02
-7.030000e-01 7.644104e-02
-7.020000e-01 7.577940e-02
-7.010000e-01 7.512562e-02
-7.000000e-01 7.447963e-02
-6.990000e-01 7.384137e-02
-6.980000e-01 7.321078e-02
-6.970000e-01 7.258779e-02
-6.960000e-01 7.197234e-02
-6.950000e-01 7.136436e-02
-6.940000e-01 7.076380e-02
-6.930000e-01 7.017058e-02
-6.920000e-01 6.958466e-02
-6.910000e-01 6.900595e-02
-6.900000e-01 6.843441e-02
-6.890000e-01 6.786996e-02
-6.880000e-01 6.731255e-02
-6.870000e-01 6.676211e-02
-6.860000e-01 6.621857e-02
-6.850000e-01 6.568188e-02
-6.840000e-01 6.515197e-02
-6.830000e-01 6.462877e-02
-6.820000e-01 6.411223e-02
-6.810000e-01 6.360228e-02
-6.800000e-01 6.309886e-02
-6.790000e-01 6.260191e-02
-6.780000e-01 6.211135e-02
-6.770000e-01 6.162713e-02
-6.760000e-01 6.114919e-02
-6.750000e-01 6.067745e-02
-6.740000e-01 6.021187e-02
-6.730000e-01 5.975237e-02
-6.720000e-01 5.929889e-02
-6.710000e-01 5.885137e-02
-6.700000e-01 5.840975e-02
-6.690000e-01 5.797396e-02
-6.680000e-01 5.754393e-02
-6.670000e-01 5.711961e-02
-6.660000e-01 5.670094e-02
-6.650000e-01 5.628784e-02
-6.640000e-01 5.588026e-02
-6.630000e-01 5.547813e-02
-6.620000e-01 5.508139e-02
-6.610000e-01 5.468998e-02
-6.600000e-01 5.430383e-02
-6.590000e-01 5.392287e-02
-6.580000e-01 5.354706e-02
-6.570000e-01 5.317632e-02
-6.560000e-01 5.281059e-02
-6.550000e-01 5.244980e-02
-6.540000e-01 5.209390e-02
-6.530000e-01 5.174282e-02
-6.520000e-01 5.139649e-02
-6.510000e-01 5.105486e-02
-6.500000e-01 5.071786e-02
-6.490000e-01 5.038542e-02
-6.480000e-01 5.005749e-02
-6.470000e-01 4.973400e-02
-6.460000e-01 4.941489e-02
-6.450000e-01 4.910009e-02
-6.440000e-01 4.878954e-02
-6.430000e-01 4.848318e-02
-6.420000e-01 4.818095e-02
-6.410000e-01 4.788278e-02
-6.400000e-01 4.758860e-02
-6.390000e-01 4.729836e-02
-6.380000e-01 4.701199e-02
-6.370000e-01 4.672943e-02
-6.360000e-01 4.645061e-02
-6.350000e-01 4.617548e-02
-6.340000e-01 4.590396e-02
-6.330000e-01 4.563600e-02
-6.320000e-01 4.537153e-02
-6.310000e-01 4.511049e-02
-6.300000e-01 4.485281e-02
-6.290000e-01 4.459844e-02
-6.280000e-01 4.434731e-02
-6.270000e-01 4.409935e-02
-6.260000e-01 4.385451e-02
-6.250000e-01 4.361271e-02
-6.240000e-01 4.337390e-02
-6.230000e-01 4.313801e-02
-6.220000e-01 4.290499e-02
-6.210000e-01 4.267476e-02
-6.200000e-01 4.244726e-02
-6.190000e-01 4.222243e-02
-6.180000e-01 4.200021e-02
-6.170000e-01 4.178053e-02
-6.160000e-01 4.156334e-02
-6.150000e-01 4.134856e-02
-6.140000e-01 4.113613e-02
-6.130000e-01 4.092599e-02
-6.120000e-01 4.071809e-02
-6.110000e-01 4.051234e-02
-6.100000e-01 4.030870e-02
-6.090000e-01 4.010709e-02
-6.080000e-01 3.990746e-02
-6.070000e-01 3.970974e-02
-6.060000e-01 3.951386e-02
-6.050000e-01 3.931977e-02
-6.040000e-01 3.912741e-02
-6.030000e-01 3.893670e-02
-6.020000e-01 3.874758e-02
-6.010000e-01 3.856000e-02
-6.000000e-01 3.837388e-02
-5.990000e-01 3.818917e-02
-5.980000e-01 3.800580e-02
-5.970000e-01 3.782372e-02
-5.960000e-01 3.764284e-02
-5.950000e-01 3.746312e-02
-5.940000e-01 3.728449e-02
-5.930000e-01 3.710688e-02
-5.920000e-01 3.693023e-02
-5.910000e-01 3.675449e-02
-5.900000e-01 3.657958e-02
-5.890000e-01 3.640544e-02
-5.880000e-01 3.623201e-02
-5.870000e-01 3.605923e-02
-5.860000e-01 3.588703e-02
-5.850000e-01 3.571536e-02
-5.840000e-01 3.554413e-02
-5.830000e-01 3.537330e-02
-5.820000e-01 3.520281e-02
-5.810000e-01 3.503257e-02
-5.800000e-01 3.486254e-02
-5.790000e-01 3.469266e-02
-5.780000e-01 3.452284e-02
-5.770000e-01 3.435305e-02
-5.760000e-01 3.418320e-02
-5.750000e-01 3.401324e-02
-5.740000e-01 3.384310e-02
-5.730000e-01 3.367273e-02
-5.720000e-01 3.350205e-02
-5.710000e-01 3.333101e-02
-5.700000e-01 3.315954e-02
-5.690000e-01 3.298757e-02
-5.680000e-01 3.281506e-02
-5.670000e-01 3.264192e-02
-5.660000e-01 3.246810e-02
-5.650000e-01 3.229353e-02
-5.640000e-01 3.211816e-02
-5.630000e-01 3.194192e-02
-5.620000e-01 3.176474e-02
-5.610000e-01 3.158656e-02
-5.600000e-01 3.140732e-02
-5.590000e-01 3.122696e-02
-5.580000e-01 3.104541e-02
-5.570000e-01 3.086261e-02
-5.560000e-01 3.067849e-02
-5.550000e-01 3.049300e-02
-5.540000e-01 3.030614e-02
-5.530000e-01 3.011797e-02
-5.520000e-01 2.992855e-02
-5.510000e-01 2.973794e-02
-5.500000e-01 2.954621e-02
-5.490000e-01 2.935341e-02
-5.480000e-01 2.915960e-02
-5.470000e-01 2.896486e-02
-5.460000e-01 2.876923e-02
-5.450000e-01 2.857278e-02
-5.440000e-01 2.837557e-02
-5.430000e-01 2.817766e-02
-5.420000e-01 2.797912e-02
-5.410000e-01 2.778000e-02
-5.400000e-01 2.758036e-02
-5.390000e-01 2.738027e-02
-5.380000e-01 2.717979e-02
-5.370000e-01 2.697898e-02
-5.360000e-01 2.677790e-02
-5.350000e-01 2.657661e-02
-5.340000e-01 2.637517e-02
-5.330000e-01 2.617364e-02
-5.320000e-01 2.597210e-02
-5.310000e-01 2.577058e-02
-5.300000e-01 2.556917e-02
-5.290000e-01 2.536791e-02
-5.280000e-01 2.516687e-02
-5.270000e-01 2.496612e-02
-5.260000e-01 2.476570e-02
-5.250000e-01 2.456569e-02
-5.240000e-01 2.436614e-02
-5.230000e-01 2.416712e-02
-5.220000e-01 2.396869e-02
-5.210000e-01 2.377091e-02
-5.200000e-01 2.357383e-02
-5.190000e-01 2.337753e-02
-5.180000e-01 2.318205e-02
-5.170000e-01 2.298747e-02
-5.160000e-01 2.279385e-02
-5.150000e-01 2.260124e-02
-5.140000e-01 2.240970e-02
-5.130000e-01 2.221931e-02
-5.120000e-01 2.203011e-02
-5.110000e-01 2.184218e-02
-5.100000e-01 2.165556e-02
-5.090000e-01 2.147033e-02
-5.080000e-01 2.128654e-02
-5.070000e-01 2.110426e-02
-5.060000e-01 2.092354e-02
-5.050000e-01 2.074446e-02
-5.040000e-01 2.056706e-02
-5.030000e-01 2.039141e-02
-5.020000e-01 2.021757e-02
-5.010000e-01 2.004560e-02
-5.000000e-01 1.987557e-02
-4.990000e-01 1.970753e-02
-4.980000e-01 1.954155e-02
-4.970000e-01 1.937769e-02
-4.960000e-01 1.921600e-02
-4.950000e-01 1.905655e-02
-4.940000e-01 1.889941e-02
-4.930000e-01 1.874462e-02
-4.920000e-01 1.859226e-02
-4.910000e-01 1.844239e-02
-4.900000e-01 1.829506e-02
-4.890000e-01 1.815033e-02
-4.880000e-01 1.800828e-02
-4.870000e-01 1.786895e-02
-4.860000e-01 1.773242e-02
-4.850000e-01 1.759873e-02
-4.840000e-01 1.746796e-02
-4.830000e-01 1.734017e-02
-4.820000e-01 1.721541e-02
-4.810000e-01 1.709374e-02
-4.800000e-01 1.697523e-02
-4.790000e-01 1.685995e-02
-4.780000e-01 1.674794e-02
-4.770000e-01 1.663927e-02
-4.760000e-01 1.653401e-02
-4.750000e-01 1.643221e-02
-4.740000e-01 1.633393e-02
-4.730000e-01 1.623924e-02
-4.720000e-01 1.614820e-02
-4.710000e-01 1.606087e-02
-4.700000e-01 1.597731e-02
-4.690000e-01 1.589757e-02
-4.680000e-01 1.582174e-02
-4.670000e-01 1.574985e-02
-4.660000e-01 1.568198e-02
-4.650000e-01 1.561818e-02
-4.640000e-01 1.555852e-02
-4.630000e-01 1.550306e-02
-4.620000e-01 1.545186e-02
-4.610000e-01 1.540498e-02
-4.600000e-01 1.536248e-02
-4.590000e-01 1.532443e-02
-4.580000e-01 1.529088e-02
-4.570000e-01 1.526189e-02
-4.560000e-01 1.523753e-02
-4.550000e-01 1.521786e-02
-4.540000e-01 1.520294e-02
-4.530000e-01 1.519283e-02
-4.520000e-01 1.518759e-02
-4.510000e-01 1.518728e-02
-4.500000e-01 1.519197e-02
-4.490000e-01 1.520171e-02
-4.480000e-01 1.521657e-02
-4.470000e-01 1.523661e-02
-4.460000e-01 1.526188e-02
-4.450000e-01 1.529246e-02
-4.440000e-01 1.532840e-02
-4.430000e-01 1.536975e-02
-4.420000e-01 1.541660e-02
-4.410000e-01 1.546898e-02
-4.400000e-01 1.552698e-02
-4.390000e-01 1.559064e-02
-4.380000e-01 1.566003e-02
-4.370000e-01 1.573521e-02
-4.360000e-01 1.581623e-02
-4.350000e-01 1.590318e-02
-4.340000e-01 1.599609e-02
-4.330000e-01 1.609504e-02
-4.320000e-01 1.620009e-02
-4.310000e-01 1.631129e-02
-4.300000e-01 1.642871e-02
-4.290000e-01 1.655241e-02
-4.280000e-01 1.668245e-02
-4.270000e-01 1.681889e-02
-4.260000e-01 1.696179e-02
-4.250000e-01 1.711122e-02
-4.240000e-01 1.726724e-02
-4.230000e-01 1.742990e-02
-4.220000e-01 1.759927e-02
-4.210000e-01 1.777540e-02
-4.200000e-01 1.795837e-02
-4.190000e-01 1.814823e-02
-4.180000e-01 1.834504e-02
-4.170000e-01 1.854887e-02
-4.160000e-01 1.875977e-02
-4.150000e-01 1.897781e-02
-4.140000e-01 1.920304e-02
-4.130000e-01 1.943553e-02
-4.120000e-01 1.967535e-02
-4.110000e-01 1.992254e-02
-4.100000e-01 2.017718e-02
-4.090000e-01 2.043932e-02
-4.080000e-01 2.070902e-02
-4.070000e-01 2.098635e-02
-4.060000e-01 2.127137e-02
-4.050000e-01 2.156413e-02
-4.040000e-01 2.186471e-02
-4.030000e-01 2.217315e-02
-4.020000e-01 2.248953e-02
-4.010000e-01 2.281390e-02
-4.000000e-01 2.314633e-02
-3.990000e-01 2.348687e-02
-3.980000e-01 2.383559e-02
-3.970000e-01 2.419254e-02
-3.960000e-01 2.455780e-02
-3.950000e-01 2.493141e-02
-3.940000e-01 2.531345e-02
-3.930000e-01 2.570397e-02
-3.920000e-01 2.610303e-02
-3.910000e-01 2.651070e-02
-3.900000e-01 2.692704e-02
-3.890000e-01 2.735210e-02
-3.880000e-01 2.778595e-02
-3.870000e-01 2.822865e-02
-3.860000e-01 2.868026e-02
-3.850000e-01 2.914085e-02
-3.840000e-01 2.961047e-02
-3.830000e-01 3.008918e-02
-3.820000e-01 3.057705e-02
-3.810000e-01 3.107414e-02
-3.800000e-01 3.158050e-02
-3.790000e-01 3.209621e-02
-3.780000e-01 3.262132e-02
-3.770000e-01 3.315588e-02
-3.760000e-01 3.369998e-02
-3.750000e-01 3.425365e-02
-3.740000e-01 3.481697e-02
-3.730000e-01 3.539000e-02
-3.720000e-01 3.597280e-02
-3.710000e-01 3.656543e-02
-3.700000e-01 3.716794e-02
-3.690000e-01 3.778041e-02
-3.680000e-01 3.840289e-02
-3.670000e-01 3.903545e-02
-3.660000e-01 3.967814e-02
-3.650000e-01 4.033103e-02
-3.640000e-01 4.099417e-02
-3.630000e-01 4.166764e-02
-3.620000e-01 4.235148e-02
-3.610000e-01 4.304577e-02
-3.600000e-01 4.375056e-02
-3.590000e-01 4.446591e-02
-3.580000e-01 4.519189e-02
-3.570000e-01 4.592855e-02
-3.560000e-01 4.667596e-02
-3.550000e-01 4.743418e-02
-3.540000e-01 4.820327e-02
-3.530000e-01 4.898330e-02
-3.520000e-01 4.977431e-02
-3.510000e-01 5.057638e-02
-3.500000e-01 5.138956e-02
-3.490000e-01 5.221392e-02
-3.480000e-01 5.304951e-02
-3.470000e-01 5.389640e-02
-3.460000e-01 5.475466e-02
-3.450000e-01 5.562433e-02
-3.440000e-01 5.650548e-02
-3.430000e-01 5.739818e-02
-3.420000e-01 5.830249e-02
-3.410000e-01 5.921845e-02
-3.400000e-01 6.014615e-02
-3.390000e-01 6.108563e-02
-3.380000e-01 6.203696e-02
-3.370000e-01 6.300021e-02
-3.360000e-01 6.397542e-02
-3.350000e-01 6.496267e-02
-3.340000e-01 6.596201e-02
-3.330000e-01 6.697351e-02
-3.320000e-01 6.799714e-02
-3.310000e-01 6.903280e-02
-3.300000e-01 7.008036e-02
-3.290000e-01 7.113967e-02
-3.280000e-01 7.221062e-02
-3.270000e-01 7.329306e-02
-3.260000e-01 7.438688e-02
-3.250000e-01 7.549194e-02
-3.240000e-01 7.660811e-02
-3.230000e-01 7.773526e-02
-3.220000e-01 7.887325e-02
-3.210000e-01 8.002197e-02
-3.200000e-01 8.118128e-02
-3.190000e-01 8.235104e-02
-3.180000e-01 8.353114e-02
-3.170000e-01 8.472143e-02
-3.160000e-01 8.592179e-02
-3.150000e-01 8.713208e-02
-3.140000e-01 8.835219e-02
-3.130000e-01 8.958197e-02
-3.120000e-01 9.082130e-02
-3.110000e-01 9.207004e-02
-3.100000e-01 9.332807e-02
-3.090000e-01 9.459526e-02
-3.080000e-01 9.587147e-02
-3.070000e-01 9.715657e-02
-3.060000e-01 9.845044e-02
-3.050000e-01 9.975295e-02
-3.040000e-01 1.010640e-01
-3.030000e-01 1.023833e-01
-3.020000e-01 1.037110e-01
-3.010000e-01 1.050467e-01
-3.000000e-01 1.063904e-01
-2.990000e-01 1.077420e-01
-2.980000e-01 1.091013e-01
-2.970000e-01 1.104682e-01
-2.960000e-01 1.118426e-01
-2.950000e-01 1.132242e-01
-2.940000e-01 1.146131e-01
-2.930000e-01 1.160091e-01
-2.920000e-01 1.174120e-01
-2.910000e-01 1.188217e-01
-2.900000e-01 1.202381e-01
-2.890000e-01 1.216610e-01
-2.880000e-01 1.230904e-01
-2.870000e-01 1.245260e-01
-2.860000e-01 1.259678e-01
-2.850000e-01 1.274156e-01
-2.840000e-01 1.288694e-01
-2.830000e-01 1.303289e-01
-2.820000e-01 1.317940e-01
-2.810000e-01 1.332647e-01
-2.800000e-01 1.347407e-01
-2.790000e-01 1.362219e-01
-2.780000e-01 1.377083e-01
-2.770000e-01 1.391997e-01
-2.760000e-01 1.406959e-01
-2.750000e-01 1.421969e-01
-2.740000e-01 1.437024e-01
-2.730000e-01 1.452124e-01
-2.720000e-01 1.467268e-01
-2.710000e-01 1.482453e-01
-2.700000e-01 1.497680e-01
-2.690000e-01 1.512945e-01
-2.680000e-01 1.528249e-01
-2.670000e-01 1.543590e-01
-2.660000e-01 1.558966e-01
-2.650000e-01 1.574376e-01
-2.640000e-01 1.589820e-01
-2.630000e-01 1.605295e-01
-2.620000e-01 1.620800e-01
-2.610000e-01 1.636334e-01
-2.600000e-01 1.651896e-01
-2.590000e-01 1.667485e-01
-2.580000e-01 1.683098e-01
-2.570000e-01 1.698735e-01
-2.560000e-01 1.714395e-01
-2.550000e-01 1.730076e-01
-2.540000e-01 1.745777e-01
-2.530000e-01 1.761497e-01
-2.520000e-01 1.777233e-01
-2.510000e-01 1.792986e-01
-2.500000e-01 1.808754e-01
-2.490000e-01 1.824534e-01
-2.480000e-01 1.840327e-01
-2.470000e-01 1.856131e-01
-2.460000e-01 1.871944e-01
-2.450000e-01 1.887765e-01
-2.440000e-01 1.903594e-01
-2.430000e-01 1.919427e-01
-2.420000e-01 1.935265e-01
-2.410000e-01 1.951106e-01
-2.400000e-01 1.966949e-01
-2.390000e-01 1.982792e-01
-2.380000e-01 1.998634e-01
-2.370000e-01 2.014473e-01
-2.360000e-01 2.030309e-01
-2.350000e-01 2.046141e-01
-2.340000e-01 2.061966e-01
-2.330000e-01 2.077784e-01
-2.320000e-01 2.093592e-01
-2.310000e-01 2.109391e-01
-2.300000e-01 2.125179e-01
-2.290000e-01 2.140953e-01
-2.280000e-01 2.156714e-01
-2.270000e-01 2.172460e-01
-2.260000e-01 2.188188e-01
-2.250000e-01 2.203899e-01
-2.240000e-01 2.219591e-01
-2.230000e-01 2.235262e-01
-2.220000e-01 2.250912e-01
-2.210000e-01 2.266538e-01
-2.200000e-01 2.282140e-01
-2.190000e-01 2.297716e-01
-2.180000e-01 2.313266e-01
-2.170000e-01 2.328787e-01
-2.160000e-01 2.344278e-01
-2.150000e-01 2.359738e-01
-2.140000e-01 2.375166e-01
-2.130000e-01 2.390561e-01
-2.120000e-01 2.405921e-01
-2.110000e-01 2.421244e-01
-2.100000e-01 2.436531e-01
-2.090000e-01 2.451778e-01
-2.080000e-01 2.466986e-01
-2.070000e-01 2.482152e-01
-2.060000e-01 2.497275e-01
-2.050000e-01 2.512355e-01
-2.040000e-01 2.527389e-01
-2.030000e-01 2.542376e-01
-2.020000e-01 2.557316e-01
-2.010000e-01 2.572207e-01
-2.000000e-01 2.587047e-01
-1.990000e-01 2.601835e-01
-1.980000e-01 2.616571e-01
-1.970000e-01 2.631252e-01
-1.960000e-01 2.645877e-01
-1.950000e-01 2.660445e-01
-1.940000e-01 2.674955e-01
-1.930000e-01 2.689405e-01
-1.920000e-01 2.703795e-01
-1.910000e-01 2.718122e-01
-1.900000e-01 2.732386e-01
-1.890000e-01 2.746585e-01
-1.880000e-01 2.760718e-01
-1.870000e-01 2.774783e-01
-1.860000e-01 2.788780e-01
-1.850000e-01 2.802707e-01
-1.840000e-01 2.816562e-01
-1.830000e-01 2.830345e-01
-1.820000e-01 2.844054e-01
-1.810000e-01 2.857688e-01
-1.800000e-01 2.871245e-01
-1.790000e-01 2.884724e-01
-1.780000e-01 2.898124e-01
-1.770000e-01 2.911444e-01
-1.760000e-01 2.924682e-01
-1.750000e-01 2.937837e-01
-1.740000e-01 2.950908e-01
-1.730000e-01 2.963892e-01
-1.720000e-01 2.976790e-01
-1.710000e-01 2.989600e-01
-1.700000e-01 3.002320e-01
-1.690000e-01 3.014950e-01
-1.680000e-01 3.027487e-01
-1.670000e-01 3.039931e-01
-1.660000e-01 3.052280e-01
-1.650000e-01 3.064532e-01
-1.640000e-01 3.076688e-01
-1.630000e-01 3.088745e-01
-1.620000e-01 3.100701e-01
-1.610000e-01 3.112557e-01
-1.600000e-01 3.124310e-01
-1.590000e-01 3.135959e-01
-1.580000e-01 3.147503e-01
-1.570000e-01 3.158940e-01
-1.560000e-01 3.170270e-01
-1.550000e-01 3.181490e-01
-1.540000e-01 3.192600e-01
-1.530000e-01 3.203598e-01
-1.520000e-01 3.214484e-01
-1.510000e-01 3.225255e-01
-1.500000e-01 3.235910e-01
-1.490000e-01 3.246449e-01
-1.480000e-01 3.256869e-01
-1.470000e-01 3.267170e-01
-1.460000e-01 3.277349e-01
-1.450000e-01 3.287407e-01
-1.440000e-01 3.297341e-01
-1.430000e-01 3.307151e-01
-1.420000e-01 3.316835e-01
-1.410000e-01 3.326391e-01
-1.400000e-01 3.335818e-01
-1.390000e-01 3.345116e-01
-1.380000e-01 3.354282e-01
-1.370000e-01 3.363316e-01
-1.360000e-01 3.372216e-01
-1.350000e-01 3.380981e-01
-1.340000e-01 3.389609e-01
-1.330000e-01 3.398099e-01
-1.320000e-01 3.406451e-01
-1.310000e-01 3.414662e-01
-1.300000e-01 3.422731e-01
-1.290000e-01 3.430658e-01
-1.280000e-01 3.438440e-01
-1.270000e-01 3.446076e-01
-1.260000e-01 3.453566e-01
-1.250000e-01 3.460907e-01
-1.240000e-01 3.468099e-01
-1.230000e-01 3.475140e-01
-1.220000e-01 3.482029e-01
-1.210000e-01 3.488765e-01
-1.200000e-01 3.495346e-01
-1.190000e-01 3.501771e-01
-1.180000e-01 3.508039e-01
-1.170000e-01 3.514148e-01
-1.160000e-01 3.520097e-01
-1.150000e-01 3.525884e-01
-1.140000e-01 3.531510e-01
-1.130000e-01 3.536971e-01
-1.120000e-01 3.542268e-01
-1.110000e-01 3.547398e-01
-1.100000e-01 3.552360e-01
-1.090000e-01 3.557156e-01
-1.080000e-01 3.561786e-01
-1.070000e-01 3.566251e-01
-1.060000e-01 3.570552e-01
-1.050000e-01 3.574690e-01
-1.040000e-01 3.578665e-01
-1.030000e-01 3.582478e-01
-1.020000e-01 3.586130e-01
-1.010000e-01 3.589623e-01
-1.000000e-01 3.592955e-01
-9.900000e-02 3.596130e-01
-9.800000e-02 3.599147e-01
-9.700000e-02 3.602007e-01
-9.600000e-02 3.604711e-01
-9.500000e-02 3.607260e-01
-9.400000e-02 3.609655e-01
-9.300000e-02 3.611896e-01
-9.200000e-02 3.613984e-01
-9.100000e-02 3.615921e-01
-9.000000e-02 3.617707e-01
-8.900000e-02 3.619342e-01
-8.800000e-02 3.620828e-01
-8.700000e-02 3.622166e-01
-8.600000e-02 3.623355e-01
-8.500000e-02 3.624398e-01
-8.400000e-02 3.625295e-01
-8.300000e-02 3.626047e-01
-8.200000e-02 3.626654e-01
-8.100000e-02 3.627117e-01
-8.000000e-02 3.627438e-01
-7.900000e-02 3.627616e-01
-7.800000e-02 3.627654e-01
-7.700000e-02 3.627551e-01
-7.600000e-02 3.627309e-01
-7.500000e-02 3.626928e-01
-7.400000e-02 3.626409e-01
-7.300000e-02 3.625754e-01
-7.200000e-02 3.624962e-01
-7.100000e-02 3.624034e-01
-7.000000e-02 3.622972e-01
-6.900000e-02 3.621777e-01
-6.800000e-02 3.620448e-01
-6.700000e-02 3.618988e-01
-6.600000e-02 3.617396e-01
-6.500000e-02 3.615674e-01
-6.400000e-02 3.613822e-01
-6.300000e-02 3.611841e-01
-6.200000e-02 3.609732e-01
-6.100000e-02 3.607497e-01
-6.000000e-02 3.605135e-01
-5.900000e-02 3.602647e-01
-5.800000e-02 3.600035e-01
-5.700000e-02 3.597299e-01
-5.600000e-02 3.594440e-01
-5.500000e-02 3.591458e-01
-5.400000e-02 3.588356e-01
-5.300000e-02 3.585132e-01
-5.200000e-02 3.581790e-01
-5.100000e-02 3.578328e-01
-5.000000e-02 3.574748e-01
-4.900000e-02 3.571051e-01
-4.800000e-02 3.567237e-01
-4.700000e-02 3.563308e-01
-4.600000e-02 3.559264e-01
-4.500000e-02 3.555106e-01
-4.400000e-02 3.550835e-01
-4.300000e-02 3.546452e-01
-4.200000e-02 3.541957e-01
-4.100000e-02 3.537352e-01
-4.000000e-02 3.532636e-01
-3.900000e-02 3.527812e-01
-3.800000e-02 3.522879e-01
-3.700000e-02 3.517840e-01
-3.600000e-02 3.512693e-01
-3.500000e-02 3.507441e-01
-3.400000e-02 3.502084e-01
-3.300000e-02 3.496623e-01
-3.200000e-02 3.491059e-01
-3.100000e-02 3.485392e-01
-3.000000e-02 3.479624e-01
-2.900000e-02 3.473754e-01
-2.800000e-02 3.467785e-01
-2.700000e-02 3.461717e-01
-2.600000e-02 3.455551e-01
-2.500000e-02 3.449287e-01
-2.400000e-02 3.442926e-01
-2.300000e-02 3.436470e-01
-2.200000e-02 3.429918e-01
-2.100000e-02 3.423272e-01
-2.000000e-02 3.416533e-01
-1.900000e-02 3.409702e-01
-1.800000e-02 3.402779e-01
-1.700000e-02 3.395765e-01
-1.600000e-02 3.388660e-01
-1.500000e-02 3.381467e-01
-1.400000e-02 3.374185e-01
-1.300000e-02 3.366816e-01
-1.200000e-02 3.359359e-01
-1.100000e-02 3.351817e-01
-1.000000e-02 3.344190e-01
-9.000000e-03 3.336478e-01
-8.000000e-03 3.328683e-01
-7.000000e-03 3.320806e-01
-6.000000e-03 3.312846e-01
-5.000000e-03 3.304805e-01
-4.000000e-03 3.296685e-01
-3.000000e-03 3.288485e-01
-2.000000e-03 3.280206e-01
-1.000000e-03 3.271850e-01
8.812395e-16 3.263417e-01
1.000000e-03 3.254907e-01
2.000000e-03 3.246323e-01
3.000000e-03 3.237664e-01
4.000000e-03 3.228932e-01
5.000000e-03 3.220126e-01
6.000000e-03 3.211249e-01
7.000000e-03 3.202301e-01
8.000000e-03 3.193282e-01
9.000000e-03 3.184194e-01
1.000000e-02 3.175037e-01
1.100000e-02 3.165813e-01
1.200000e-02 3.156521e-01
1.300000e-02 3.147164e-01
1.400000e-02 3.137741e-01
1.500000e-02 3.128253e-01
1.600000e-02 3.118702e-01
1.700000e-02 3.109088e-01
1.800000e-02 3.099411e-01
1.900000e-02 3.089674e-01
2.000000e-02 3.079876e-01
2.100000e-02 3.070019e-01
2.200000e-02 3.060103e-01
2.300000e-02 3.050129e-01
2.400000e-02 3.040097e-01
2.500000e-02 3.030010e-01
2.600000e-02 3.019867e-01
2.700000e-02 3.009669e-01
2.800000e-02 2.999418e-01
2.900000e-02 2.989113e-01
3.000000e-02 2.978757e-01
3.100000e-02 2.968349e-01
3.200000e-02 2.957890e-01
3.300000e-02 2.947382e-01
3.400000e-02 2.936825e-01
3.500000e-02 2.926220e-01
3.600000e-02 2.915568e-01
3.700000e-02 2.904869e-01
3.800000e-02 2.894125e-01
3.900000e-02 2.883336e-01
4.000000e-02 2.872503e-01
4.100000e-02 2.861627e-01
4.200000e-02 2.850708e-01
4.300000e-02 2.839749e-01
4.400000e-02 2.828748e-01
4.500000e-02 2.817708e-01
4.600000e-02 2.806629e-01
4.700000e-02 2.795511e-01
4.800000e-02 2.784356e-01
4.900000e-02 2.773165e-01
5.000000e-02 2.761938e-01
5.100000e-02 2.750676e-01
5.200000e-02 2.739381e-01
5.300000e-02 2.728051e-01
5.400000e-02 2.716690e-01
5.500000e-02 2.705297e-01
5.600000e-02 2.693873e-01
5.700000e-02 2.682419e-01
5.800000e-02 2.670937e-01
5.900000e-02 2.659425e-01
6.000000e-02 2.647887e-01
6.100000e-02 2.636322e-01
6.200000e-02 2.624731e-01
6.300000e-02 2.613115e-01
6.400000e-02 2.601475e-01
6.500000e-02 2.589811e-01
6.600000e-02 2.578125e-01
6.700000e-02 2.566417e-01
6.800000e-02 2.554689e-01
6.900000e-02 2.542940e-01
7.000000e-02 2.531172e-01
7.100000e-02 2.519386e-01
7.200000e-02 2.507583e-01
7.300000e-02 2.495762e-01
7.400000e-02 2.483926e-01
7.500000e-02 2.472074e-01
7.600000e-02 2.460208e-01
7.700000e-02 2.448329e-01
7.800000e-02 2.436437e-01
7.900000e-02 2.424534e-01
8.000000e-02 2.412619e-01
8.100000e-02 2.400694e-01
8.200000e-02 2.388760e-01
8.300000e-02 2.376817e-01
8.400000e-02 2.364867e-01
8.500000e-02 2.352910e-01
8.600000e-02 2.340947e-01
8.700000e-02 2.328978e-01
8.800000e-02 2.317005e-01
8.900000e-02 2.305029e-01
9.000000e-02 2.293050e-01
9.100000e-02 2.281069e-01
9.200000e-02 2.269087e-01
9.300000e-02 2.257104e-01
9.400000e-02 2.245123e-01
9.500000e-02 2.233142e-01
9.600000e-02 2.221164e-01
9.700000e-02 2.209189e-01
9.800000e-02 2.197217e-01
9.900000e-02 2.185251e-01
1.000000e-01 2.173289e-01
1.010000e-01 2.161335e-01
1.020000e-01 2.149387e-01
1.030000e-01 2.137447e-01
1.040000e-01 2.125516e-01
1.050000e-01 2.113595e-01
1.060000e-01 2.101684e-01
1.070000e-01 2.089784e-01
1.080000e-01 2.077897e-01
1.090000e-01 2.066022e-01
1.100000e-01 2.054161e-01
1.110000e-01 2.042315e-01
1.120000e-01 2.030484e-01
1.130000e-01 2.018668e-01
1.140000e-01 2.006869e-01
1.150000e-01 1.995085e-01
1.160000e-01 1.983318e-01
1.170000e-01 1.971566e-01
1.180000e-01 1.959831e-01
1.190000e-01 1.948113e-01
1.200000e-01 1.936411e-01
1.210000e-01 1.924727e-01
1.220000e-01 1.913059e-01
1.230000e-01 1.901409e-01
1.240000e-01 1.889776e-01
1.250000e-01 1.878160e-01
1.260000e-01 1.866563e-01
1.270000e-01 1.854983e-01
1.280000e-01 1.843421e-01
1.290000e-01 1.831877e-01
1.300000e-01 1.820352e-01
1.310000e-01 1.808845e-01
1.320000e-01 1.797357e-01
1.330000e-01 1.785888e-01
1.340000e-01 1.774437e-01
1.350000e-01 1.763006e-01
1.360000e-01 1.751594e-01
1.370000e-01 1.740202e-01
1.380000e-01 1.728829e-01
1.390000e-01 1.717476e-01
1.400000e-01 1.706143e-01
1.410000e-01 1.694830e-01
1.420000e-01 1.683538e-01
1.430000e-01 1.672265e-01
1.440000e-01 1.661014e-01
1.450000e-01 1.649783e-01
1.460000e-01 1.638573e-01
1.470000e-01 1.627384e-01
1.480000e-01 1.616217e-01
1.490000e-01 1.605071e-01
1.500000e-01 1.593946e-01
1.510000e-01 1.582843e-01
1.520000e-01 1.571762e-01
1.530000e-01 1.560703e-01
1.540000e-01 1.549666e-01
1.550000e-01 1.538652e-01
1.560000e-01 1.527660e-01
1.570000e-01 1.516691e-01
1.580000e-01 1.505745e-01
1.590000e-01 1.494821e-01
1.600000e-01 1.483921e-01
1.610000e-01 1.473044e-01
1.620000e-01 1.462191e-01
1.630000e-01 1.451361e-01
1.640000e-01 1.440555e-01
1.650000e-01 1.429773e-01
1.660000e-01 1.419016e-01
1.670000e-01 1.408282e-01
1.680000e-01 1.397573e-01
1.690000e-01 1.386889e-01
1.700000e-01 1.376229e-01
1.710000e-01 1.365594e-01
1.720000e-01 1.354985e-01
1.730000e-01 1.344400e-01
1.740000e-01 1.333841e-01
1.750000e-01 1.323308e-01
1.760000e-01 1.312800e-01
1.770000e-01 1.302319e-01
1.780000e-01 1.291863e-01
1.790000e-01 1.281433e-01
1.800000e-01 1.271030e-01
1.810000e-01 1.260654e-01
1.820000e-01 1.250304e-01
1.830000e-01 1.239981e-01
1.840000e-01 1.229685e-01
1.850000e-01 1.219416e-01
1.860000e-01 1.209175e-01
1.870000e-01 1.198961e-01
1.880000e-01 1.188775e-01
1.890000e-01 1.178616e-01
1.900000e-01 1.168486e-01
1.910000e-01 1.158383e-01
1.920000e-01 1.148309e-01
1.930000e-01 1.138264e-01
1.940000e-01 1.128247e-01
1.950000e-01 1.118259e-01
1.960000e-01 1.108300e-01
1.970000e-01 1.098369e-01
1.980000e-01 1.088469e-01
1.990000e-01 1.078597e-01
2.000000e-01 1.068756e-01
2.010000e-01 1.058944e-01
2.020000e-01 1.049161e-01
2.030000e-01 1.039409e-01
2.040000e-01 1.029688e-01
2.050000e-01 1.019996e-01
2.060000e-01 1.010335e-01
2.070000e-01 1.000705e-01
2.080000e-01 9.911059e-02
2.090000e-01 9.815377e-02
2.100000e-01 9.720007e-02
2.110000e-01 9.624950e-02
2.120000e-01 9.530209e-02
2.130000e-01 9.435784e-02
2.140000e-01 9.341678e-02
2.150000e-01 9.247891e-02
2.160000e-01 9.154427e-02
2.170000e-01 9.061285e-02
2.180000e-01 8.968469e-02
2.190000e-01 8.875978e-02
2.200000e-01 8.783816e-02
2.210000e-01 8.691984e-02
2.220000e-01 8.600483e-02
2.230000e-01 8.509314e-02
2.240000e-01 8.418480e-02
2.250000e-01 8.327982e-02
2.260000e-01 8.237822e-02
2.270000e-01 8.148001e-02
2.280000e-01 8.058521e-02
2.290000e-01 7.969384e-02
2.300000e-01 7.880590e-02
2.310000e-01 7.792143e-02
2.320000e-01 7.704042e-02
2.330000e-01 7.616291e-02
2.340000e-01 7.528890e-02
2.350000e-01 7.441841e-02
2.360000e-01 7.355146e-02
2.370000e-01 7.268806e-02
2.380000e-01 7.182823e-02
2.390000e-01 7.097199e-02
2.400000e-01 7.011935e-02
2.410000e-01 6.927032e-02
2.420000e-01 6.842493e-02
2.430000e-01 6.758319e-02
2.440000e-01 6.674512e-02
2.450000e-01 6.591073e-02
2.460000e-01 6.508003e-02
2.470000e-01 6.425305e-02
2.480000e-01 6.342980e-02
2.490000e-01 6.261030e-02
2.500000e-01 6.179455e-02
2.510000e-01 6.098259e-02
2.520000e-01 6.017442e-02
2.530000e-01 5.937006e-02
2.540000e-01 5.856953e-02
2.550000e-01 5.777284e-02
2.560000e-01 5.698001e-02
2.570000e-01 5.619105e-02
2.580000e-01 5.540599e-02
2.590000e-01 5.462483e-02
2.600000e-01 5.384759e-02
2.610000e-01 5.307429e-02
2.620000e-01 5.230495e-02
2.630000e-01 5.153958e-02
2.640000e-01 5.077819e-02
2.650000e-01 5.002081e-02
2.660000e-01 4.926745e-02
2.670000e-01 4.851812e-02
2.680000e-01 4.777284e-02
2.690000e-01 4.703164e-02
2.700000e-01 4.629451e-02
2.710000e-01 4.556149e-02
2.720000e-01 4.483257e-02
2.730000e-01 4.410780e-02
2.740000e-01 4.338717e-02
2.750000e-01 4.267070e-02
2.760000e-01 4.195841e-02
2.770000e-01 4.125032e-02
2.780000e-01 4.054644e-02
2.790000e-01 3.984679e-02
2.800000e-01 3.915138e-02
2.810000e-01 3.846023e-02
2.820000e-01 3.777336e-02
2.830000e-01 3.709078e-02
2.840000e-01 3.641251e-02
2.850000e-01 3.573856e-02
2.860000e-01 3.506896e-02
2.870000e-01 3.440371e-02
2.880000e-01 3.374283e-02
2.890000e-01 3.308634e-02
2.900000e-01 3.243426e-02
2.910000e-01 3.178659e-02
2.920000e-01 3.114337e-02
2.930000e-01 3.050459e-02
2.940000e-01 2.987029e-02
2.950000e-01 2.924047e-02
2.960000e-01 2.861515e-02
2.970000e-01 2.799435e-02
2.980000e-01 2.737808e-02
2.990000e-01 2.676636e-02
3.000000e-01 2.615920e-02
3.010000e-01 2.555663e-02
3.020000e-01 2.495865e-02
3.030000e-01 2.436529e-02
3.040000e-01 2.377656e-02
3.050000e-01 2.319247e-02
3.060000e-01 2.261304e-02
3.070000e-01 2.203830e-02
3.080000e-01 2.146824e-02
3.090000e-01 2.090290e-02
3.100000e-01 2.034228e-02
3.110000e-01 1.978640e-02
3.120000e-01 1.923528e-02
3.130000e-01 1.868894e-02
3.140000e-01 1.814738e-02
3.150000e-01 1.761063e-02
3.160000e-01 1.707871e-02
3.170000e-01 1.655162e-02
3.180000e-01 1.602938e-02
3.190000e-01 1.551202e-02
3.200000e-01 1.499954e-02
3.210000e-01 1.449197e-02
3.220000e-01 1.398931e-02
3.230000e-01 1.349159e-02
3.240000e-01 1.299882e-02
3.250000e-01 1.251102e-02
3.260000e-01 1.202820e-02
3.270000e-01 1.155037e-02
3.280000e-01 1.107757e-02
3.290000e-01 1.060979e-02
3.300000e-01 1.014706e-02
3.310000e-01 9.689394e-03
3.320000e-01 9.236807e-03
3.330000e-01 8.789316e-03
3.340000e-01 8.346933e-03
3.350000e-01 7.909646e-03
3.360000e-01 7.477424e-03
3.370000e-01 7.050235e-03
3.380000e-01 6.628049e-03
3.390000e-01 6.210835e-03
3.400000e-01 5.798562e-03
3.410000e-01 5.391198e-03
3.420000e-01 4.988712e-03
3.430000e-01 4.591074e-03
3.440000e-01 4.198252e-03
3.450000e-01 3.810215e-03
3.460000e-01 3.426933e-03
3.470000e-01 3.048373e-03
3.480000e-01 2.674506e-03
3.490000e-01 2.305299e-03
3.500000e-01 1.940722e-03
3.510000e-01 1.580744e-03
3.520000e-01 1.225334e-03
3.530000e-01 8.744602e-04
3.540000e-01 5.280921e-04
3.550000e-01 1.861984e-04
3.560000e-01 -1.512519e-04
3.570000e-01 -4.842899e-04
3.580000e-01 -8.129466e-04
3.590000e-01 -1.137253e-03
3.600000e-01 -1.457240e-03
3.610000e-01 -1.772940e-03
3.620000e-01 -2.084382e-03
3.630000e-01 -2.391599e-03
3.640000e-01 -2.694621e-03
3.650000e-01 -2.993479e-03
3.660000e-01 -3.288204e-03
3.670000e-01 -3.578828e-03
3.680000e-01 -3.865381e-03
3.690000e-01 -4.147894e-03
3.700000e-01 -4.426400e-03
3.710000e-01 -4.700928e-03
3.720000e-01 -4.971510e-03
3.730000e-01 -5.238176e-03
3.740000e-01 -5.500959e-03
3.750000e-01 -5.759889e-03
3.760000e-01 -6.014996e-03
3.770000e-01 -6.266313e-03
3.780000e-01 -6.513870e-03
3.790000e-01 -6.757698e-03
3.800000e-01 -6.997829e-03
3.810000e-01 -7.234293e-03
3.820000e-01 -7.467122e-03
3.830000e-01 -7.696346e-03
3.840000e-01 -7.921997e-03
3.850000e-01 -8.144105e-03
3.860000e-01 -8.362702e-03
3.870000e-01 -8.577820e-03
3.880000e-01 -8.789488e-03
3.890000e-01 -8.997738e-03
3.900000e-01 -9.202601e-03
3.910000e-01 -9.404109e-03
3.920000e-01 -9.602291e-03
3.930000e-01 -9.797180e-03
3.940000e-01 -9.988806e-03
3.950000e-01 -1.017720e-02
3.960000e-01 -1.036240e-02
3.970000e-01 -1.054442e-02
3.980000e-01 -1.072331e-02
3.990000e-01 -1.089909e-02
4.000000e-01 -1.107179e-02
4.010000e-01 -1.124145e-02
4.020000e-01 -1.140809e-02
4.030000e-01 -1.157175e-02
4.040000e-01 -1.173246e-02
4.050000e-01 -1.189025e-02
4.060000e-01 -1.204515e-02
4.070000e-01 -1.219719e-02
4.080000e-01 -1.234640e-02
4.090000e-01 -1.249282e-02
4.100000e-01 -1.263647e-02
4.110000e-01 -1.277738e-02
4.120000e-01 -1.291560e-02
4.130000e-01 -1.305114e-02
4.140000e-01 -1.318404e-02
4.150000e-01 -1.331433e-02
4.160000e-01 -1.344204e-02
4.170000e-01 -1.356720e-02
4.180000e-01 -1.368984e-02
4.190000e-01 -1.381000e-02
4.200000e-01 -1.392771e-02
4.210000e-01 -1.404299e-02
4.220000e-01 -1.415588e-02
4.230000e-01 -1.426641e-02
4.240000e-01 -1.437460e-02
4.250000e-01 -1.448050e-02
4.260000e-01 -1.458413e-02
4.270000e-01 -1.468552e-02
4.280000e-01 -1.478471e-02
4.290000e-01 -1.488172e-02
4.300000e-01 -1.497659e-02
4.310000e-01 -1.506934e-02
4.320000e-01 -1.516001e-02
4.330000e-01 -1.524863e-02
4.340000e-01 -1.533524e-02
4.350000e-01 -1.541985e-02
4.360000e-01 -1.550250e-02
4.370000e-01 -1.558323e-02
4.380000e-01 -1.566207e-02
4.390000e-01 -1.573904e-02
4.400000e-01 -1.581417e-02
4.410000e-01 -1.588751e-02
4.420000e-01 -1.595907e-02
4.430000e-01 -1.602889e-02
4.440000e-01 -1.609701e-02
4.450000e-01 -1.616344e-02
4.460000e-01 -1.622823e-02
4.470000e-01 -1.629141e-02
4.480000e-01 -1.635299e-02
4.490000e-01 -1.641303e-02
4.500000e-01 -1.647154e-02
4.510000e-01 -1.652856e-02
4.520000e-01 -1.658412e-02
4.530000e-01 -1.663826e-02
4.540000e-01 -1.669099e-02
4.550000e-01 -1.674236e-02
4.560000e-01 -1.679239e-02
4.570000e-01 -1.684111e-02
4.580000e-01 -1.688856e-02
4.590000e-01 -1.693477e-02
4.600000e-01 -1.697977e-02
4.610000e-01 -1.702358e-02
4.620000e-01 -1.706625e-02
4.630000e-01 -1.710780e-02
4.640000e-01 -1.714826e-02
4.650000e-01 -1.718766e-02
4.660000e-01 -1.722604e-02
4.670000e-01 -1.726342e-02
4.680000e-01 -1.729984e-02
4.690000e-01 -1.733533e-02
4.700000e-01 -1.736992e-02
4.710000e-01 -1.740364e-02
4.720000e-01 -1.743652e-02
4.730000e-01 -1.746859e-02
4.740000e-01 -1.749988e-02
4.750000e-01 -1.753043e-02
4.760000e-01 -1.756027e-02
4.770000e-01 -1.758942e-02
4.780000e-01 -1.761792e-02
4.790000e-01 -1.764579e-02
4.800000e-01 -1.767308e-02
4.810000e-01 -1.769981e-02
4.820000e-01 -1.772600e-02
4.830000e-01 -1.775171e-02
4.840000e-01 -1.777694e-02
4.850000e-01 -1.780174e-02
4.860000e-01 -1.782614e-02
4.870000e-01 -1.785017e-02
4.880000e-01 -1.787385e-02
4.890000e-01 -1.789722e-02
4.900000e-01 -1.792031e-02
4.910000e-01 -1.794316e-02
4.920000e-01 -1.796578e-02
4.930000e-01 -1.798822e-02
4.940000e-01 -1.801051e-02
4.950000e-01 -1.803267e-02
4.960000e-01 -1.805473e-02
4.970000e-01 -1.807674e-02
4.980000e-01 -1.809871e-02
4.990000e-01 -1.812069e-02
5.000000e-01 -1.814269e-02
5.010000e-01 -1.816476e-02
5.020000e-01 -1.818692e-02
5.030000e-01 -1.820921e-02
5.040000e-01 -1.823165e-02
5.050000e-01 -1.825428e-02
5.060000e-01 -1.827712e-02
5.070000e-01 -1.830021e-02
5.080000e-01 -1.832359e-02
5.090000e-01 -1.834727e-02
5.100000e-01 -1.837130e-02
5.110000e-01 -1.839570e-02
5.120000e-01 -1.842050e-02
5.130000e-01 -1.844574e-02
5.140000e-01 -1.847144e-02
5.150000e-01 -1.849764e-02
5.160000e-01 -1.852437e-02
5.170000e-01 -1.855166e-02
5.180000e-01 -1.857954e-02
5.190000e-01 -1.860804e-02
5.200000e-01 -1.863720e-02
5.210000e-01 -1.866704e-02
5.220000e-01 -1.869759e-02
5.230000e-01 -1.872889e-02
5.240000e-01 -1.876096e-02
5.250000e-01 -1.879384e-02
5.260000e-01 -1.882757e-02
5.270000e-01 -1.886216e-02
5.280000e-01 -1.889765e-02
5.290000e-01 -1.893408e-02
5.300000e-01 -1.897147e-02
5.310000e-01 -1.900985e-02
5.320000e-01 -1.904926e-02
5.330000e-01 -1.908972e-02
5.340000e-01 -1.913128e-02
5.350000e-01 -1.917395e-02
5.360000e-01 -1.921777e-02
5.370000e-01 -1.926277e-02
5.380000e-01 -1.930899e-02
5.390000e-01 -1.935645e-02
5.400000e-01 -1.940518e-02
5.410000e-01 -1.945521e-02
5.420000e-01 -1.950659e-02
5.430000e-01 -1.955933e-02
5.440000e-01 -1.961347e-02
5.450000e-01 -1.966903e-02
5.460000e-01 -1.972606e-02
5.470000e-01 -1.978458e-02
5.480000e-01 -1.984463e-02
5.490000e-01 -1.990622e-02
5.500000e-01 -1.996940e-02
5.510000e-01 -2.003420e-02
5.520000e-01 -2.010065e-02
5.530000e-01 -2.016877e-02
5.540000e-01 -2.023860e-02
5.550000e-01 -2.031017e-02
5.560000e-01 -2.038351e-02
5.570000e-01 -2.045860e-02
5.580000e-01 -2.053536e-02
5.590000e-01 -2.061369e-02
5.600000e-01 -2.069352e-02
5.610000e-01 -2.077477e-02
5.620000e-01 -2.085734e-02
5.630000e-01 -2.094115e-02
5.640000e-01 -2.102612e-02
5.650000e-01 -2.111216e-02
5.660000e-01 -2.119919e-02
5.670000e-01 -2.128712e-02
5.680000e-01 -2.137587e-02
5.690000e-01 -2.146535e-02
5.700000e-01 -2.155548e-02
5.710000e-01 -2.164617e-02
5.720000e-01 -2.173734e-02
5.730000e-01 -2.182890e-02
5.740000e-01 -2.192077e-02
5.750000e-01 -2.201287e-02
5.760000e-01 -2.210510e-02
5.770000e-01 -2.219739e-02
5.780000e-01 -2.228965e-02
5.790000e-01 -2.238179e-02
5.800000e-01 -2.247374e-02
5.810000e-01 -2.256539e-02
5.820000e-01 -2.265668e-02
5.830000e-01 -2.274751e-02
5.840000e-01 -2.283780e-02
5.850000e-01 -2.292747e-02
5.860000e-01 -2.301643e-02
5.870000e-01 -2.310459e-02
5.880000e-01 -2.319187e-02
5.890000e-01 -2.327819e-02
5.900000e-01 -2.336347e-02
5.910000e-01 -2.344760e-02
5.920000e-01 -2.353052e-02
5.930000e-01 -2.361214e-02
5.940000e-01 -2.369236e-02
5.950000e-01 -2.377112e-02
5.960000e-01 -2.384832e-02
5.970000e-01 -2.392387e-02
5.980000e-01 -2.399770e-02
5.990000e-01 -2.406971e-02
6.000000e-01 -2.413983e-02
6.010000e-01 -2.420796e-02
6.020000e-01 -2.427403e-02
6.030000e-01 -2.433794e-02
6.040000e-01 -2.439962e-02
6.050000e-01 -2.445898e-02
6.060000e-01 -2.451593e-02
6.070000e-01 -2.457039e-02
6.080000e-01 -2.462228e-02
6.090000e-01 -2.467150e-02
6.100000e-01 -2.471798e-02
6.110000e-01 -2.476163e-02
6.120000e-01 -2.480236e-02
6.130000e-01 -2.484009e-02
6.140000e-01 -2.487474e-02
6.150000e-01 -2.490622e-02
6.160000e-01 -2.493444e-02
6.170000e-01 -2.495932e-02
6.180000e-01 -2.498078e-02
6.190000e-01 -2.499873e-02
6.200000e-01 -2.501309e-02
6.210000e-01 -2.502377e-02
6.220000e-01 -2.503068e-02
6.230000e-01 -2.503375e-02
6.240000e-01 -2.503288e-02
6.250000e-01 -2.502799e-02
6.260000e-01 -2.501900e-02
6.270000e-01 -2.500582e-02
6.280000e-01 -2.498837e-02
6.290000e-01 -2.496657e-02
6.300000e-01 -2.494032e-02
6.310000e-01 -2.490954e-02
6.320000e-01 -2.487415e-02
6.330000e-01 -2.483406e-02
6.340000e-01 -2.478920e-02
6.350000e-01 -2.473946e-02
6.360000e-01 -2.468478e-02
6.370000e-01 -2.462505e-02
6.380000e-01 -2.456021e-02
6.390000e-01 -2.449016e-02
6.400000e-01 -2.441482e-02
6.410000e-01 -2.433411e-02
6.420000e-01 -2.424793e-02
6.430000e-01 -2.415621e-02
6.440000e-01 -2.405886e-02
6.450000e-01 -2.395579e-02
6.460000e-01 -2.384693e-02
6.470000e-01 -2.373217e-02
6.480000e-01 -2.361145e-02
6.490000e-01 -2.348468e-02
6.500000e-01 -2.335177e-02
6.510000e-01 -2.321263e-02
6.520000e-01 -2.306718e-02
6.530000e-01 -2.291534e-02
6.540000e-01 -2.275702e-02
6.550000e-01 -2.259214e-02
6.560000e-01 -2.242061e-02
6.570000e-01 -2.224235e-02
6.580000e-01 -2.205727e-02
6.590000e-01 -2.186529e-02
6.600000e-01 -2.166631e-02
6.610000e-01 -2.146027e-02
6.620000e-01 -2.124707e-02
6.630000e-01 -2.102663e-02
6.640000e-01 -2.079886e-02
6.650000e-01 -2.056368e-02
6.660000e-01 -2.032100e-02
6.670000e-01 -2.007074e-02
6.680000e-01 -1.981282e-02
6.690000e-01 -1.954714e-02
6.700000e-01 -1.927363e-02
6.710000e-01 -1.899219e-02
6.720000e-01 -1.870276e-02
6.730000e-01 -1.840523e-02
6.740000e-01 -1.809952e-02
6.750000e-01 -1.778556e-02
6.760000e-01 -1.746325e-02
6.770000e-01 -1.713251e-02
6.780000e-01 -1.679326e-02
6.790000e-01 -1.644540e-02
6.800000e-01 -1.608887e-02
6.810000e-01 -1.572356e-02
6.820000e-01 -1.534940e-02
6.830000e-01 -1.496630e-02
6.840000e-01 -1.457418e-02
6.850000e-01 -1.417295e-02
6.860000e-01 -1.376252e-02
6.870000e-01 -1.334282e-02
6.880000e-01 -1.291375e-02
6.890000e-01 -1.247524e-02
6.900000e-01 -1.202719e-02
6.910000e-01 -1.156953e-02
6.920000e-01 -1.110216e-02
6.930000e-01 -1.062501e-02
6.940000e-01 -1.013798e-02
6.950000e-01 -9.641003e-03
6.960000e-01 -9.133979e-03
6.970000e-01 -8.616828e-03
6.980000e-01 -8.089467e-03
6.990000e-01 -7.551809e-03
7.000000e-01 -7.003770e-03
7.010000e-01 -6.445265e-03
7.020000e-01 -5.876209e-03
7.030000e-01 -5.296518e-03
7.040000e-01 -4.706107e-03
7.050000e-01 -4.104890e-03
7.060000e-01 -3.492783e-03
7.070000e-01 -2.869702e-03
7.080000e-01 -2.235560e-03
7.090000e-01 -1.590274e-03
7.100000e-01 -9.337585e-04
7.110000e-01 -2.659288e-04
7.120000e-01 4.133001e-04
7.130000e-01 1.104013e-03
7.140000e-01 1.806294e-03
7.150000e-01 2.520230e-03
7.160000e-01 3.245903e-03
7.170000e-01 3.983400e-03
7.180000e-01 4.732805e-03
7.190000e-01 5.494203e-03
7.200000e-01 6.267679e-03
7.210000e-01 7.053318e-03
7.220000e-01 7.851204e-03
7.230000e-01 8.661422e-03
7.240000e-01 9.484057e-03
7.250000e-01 1.031919e-02
7.260000e-01 1.116692e-02
7.270000e-01 1.202732e-02
7.280000e-01 1.290047e-02
7.290000e-01 1.378646e-02
7.300000e-01 1.468538e-02
7.310000e-01 1.559731e-02
7.320000e-01 1.652234e-02
7.330000e-01 1.746055e-02
7.340000e-01 1.841202e-02
7.350000e-01 1.937684e-02
7.360000e-01 2.035510e-02
7.370000e-01 2.134688e-02
7.380000e-01 2.235226e-02
7.390000e-01 2.337134e-02
7.400000e-01 2.440419e-02
7.410000e-01 2.545089e-02
7.420000e-01 2.651155e-02
7.430000e-01 2.758623e-02
7.440000e-01 2.867502e-02
7.450000e-01 2.977801e-02
7.460000e-01 3.089529e-02
7.470000e-01 3.202694e-02
7.480000e-01 3.317304e-02
7.490000e-01 3.433367e-02
7.500000e-01 3.550893e-02
7.510000e-01 3.669890e-02
7.520000e-01 3.790366e-02
7.530000e-01 3.912330e-02
7.540000e-01 4.035790e-02
7.550000e-01 4.160754e-02
7.560000e-01 4.287232e-02
7.570000e-01 4.415232e-02
7.580000e-01 4.544762e-02
7.590000e-01 4.675830e-02
7.600000e-01 4.808446e-02
7.610000e-01 4.942617e-02
7.620000e-01 5.078352e-02
7.630000e-01 5.215660e-02
7.640000e-01 5.354549e-02
7.650000e-01 5.495027e-02
7.660000e-01 5.637104e-02
7.670000e-01 5.780787e-02
7.680000e-01 5.926085e-02
7.690000e-01 6.073006e-02
7.700000e-01 6.221560e-02
7.710000e-01 6.371754e-02
7.720000e-01 6.523597e-02
7.730000e-01 6.677097e-02
7.740000e-01 6.832263e-02
7.750000e-01 6.989104e-02
7.760000e-01 7.147627e-02
7.770000e-01 7.307842e-02
7.780000e-01 7.469757e-02
7.790000e-01 7.633372e-02
7.800000e-01 7.798676e-02
7.810000e-01 7.965652e-02
7.820000e-01 8.134284e-02
7.830000e-01 8.304559e-02
7.840000e-01 8.476459e-02
7.850000e-01 8.649971e-02
7.860000e-01 8.825078e-02
7.870000e-01 9.001765e-02
7.880000e-01 9.180017e-02
7.890000e-01 9.359818e-02
7.900000e-01 9.541153e-02
7.910000e-01 9.724008e-02
7.920000e-01 9.908365e-02
7.930000e-01 1.009421e-01
7.940000e-01 1.028153e-01
7.950000e-01 1.047030e-01
7.960000e-01 1.066052e-01
7.970000e-01 1.085217e-01
7.980000e-01 1.104522e-01
7.990000e-01 1.123967e-01
8.000000e-01 1.143550e-01
8.010000e-01 1.163270e-01
8.020000e-01 1.183125e-01
8.030000e-01 1.203113e-01
8.040000e-01 1.223233e-01
8.050000e-01 1.243483e-01
8.060000e-01 1.263862e-01
8.070000e-01 1.284369e-01
8.080000e-01 1.305001e-01
8.090000e-01 1.325758e-01
8.100000e-01 1.346637e-01
8.110000e-01 1.367637e-01
8.120000e-01 1.388757e-01
8.130000e-01 1.409995e-01
8.140000e-01 1.431350e-01
8.150000e-01 1.452820e-01
8.160000e-01 1.474403e-01
8.170000e-01 1.496098e-01
8.180000e-01 1.517903e-01
8.190000e-01 1.539818e-01
8.200000e-01 1.561839e-01
8.210000e-01 1.583967e-01
8.220000e-01 1.606199e-01
8.230000e-01 1.628533e-01
8.240000e-01 1.650969e-01
8.250000e-01 1.673504e-01
8.260000e-01 1.696137e-01
8.270000e-01 1.718867e-01
8.280000e-01 1.741692e-01
8.290000e-01 1.764611e-01
8.300000e-01 1.787622e-01
8.310000e-01 1.810723e-01
8.320000e-01 1.833913e-01
8.330000e-01 1.857190e-01
8.340000e-01 1.880553e-01
8.350000e-01 1.904000e-01
8.360000e-01 1.927530e-01
8.370000e-01 1.951142e-01
8.380000e-01 1.974833e-01
8.390000e-01 1.998602e-01
8.400000e-01 2.022448e-01
8.410000e-01 2.046369e-01
8.420000e-01 2.070363e-01
8.430000e-01 2.094430e-01
8.440000e-01 2.118567e-01
8.450000e-01 2.142773e-01
8.460000e-01 2.167046e-01
8.470000e-01 2.191385e-01
8.480000e-01 2.215789e-01
8.490000e-01 2.240255e-01
8.500000e-01 2.264783e-01
8.510000e-01 2.289370e-01
8.520000e-01 2.314016e-01
8.530000e-01 2.338718e-01
8.540000e-01 2.363475e-01
8.550000e-01 2.388286e-01
8.560000e-01 2.413149e-01
8.570000e-01 2.438062e-01
8.580000e-01 2.463024e-01
8.590000e-01 2.488034e-01
8.600000e-01 2.513090e-01
8.610000e-01 2.538190e-01
8.620000e-01 2.563333e-01
8.630000e-01 2.588517e-01
8.640000e-01 2.613741e-01
8.650000e-01 2.639003e-01
8.660000e-01 2.664302e-01
8.670000e-01 2.689636e-01
8.680000e-01 2.715004e-01
8.690000e-01 2.740404e-01
8.700000e-01 2.765834e-01
8.710000e-01 2.791293e-01
8.720000e-01 2.816780e-01
8.730000e-01 2.842293e-01
8.740000e-01 2.867830e-01
8.750000e-01 2.893390e-01
8.760000e-01 2.918971e-01
8.770000e-01 2.944572e-01
8.780000e-01 2.970192e-01
8.790000e-01 2.995828e-01
8.800000e-01 3.021479e-01
8.810000e-01 3.047144e-01
8.820000e-01 3.072821e-01
8.830000e-01 3.098509e-01
8.840000e-01 3.124205e-01
8.850000e-01 3.149909e-01
8.860000e-01 3.175620e-01
8.870000e-01 3.201334e-01
8.880000e-01 3.227052e-01
8.890000e-01 3.252770e-01
8.900000e-01 3.278489e-01
8.910000e-01 3.304206e-01
8.920000e-01 3.329920e-01
8.930000e-01 3.355629e-01
8.940000e-01 3.381331e-01
8.950000e-01 3.407026e-01
8.960000e-01 3.432712e-01
8.970000e-01 3.458386e-01
8.980000e-01 3.484048e-01
8.990000e-01 3.509696e-01
9.000000e-01 3.535329e-01
9.010000e-01 3.560944e-01
9.020000e-01 3.586541e-01
9.030000e-01 3.612118e-01
9.040000e-01 3.637673e-01
9.050000e-01 3.663204e-01
9.060000e-01 3.688711e-01
9.070000e-01 3.714192e-01
9.080000e-01 3.739645e-01
9.090000e-01 3.765069e-01
9.100000e-01 3.790462e-01
9.110000e-01 3.815822e-01
9.120000e-01 3.841148e-01
9.130000e-01 3.866439e-01
9.140000e-01 3.891693e-01
9.150000e-01 3.916908e-01
9.160000e-01 3.942083e-01
9.170000e-01 3.967217e-01
9.180000e-01 3.992307e-01
9.190000e-01 4.017353e-01
9.200000e-01 4.042352e-01
9.210000e-01 4.067304e-01
9.220000e-01 4.092206e-01
9.230000e-01 4.117058e-01
9.240000e-01 4.141857e-01
9.250000e-01 4.166602e-01
9.260000e-01 4.191292e-01
9.270000e-01 4.215924e-01
9.280000e-01 4.240499e-01
9.290000e-01 4.265013e-01
9.300000e-01 4.289465e-01
9.310000e-01 4.313855e-01
9.320000e-01 4.338179e-01
9.330000e-01 4.362438e-01
9.340000e-01 4.386628e-01
9.350000e-01 4.410750e-01
9.360000e-01 4.434801e-01
9.370000e-01 4.458779e-01
9.380000e-01 4.482683e-01
9.390000e-01 4.506512e-01
9.400000e-01 4.530264e-01
9.410000e-01 4.553938e-01
9.420000e-01 4.577531e-01
9.430000e-01 4.601043e-01
9.440000e-01 4.624472e-01
9.450000e-01 4.647816e-01
9.460000e-01 4.671074e-01
9.470000e-01 4.694244e-01
9.480000e-01 4.717325e-01
9.490000e-01 4.740316e-01
9.500000e-01 4.763213e-01
9.510000e-01 4.786018e-01
9.520000e-01 4.808726e-01
9.530000e-01 4.831338e-01
9.540000e-01 4.853851e-01
9.550000e-01 4.876265e-01
9.560000e-01 4.898576e-01
9.570000e-01 4.920785e-01
9.580000e-01 4.942889e-01
9.590000e-01 4.964887e-01
9.600000e-01 4.986777e-01
9.610000e-01 5.008558e-01
9.620000e-01 5.030229e-01
9.630000e-01 5.051787e-01
9.640000e-01 5.073231e-01
9.650000e-01 5.094560e-01
9.660000e-01 5.115772e-01
9.670000e-01 5.136865e-01
9.680000e-01 5.157839e-01
9.690000e-01 5.178691e-01
9.700000e-01 5.199420e-01
9.710000e-01 5.220024e-01
9.720000e-01 5.240503e-01
9.730000e-01 5.260854e-01
9.740000e-01 5.281075e-01
9.750000e-01 5.301166e-01
9.760000e-01 5.321125e-01
9.770000e-01 5.340949e-01
9.780000e-01 5.360639e-01
9.790000e-01 5.380191e-01
9.800000e-01 5.399606e-01
9.810000e-01 5.418880e-01
9.820000e-01 5.438013e-01
9.830000e-01 5.457003e-01
9.840000e-01 5.475848e-01
9.850000e-01 5.494547e-01
9.860000e-01 5.513099e-01
9.870000e-01 5.531501e-01
9.880000e-01 5.549753e-01
9.890000e-01 5.567853e-01
9.900000e-01 5.585798e-01
9.910000e-01 5.603589e-01
9.920000e-01 5.621223e-01
9.930000e-01 5.638698e-01
9.940000e-01 5.656014e-01
9.950000e-01 5.673168e-01
9.960000e-01 5.690159e-01
9.970000e-01 5.706985e-01
9.980000e-01 5.723646e-01
9.990000e-01 5.740139e-01
