-1.000000e+00 5.756463e-01
-9.990000e-01 5.736121e-01
-9.980000e-01 5.715844e-01
-9.970000e-01 5.695629e-01
-9.960000e-01 5.675476e-01
-9.950000e-01 5.655384e-01
-9.940000e-01 5.635350e-01
-9.930000e-01 5.615375e-01
-9.920000e-01 5.595456e-01
-9.910000e-01 5.575592e-01
-9.900000e-01 5.555783e-01
-9.890000e-01 5.536026e-01
-9.880000e-01 5.516321e-01
-9.870000e-01 5.496667e-01
-9.860000e-01 5.477062e-01
-9.850000e-01 5.457504e-01
-9.840000e-01 5.437994e-01
-9.830000e-01 5.418529e-01
-9.820000e-01 5.399108e-01
-9.810000e-01 5.379730e-01
-9.800000e-01 5.360394e-01
-9.790000e-01 5.341098e-01
-9.780000e-01 5.321842e-01
-9.770000e-01 5.302624e-01
-9.760000e-01 5.283442e-01
-9.750000e-01 5.264296e-01
-9.740000e-01 5.245185e-01
-9.730000e-01 5.226106e-01
-9.720000e-01 5.207059e-01
-9.710000e-01 5.188043e-01
-9.700000e-01 5.169056e-01
-9.690000e-01 5.150097e-01
-9.680000e-01 5.131165e-01
-9.670000e-01 5.112259e-01
-9.660000e-01 5.093377e-01
-9.650000e-01 5.074518e-01
-9.640000e-01 5.055681e-01
-9.630000e-01 5.036865e-01
-9.620000e-01 5.018068e-01
-9.610000e-01 4.999289e-01
-9.600000e-01 4.980527e-01
-9.590000e-01 4.961781e-01
-9.580000e-01 4.943049e-01
-9.570000e-01 4.924331e-01
-9.560000e-01 4.905624e-01
-9.550000e-01 4.886928e-01
-9.540000e-01 4.868242e-01
-9.530000e-01 4.849564e-01
-9.520000e-01 4.830892e-01
-9.510000e-01 4.812227e-01
-9.500000e-01 4.793566e-01
-9.490000e-01 4.774908e-01
-9.480000e-01 4.756253e-01
-9.470000e-01 4.737598e-01
-9.460000e-01 4.718943e-01
-9.450000e-01 4.700286e-01
-9.440000e-01 4.681626e-01
-9.430000e-01 4.662961e-01
-9.420000e-01 4.644292e-01
-9.410000e-01 4.625616e-01
-9.400000e-01 4.606932e-01
-9.390000e-01 4.588238e-01
-9.380000e-01 4.569535e-01
-9.370000e-01 4.550819e-01
-9.360000e-01 4.532091e-01
-9.350000e-01 4.513349e-01
-9.340000e-01 4.494591e-01
-9.330000e-01 4.475817e-01
-9.320000e-01 4.457025e-01
-9.310000e-01 4.438214e-01
-9.300000e-01 4.419383e-01
-9.290000e-01 4.400530e-01
-9.280000e-01 4.381654e-01
-9.270000e-01 4.362754e-01
-9.260000e-01 4.343829e-01
-9.250000e-01 4.324877e-01
-9.240000e-01 4.305898e-01
-9.230000e-01 4.286889e-01
-9.220000e-01 4.267851e-01
-9.210000e-01 4.248781e-01
-9.200000e-01 4.229678e-01
-9.190000e-01 4.210541e-01
-9.180000e-01 4.191369e-01
-9.170000e-01 4.172160e-01
-9.160000e-01 4.152914e-01
-9.150000e-01 4.133629e-01
-9.140000e-01 4.114304e-01
-9.130000e-01 4.094937e-01
-9.120000e-01 4.075528e-01
-9.110000e-01 4.056074e-01
-9.100000e-01 4.036576e-01
-9.090000e-01 4.017031e-01
-9.080000e-01 3.997439e-01
-9.070000e-01 3.977797e-01
-9.060000e-01 3.958106e-01
-9.050000e-01 3.938363e-01
-9.040000e-01 3.918568e-01
-9.030000e-01 3.898718e-01
-9.020000e-01 3.878814e-01
-9.010000e-01 3.858854e-01
-9.000000e-01 3.838835e-01
-8.990000e-01 3.818758e-01
-8.980000e-01 3.798622e-01
-8.970000e-01 3.778423e-01
-8.960000e-01 3.758163e-01
-8.950000e-01 3.737838e-01
-8.940000e-01 3.717449e-01
-8.930000e-01 3.696996e-01
-8.920000e-01 3.676481e-01
-8.910000e-01 3.655908e-01
-8.900000e-01 3.635277e-01
-8.890000e-01 3.614592e-01
-8.880000e-01 3.593854e-01
-8.870000e-01 3.573067e-01
-8.860000e-01 3.552231e-01
-8.850000e-01 3.531349e-01
-8.840000e-01 3.510425e-01
-8.830000e-01 3.489458e-01
-8.820000e-01 3.468453e-01
-8.810000e-01 3.447412e-01
-8.800000e-01 3.426335e-01
-8.790000e-01 3.405227e-01
-8.780000e-01 3.384089e-01
-8.770000e-01 3.362923e-01
-8.760000e-01 3.341731e-01
-8.750000e-01 3.320516e-01
-8.740000e-01 3.299281e-01
-8.730000e-01 3.278026e-01
-8.720000e-01 3.256755e-01
-8.710000e-01 3.235470e-01
-8.700000e-01 3.214173e-01
-8.690000e-01 3.192866e-01
-8.680000e-01 3.171551e-01
-8.670000e-01 3.150232e-01
-8.660000e-01 3.128909e-01
-8.650000e-01 3.107586e-01
-8.640000e-01 3.086264e-01
-8.630000e-01 3.064946e-01
-8.620000e-01 3.043634e-01
-8.610000e-01 3.022330e-01
-8.600000e-01 3.001037e-01
-8.590000e-01 2.979756e-01
-8.580000e-01 2.958490e-01
-8.570000e-01 2.937242e-01
-8.560000e-01 2.916013e-01
-8.550000e-01 2.894806e-01
-8.540000e-01 2.873622e-01
-8.530000e-01 2.852465e-01
-8.520000e-01 2.831337e-01
-8.510000e-01 2.810239e-01
-8.500000e-01 2.789174e-01
-8.490000e-01 2.768145e-01
-8.480000e-01 2.747152e-01
-8.470000e-01 2.726200e-01
-8.460000e-01 2.705289e-01
-8.450000e-01 2.684423e-01
-8.440000e-01 2.663603e-01
-8.430000e-01 2.642832e-01
-8.420000e-01 2.622112e-01
-8.410000e-01 2.601445e-01
-8.400000e-01 2.580833e-01
-8.390000e-01 2.560279e-01
-8.380000e-01 2.539785e-01
-8.370000e-01 2.519354e-01
-8.360000e-01 2.498986e-01
-8.350000e-01 2.478686e-01
-8.340000e-01 2.458454e-01
-8.330000e-01 2.438293e-01
-8.320000e-01 2.418206e-01
-8.310000e-01 2.398195e-01
-8.300000e-01 2.378261e-01
-8.290000e-01 2.358408e-01
-8.280000e-01 2.338637e-01
-8.270000e-01 2.318950e-01
-8.260000e-01 2.299351e-01
-8.250000e-01 2.279841e-01
-8.240000e-01 2.260422e-01
-8.230000e-01 2.241096e-01
-8.220000e-01 2.221867e-01
-8.210000e-01 2.202736e-01
-8.200000e-01 2.183705e-01
-8.190000e-01 2.164777e-01
-8.180000e-01 2.145954e-01
-8.170000e-01 2.127237e-01
-8.160000e-01 2.108631e-01
-8.150000e-01 2.090136e-01
-8.140000e-01 2.071754e-01
-8.130000e-01 2.053489e-01
-8.120000e-01 2.035342e-01
-8.110000e-01 2.017316e-01
-8.100000e-01 1.999413e-01
-8.090000e-01 1.981635e-01
-8.080000e-01 1.963984e-01
-8.070000e-01 1.946462e-01
-8.060000e-01 1.929073e-01
-8.050000e-01 1.911818e-01
-8.040000e-01 1.894699e-01
-8.030000e-01 1.877718e-01
-8.020000e-01 1.860879e-01
-8.010000e-01 1.844183e-01
-8.000000e-01 1.827631e-01
-7.990000e-01 1.811228e-01
-7.980000e-01 1.794974e-01
-7.970000e-01 1.778873e-01
-7.960000e-01 1.762925e-01
-7.950000e-01 1.747135e-01
-7.940000e-01 1.731503e-01
-7.930000e-01 1.716032e-01
-7.920000e-01 1.700725e-01
-7.910000e-01 1.685583e-01
-7.900000e-01 1.670609e-01
-7.890000e-01 1.655804e-01
-7.880000e-01 1.641171e-01
-7.870000e-01 1.626706e-01
-7.860000e-01 1.612409e-01
-7.850000e-01 1.598278e-01
-7.840000e-01 1.584311e-01
-7.830000e-01 1.570508e-01
-7.820000e-01 1.556866e-01
-7.810000e-01 1.543384e-01
-7.800000e-01 1.530061e-01
-7.790000e-01 1.516894e-01
-7.780000e-01 1.503884e-01
-7.770000e-01 1.491027e-01
-7.760000e-01 1.478323e-01
-7.750000e-01 1.465770e-01
-7.740000e-01 1.453366e-01
-7.730000e-01 1.441111e-01
-7.720000e-01 1.429002e-01
-7.710000e-01 1.417038e-01
-7.700000e-01 1.405217e-01
-7.690000e-01 1.393539e-01
-7.680000e-01 1.382002e-01
-7.670000e-01 1.370603e-01
-7.660000e-01 1.359342e-01
-7.650000e-01 1.348217e-01
-7.640000e-01 1.337226e-01
-7.630000e-01 1.326369e-01
-7.620000e-01 1.315643e-01
-7.610000e-01 1.305047e-01
-7.600000e-01 1.294580e-01
-7.590000e-01 1.284240e-01
-7.580000e-01 1.274026e-01
-7.570000e-01 1.263935e-01
-7.560000e-01 1.253967e-01
-7.550000e-01 1.244121e-01
-7.540000e-01 1.234393e-01
-7.530000e-01 1.224784e-01
-7.520000e-01 1.215292e-01
-7.510000e-01 1.205914e-01
-7.500000e-01 1.196651e-01
-7.490000e-01 1.187499e-01
-7.480000e-01 1.178458e-01
-7.470000e-01 1.169526e-01
-7.460000e-01 1.160701e-01
-7.450000e-01 1.151983e-01
-7.440000e-01 1.143369e-01
-7.430000e-01 1.134858e-01
-7.420000e-01 1.126449e-01
-7.410000e-01 1.118140e-01
-7.400000e-01 1.109930e-01
-7.390000e-01 1.101817e-01
-7.380000e-01 1.093799e-01
-7.370000e-01 1.085876e-01
-7.360000e-01 1.078045e-01
-7.350000e-01 1.070305e-01
-7.340000e-01 1.062655e-01
-7.330000e-01 1.055093e-01
-7.320000e-01 1.047617e-01
-7.310000e-01 1.040227e-01
-7.300000e-01 1.032920e-01
-7.290000e-01 1.025695e-01
-7.280000e-01 1.018551e-01
-7.270000e-01 1.011487e-01
-7.260000e-01 1.004499e-01
-7.250000e-01 9.975882e-02
-7.240000e-01 9.907517e-02
-7.230000e-01 9.839884e-02
-7.220000e-01 9.772967e-02
-7.210000e-01 9.706751e-02
-7.200000e-01 9.641221e-02
-7.190000e-01 9.576363e-02
-7.180000e-01 9.512162e-02
-7.170000e-01 9.448601e-02
-7.160000e-01 9.385667e-02
-7.150000e-01 9.323345e-02
-7.140000e-01 9.261619e-02
-7.130000e-01 9.200474e-02
-7.120000e-01 9.139896e-02
-7.110000e-01 9.079869e-02
-7.100000e-01 9.020379e-02
-7.090000e-01 8.961410e-02
-7.080000e-01 8.902948e-02
-7.070000e-01 8.844978e-02
-7.060000e-01 8.787484e-02
-7.050000e-01 8.730451e-02
-7.040000e-01 8.673865e-02
-7.030000e-01 8.617711e-02
-7.020000e-01 8.561973e-02
-7.010000e-01 8.506637e-02
-7.000000e-01 8.451688e-02
-6.990000e-01 8.397110e-02
-6.980000e-01 8.342889e-02
-6.970000e-01 8.289010e-02
-6.960000e-01 8.235457e-02
-6.950000e-01 8.182216e-02
-6.940000e-01 8.129272e-02
-6.930000e-01 8.076610e-02
-6.920000e-01 8.024214e-02
-6.910000e-01 7.972070e-02
-6.900000e-01 7.920163e-02
-6.890000e-01 7.868478e-02
-6.880000e-01 7.817000e-02
-6.870000e-01 7.765713e-02
-6.860000e-01 7.714603e-02
-6.850000e-01 7.663656e-02
-6.840000e-01 7.612855e-02
-6.830000e-01 7.562191e-02
-6.820000e-01 7.511665e-02
-6.810000e-01 7.461279e-02
-6.800000e-01 7.411037e-02
-6.790000e-01 7.360939e-02
-6.780000e-01 7.310989e-02
-6.770000e-01 7.261190e-02
-6.760000e-01 7.211543e-02
-6.750000e-01 7.162050e-02
-6.740000e-01 7.112715e-02
-6.730000e-01 7.063540e-02
-6.720000e-01 7.014527e-02
-6.710000e-01 6.965679e-02
-6.700000e-01 6.916997e-02
-6.690000e-01 6.868486e-02
-6.680000e-01 6.820145e-02
-6.670000e-01 6.771980e-02
-6.660000e-01 6.723991e-02
-6.650000e-01 6.676181e-02
-6.640000e-01 6.628552e-02
-6.630000e-01 6.581107e-02
-6.620000e-01 6.533849e-02
-6.610000e-01 6.486780e-02
-6.600000e-01 6.439902e-02
-6.590000e-01 6.393217e-02
-6.580000e-01 6.346729e-02
-6.570000e-01 6.300439e-02
-6.560000e-01 6.254349e-02
-6.550000e-01 6.208464e-02
-6.540000e-01 6.162783e-02
-6.530000e-01 6.117311e-02
-6.520000e-01 6.072050e-02
-6.510000e-01 6.027001e-02
-6.500000e-01 5.982168e-02
-6.490000e-01 5.937553e-02
-6.480000e-01 5.893158e-02
-6.470000e-01 5.848986e-02
-6.460000e-01 5.805038e-02
-6.450000e-01 5.761318e-02
-6.440000e-01 5.717828e-02
-6.430000e-01 5.674571e-02
-6.420000e-01 5.631548e-02
-6.410000e-01 5.588762e-02
-6.400000e-01 5.546216e-02
-6.390000e-01 5.503912e-02
-6.380000e-01 5.461852e-02
-6.370000e-01 5.420039e-02
-6.360000e-01 5.378476e-02
-6.350000e-01 5.337164e-02
-6.340000e-01 5.296106e-02
-6.330000e-01 5.255305e-02
-6.320000e-01 5.214762e-02
-6.310000e-01 5.174481e-02
-6.300000e-01 5.134464e-02
-6.290000e-01 5.094713e-02
-6.280000e-01 5.055231e-02
-6.270000e-01 5.016019e-02
-6.260000e-01 4.977081e-02
-6.250000e-01 4.938419e-02
-6.240000e-01 4.900035e-02
-6.230000e-01 4.861932e-02
-6.220000e-01 4.824112e-02
-6.210000e-01 4.786578e-02
-6.200000e-01 4.749331e-02
-6.190000e-01 4.712375e-02
-6.180000e-01 4.675712e-02
-6.170000e-01 4.639344e-02
-6.160000e-01 4.603273e-02
-6.150000e-01 4.567503e-02
-6.140000e-01 4.532035e-02
-6.130000e-01 4.496872e-02
-6.120000e-01 4.462016e-02
-6.110000e-01 4.427470e-02
-6.100000e-01 4.393236e-02
-6.090000e-01 4.359317e-02
-6.080000e-01 4.325714e-02
-6.070000e-01 4.292432e-02
-6.060000e-01 4.259470e-02
-6.050000e-01 4.226834e-02
-6.040000e-01 4.194523e-02
-6.030000e-01 4.162542e-02
-6.020000e-01 4.130893e-02
-6.010000e-01 4.099577e-02
-6.000000e-01 4.068598e-02
-5.990000e-01 4.037957e-02
-5.980000e-01 4.007658e-02
-5.970000e-01 3.977702e-02
-5.960000e-01 3.948092e-02
-5.950000e-01 3.918831e-02
-5.940000e-01 3.889920e-02
-5.930000e-01 3.861363e-02
-5.920000e-01 3.833162e-02
-5.910000e-01 3.805318e-02
-5.900000e-01 3.777835e-02
-5.890000e-01 3.750715e-02
-5.880000e-01 3.723961e-02
-5.870000e-01 3.697574e-02
-5.860000e-01 3.671557e-02
-5.850000e-01 3.645913e-02
-5.840000e-01 3.620644e-02
-5.830000e-01 3.595753e-02
-5.820000e-01 3.571241e-02
-5.810000e-01 3.547112e-02
-5.800000e-01 3.523367e-02
-5.790000e-01 3.500010e-02
-5.780000e-01 3.477041e-02
-5.770000e-01 3.454460e-02
-5.760000e-01 3.432263e-02
-5.750000e-01 3.410449e-02
-5.740000e-01 3.389014e-02
-5.730000e-01 3.367957e-02
-5.720000e-01 3.347274e-02
-5.710000e-01 3.326963e-02
-5.700000e-01 3.307022e-02
-5.690000e-01 3.287447e-02
-5.680000e-01 3.268238e-02
-5.670000e-01 3.249390e-02
-5.660000e-01 3.230901e-02
-5.650000e-01 3.212770e-02
-5.640000e-01 3.194992e-02
-5.630000e-01 3.177567e-02
-5.620000e-01 3.160491e-02
-5.610000e-01 3.143761e-02
-5.600000e-01 3.127376e-02
-5.590000e-01 3.111333e-02
-5.580000e-01 3.095628e-02
-5.570000e-01 3.080260e-02
-5.560000e-01 3.065227e-02
-5.550000e-01 3.050524e-02
-5.540000e-01 3.036151e-02
-5.530000e-01 3.022104e-02
-5.520000e-01 3.008382e-02
-5.510000e-01 2.994980e-02
-5.500000e-01 2.981898e-02
-5.490000e-01 2.969132e-02
-5.480000e-01 2.956679e-02
-5.470000e-01 2.944538e-02
-5.460000e-01 2.932706e-02
-5.450000e-01 2.921179e-02
-5.440000e-01 2.909957e-02
-5.430000e-01 2.899035e-02
-5.420000e-01 2.888413e-02
-5.410000e-01 2.878086e-02
-5.400000e-01 2.868053e-02
-5.390000e-01 2.858310e-02
-5.380000e-01 2.848857e-02
-5.370000e-01 2.839689e-02
-5.360000e-01 2.830804e-02
-5.350000e-01 2.822201e-02
-5.340000e-01 2.813875e-02
-5.330000e-01 2.805826e-02
-5.320000e-01 2.798050e-02
-5.310000e-01 2.790544e-02
-5.300000e-01 2.783307e-02
-5.290000e-01 2.776335e-02
-5.280000e-01 2.769627e-02
-5.270000e-01 2.763179e-02
-5.260000e-01 2.756989e-02
-5.250000e-01 2.751054e-02
-5.240000e-01 2.745373e-02
-5.230000e-01 2.739942e-02
-5.220000e-01 2.734759e-02
-5.210000e-01 2.729821e-02
-5.200000e-01 2.725127e-02
-5.190000e-01 2.720672e-02
-5.180000e-01 2.716455e-02
-5.170000e-01 2.712474e-02
-5.160000e-01 2.708725e-02
-5.150000e-01 2.705207e-02
-5.140000e-01 2.701916e-02
-5.130000e-01 2.698850e-02
-5.120000e-01 2.696007e-02
-5.110000e-01 2.693384e-02
-5.100000e-01 2.690978e-02
-5.090000e-01 2.688787e-02
-5.080000e-01 2.686809e-02
-5.070000e-01 2.685041e-02
-5.060000e-01 2.683480e-02
-5.050000e-01 2.682124e-02
-5.040000e-01 2.680970e-02
-5.030000e-01 2.680016e-02
-5.020000e-01 2.679259e-02
-5.010000e-01 2.678697e-02
-5.000000e-01 2.678327e-02
-4.990000e-01 2.678147e-02
-4.980000e-01 2.678154e-02
-4.970000e-01 2.678346e-02
-4.960000e-01 2.678719e-02
-4.950000e-01 2.679272e-02
-4.940000e-01 2.680002e-02
-4.930000e-01 2.680906e-02
-4.920000e-01 2.681983e-02
-4.910000e-01 2.683228e-02
-4.900000e-01 2.684641e-02
-4.890000e-01 2.686218e-02
-4.880000e-01 2.687956e-02
-4.870000e-01 2.689854e-02
-4.860000e-01 2.691908e-02
-4.850000e-01 2.694117e-02
-4.840000e-01 2.696477e-02
-4.830000e-01 2.698987e-02
-4.820000e-01 2.701643e-02
-4.810000e-01 2.704443e-02
-4.800000e-01 2.707384e-02
-4.790000e-01 2.710465e-02
-4.780000e-01 2.713681e-02
-4.770000e-01 2.717032e-02
-4.760000e-01 2.720514e-02
-4.750000e-01 2.724125e-02
-4.740000e-01 2.727863e-02
-4.730000e-01 2.731724e-02
-4.720000e-01 2.735713e-02
-4.710000e-01 2.739836e-02
-4.700000e-01 2.744100e-02
-4.690000e-01 2.748510e-02
-4.680000e-01 2.753075e-02
-4.670000e-01 2.757800e-02
-4.660000e-01 2.762691e-02
-4.650000e-01 2.767756e-02
-4.640000e-01 2.773001e-02
-4.630000e-01 2.778432e-02
-4.620000e-01 2.784057e-02
-4.610000e-01 2.789881e-02
-4.600000e-01 2.795912e-02
-4.590000e-01 2.802155e-02
-4.580000e-01 2.808617e-02
-4.570000e-01 2.815306e-02
-4.560000e-01 2.822227e-02
-4.550000e-01 2.829387e-02
-4.540000e-01 2.836793e-02
-4.530000e-01 2.844451e-02
-4.520000e-01 2.852367e-02
-4.510000e-01 2.860549e-02
-4.500000e-01 2.869003e-02
-4.490000e-01 2.877735e-02
-4.480000e-01 2.886752e-02
-4.470000e-01 2.896061e-02
-4.460000e-01 2.905668e-02
-4.450000e-01 2.915580e-02
-4.440000e-01 2.925803e-02
-4.430000e-01 2.936343e-02
-4.420000e-01 2.947208e-02
-4.410000e-01 2.958405e-02
-4.400000e-01 2.969938e-02
-4.390000e-01 2.981816e-02
-4.380000e-01 2.994044e-02
-4.370000e-01 3.006630e-02
-4.360000e-01 3.019579e-02
-4.350000e-01 3.032899e-02
-4.340000e-01 3.046595e-02
-4.330000e-01 3.060675e-02
-4.320000e-01 3.075146e-02
-4.310000e-01 3.090012e-02
-4.300000e-01 3.105282e-02
-4.290000e-01 3.120962e-02
-4.280000e-01 3.137058e-02
-4.270000e-01 3.153576e-02
-4.260000e-01 3.170525e-02
-4.250000e-01 3.187909e-02
-4.240000e-01 3.205736e-02
-4.230000e-01 3.224012e-02
-4.220000e-01 3.242743e-02
-4.210000e-01 3.261937e-02
-4.200000e-01 3.281600e-02
-4.190000e-01 3.301738e-02
-4.180000e-01 3.322358e-02
-4.170000e-01 3.343466e-02
-4.160000e-01 3.365070e-02
-4.150000e-01 3.387175e-02
-4.140000e-01 3.409788e-02
-4.130000e-01 3.432917e-02
-4.120000e-01 3.456566e-02
-4.110000e-01 3.480743e-02
-4.100000e-01 3.505455e-02
-4.090000e-01 3.530708e-02
-4.080000e-01 3.556509e-02
-4.070000e-01 3.582863e-02
-4.060000e-01 3.609779e-02
-4.050000e-01 3.637262e-02
-4.040000e-01 3.665318e-02
-4.030000e-01 3.693955e-02
-4.020000e-01 3.723179e-02
-4.010000e-01 3.752997e-02
-4.000000e-01 3.783414e-02
-3.990000e-01 3.814438e-02
-3.980000e-01 3.846076e-02
-3.970000e-01 3.878333e-02
-3.960000e-01 3.911217e-02
-3.950000e-01 3.944734e-02
-3.940000e-01 3.978890e-02
-3.930000e-01 4.013692e-02
-3.920000e-01 4.049147e-02
-3.910000e-01 4.085261e-02
-3.900000e-01 4.122041e-02
-3.890000e-01 4.159493e-02
-3.880000e-01 4.197624e-02
-3.870000e-01 4.236440e-02
-3.860000e-01 4.275949e-02
-3.850000e-01 4.316156e-02
-3.840000e-01 4.357068e-02
-3.830000e-01 4.398692e-02
-3.820000e-01 4.441034e-02
-3.810000e-01 4.484101e-02
-3.800000e-01 4.527900e-02
-3.790000e-01 4.572436e-02
-3.780000e-01 4.617717e-02
-3.770000e-01 4.663749e-02
-3.760000e-01 4.710539e-02
-3.750000e-01 4.758093e-02
-3.740000e-01 4.806418e-02
-3.730000e-01 4.855520e-02
-3.720000e-01 4.905406e-02
-3.710000e-01 4.956082e-02
-3.700000e-01 5.007556e-02
-3.690000e-01 5.059833e-02
-3.680000e-01 5.112920e-02
-3.670000e-01 5.166812e-02
-3.660000e-01 5.221489e-02
-3.650000e-01 5.276933e-02
-3.640000e-01 5.333122e-02
-3.630000e-01 5.390037e-02
-3.620000e-01 5.447658e-02
-3.610000e-01 5.505966e-02
-3.600000e-01 5.564939e-02
-3.590000e-01 5.624559e-02
-3.580000e-01 5.684805e-02
-3.570000e-01 5.745658e-02
-3.560000e-01 5.807098e-02
-3.550000e-01 5.869104e-02
-3.540000e-01 5.931657e-02
-3.530000e-01 5.994737e-02
-3.520000e-01 6.058323e-02
-3.510000e-01 6.122397e-02
-3.500000e-01 6.186938e-02
-3.490000e-01 6.251926e-02
-3.480000e-01 6.317342e-02
-3.470000e-01 6.383165e-02
-3.460000e-01 6.449375e-02
-3.450000e-01 6.515953e-02
-3.440000e-01 6.582879e-02
-3.430000e-01 6.650132e-02
-3.420000e-01 6.717694e-02
-3.410000e-01 6.785543e-02
-3.400000e-01 6.853661e-02
-3.390000e-01 6.922026e-02
-3.380000e-01 6.990620e-02
-3.370000e-01 7.059422e-02
-3.360000e-01 7.128412e-02
-3.350000e-01 7.197571e-02
-3.340000e-01 7.266879e-02
-3.330000e-01 7.336315e-02
-3.320000e-01 7.405861e-02
-3.310000e-01 7.475494e-02
-3.300000e-01 7.545197e-02
-3.290000e-01 7.614949e-02
-3.280000e-01 7.684730e-02
-3.270000e-01 7.754521e-02
-3.260000e-01 7.824301e-02
-3.250000e-01 7.894050e-02
-3.240000e-01 7.963748e-02
-3.230000e-01 8.033376e-02
-3.220000e-01 8.102914e-02
-3.210000e-01 8.172342e-02
-3.200000e-01 8.241639e-02
-3.190000e-01 8.310787e-02
-3.180000e-01 8.379764e-02
-3.170000e-01 8.448552e-02
-3.160000e-01 8.517130e-02
-3.150000e-01 8.585478e-02
-3.140000e-01 8.653577e-02
-3.130000e-01 8.721406e-02
-3.120000e-01 8.788946e-02
-3.110000e-01 8.856176e-02
-3.100000e-01 8.923077e-02
-3.090000e-01 8.989630e-02
-3.080000e-01 9.055813e-02
-3.070000e-01 9.121607e-02
-3.060000e-01 9.186992e-02
-3.050000e-01 9.251948e-02
-3.040000e-01 9.316456e-02
-3.030000e-01 9.380495e-02
-3.020000e-01 9.444046e-02
-3.010000e-01 9.507088e-02
-3.000000e-01 9.569602e-02
-2.990000e-01 9.631568e-02
-2.980000e-01 9.692966e-02
-2.970000e-01 9.753775e-02
-2.960000e-01 9.813977e-02
-2.950000e-01 9.873550e-02
-2.940000e-01 9.932476e-02
-2.930000e-01 9.990735e-02
-2.920000e-01 1.004831e-01
-2.910000e-01 1.010517e-01
-2.900000e-01 1.016130e-01
-2.890000e-01 1.021669e-01
-2.880000e-01 1.027131e-01
-2.870000e-01 1.032515e-01
-2.860000e-01 1.037818e-01
-2.850000e-01 1.043038e-01
-2.840000e-01 1.048173e-01
-2.830000e-01 1.053222e-01
-2.820000e-01 1.058181e-01
-2.810000e-01 1.063051e-01
-2.800000e-01 1.067827e-01
-2.790000e-01 1.072510e-01
-2.780000e-01 1.077095e-01
-2.770000e-01 1.081582e-01
-2.760000e-01 1.085968e-01
-2.750000e-01 1.090251e-01
-2.740000e-01 1.094430e-01
-2.730000e-01 1.098503e-01
-2.720000e-01 1.102467e-01
-2.710000e-01 1.106320e-01
-2.700000e-01 1.110060e-01
-2.690000e-01 1.113687e-01
-2.680000e-01 1.117196e-01
-2.670000e-01 1.120587e-01
-2.660000e-01 1.123858e-01
-2.650000e-01 1.127006e-01
-2.640000e-01 1.130029e-01
-2.630000e-01 1.132926e-01
-2.620000e-01 1.135698e-01
-2.610000e-01 1.138351e-01
-2.600000e-01 1.140895e-01
-2.590000e-01 1.143340e-01
-2.580000e-01 1.145692e-01
-2.570000e-01 1.147963e-01
-2.560000e-01 1.150160e-01
-2.550000e-01 1.152292e-01
-2.540000e-01 1.154368e-01
-2.530000e-01 1.156397e-01
-2.520000e-01 1.158388e-01
-2.510000e-01 1.160350e-01
-2.500000e-01 1.162292e-01
-2.490000e-01 1.164221e-01
-2.480000e-01 1.166149e-01
-2.470000e-01 1.168082e-01
-2.460000e-01 1.170030e-01
-2.450000e-01 1.172003e-01
-2.440000e-01 1.174008e-01
-2.430000e-01 1.176055e-01
-2.420000e-01 1.178152e-01
-2.410000e-01 1.180308e-01
-2.400000e-01 1.182533e-01
-2.390000e-01 1.184835e-01
-2.380000e-01 1.187223e-01
-2.370000e-01 1.189706e-01
-2.360000e-01 1.192292e-01
-2.350000e-01 1.194991e-01
-2.340000e-01 1.197811e-01
-2.330000e-01 1.200762e-01
-2.320000e-01 1.203852e-01
-2.310000e-01 1.207090e-01
-2.300000e-01 1.210484e-01
-2.290000e-01 1.214045e-01
-2.280000e-01 1.217780e-01
-2.270000e-01 1.221698e-01
-2.260000e-01 1.225809e-01
-2.250000e-01 1.230121e-01
-2.240000e-01 1.234643e-01
-2.230000e-01 1.239383e-01
-2.220000e-01 1.244352e-01
-2.210000e-01 1.249557e-01
-2.200000e-01 1.255008e-01
-2.190000e-01 1.260713e-01
-2.180000e-01 1.266682e-01
-2.170000e-01 1.272922e-01
-2.160000e-01 1.279444e-01
-2.150000e-01 1.286255e-01
-2.140000e-01 1.293365e-01
-2.130000e-01 1.300782e-01
-2.120000e-01 1.308516e-01
-2.110000e-01 1.316575e-01
-2.100000e-01 1.324969e-01
-2.090000e-01 1.333705e-01
-2.080000e-01 1.342793e-01
-2.070000e-01 1.352242e-01
-2.060000e-01 1.362061e-01
-2.050000e-01 1.372257e-01
-2.040000e-01 1.382842e-01
-2.030000e-01 1.393822e-01
-2.020000e-01 1.405208e-01
-2.010000e-01 1.417007e-01
-2.000000e-01 1.429229e-01
-1.990000e-01 1.441883e-01
-1.980000e-01 1.454978e-01
-1.970000e-01 1.468521e-01
-1.960000e-01 1.482523e-01
-1.950000e-01 1.496992e-01
-1.940000e-01 1.511937e-01
-1.930000e-01 1.527367e-01
-1.920000e-01 1.543291e-01
-1.910000e-01 1.559717e-01
-1.900000e-01 1.576654e-01
-1.890000e-01 1.594112e-01
-1.880000e-01 1.612099e-01
-1.870000e-01 1.630624e-01
-1.860000e-01 1.649696e-01
-1.850000e-01 1.669323e-01
-1.840000e-01 1.689515e-01
-1.830000e-01 1.710281e-01
-1.820000e-01 1.731629e-01
-1.810000e-01 1.753568e-01
-1.800000e-01 1.776107e-01
-1.790000e-01 1.799255e-01
-1.780000e-01 1.823021e-01
-1.770000e-01 1.847413e-01
-1.760000e-01 1.872441e-01
-1.750000e-01 1.898113e-01
-1.740000e-01 1.924439e-01
-1.730000e-01 1.951427e-01
-1.720000e-01 1.979085e-01
-1.710000e-01 2.007424e-01
-1.700000e-01 2.036451e-01
-1.690000e-01 2.066175e-01
-1.680000e-01 2.096607e-01
-1.670000e-01 2.127753e-01
-1.660000e-01 2.159623e-01
-1.650000e-01 2.192227e-01
-1.640000e-01 2.225572e-01
-1.630000e-01 2.259669e-01
-1.620000e-01 2.294524e-01
-1.610000e-01 2.330148e-01
-1.600000e-01 2.366550e-01
-1.590000e-01 2.403738e-01
-1.580000e-01 2.441720e-01
-1.570000e-01 2.480503e-01
-1.560000e-01 2.520072e-01
-1.550000e-01 2.560406e-01
-1.540000e-01 2.601484e-01
-1.530000e-01 2.643284e-01
-1.520000e-01 2.685786e-01
-1.510000e-01 2.728968e-01
-1.500000e-01 2.772809e-01
-1.490000e-01 2.817289e-01
-1.480000e-01 2.862385e-01
-1.470000e-01 2.908077e-01
-1.460000e-01 2.954345e-01
-1.450000e-01 3.001165e-01
-1.440000e-01 3.048519e-01
-1.430000e-01 3.096384e-01
-1.420000e-01 3.144739e-01
-1.410000e-01 3.193563e-01
-1.400000e-01 3.242835e-01
-1.390000e-01 3.292535e-01
-1.380000e-01 3.342640e-01
-1.370000e-01 3.393130e-01
-1.360000e-01 3.443983e-01
-1.350000e-01 3.495180e-01
-1.340000e-01 3.546697e-01
-1.330000e-01 3.598515e-01
-1.320000e-01 3.650612e-01
-1.310000e-01 3.702967e-01
-1.300000e-01 3.755558e-01
-1.290000e-01 3.808366e-01
-1.280000e-01 3.861368e-01
-1.270000e-01 3.914544e-01
-1.260000e-01 3.967872e-01
-1.250000e-01 4.021332e-01
-1.240000e-01 4.074902e-01
-1.230000e-01 4.128561e-01
-1.220000e-01 4.182288e-01
-1.210000e-01 4.236062e-01
-1.200000e-01 4.289861e-01
-1.190000e-01 4.343665e-01
-1.180000e-01 4.397453e-01
-1.170000e-01 4.451203e-01
-1.160000e-01 4.504894e-01
-1.150000e-01 4.558506e-01
-1.140000e-01 4.612017e-01
-1.130000e-01 4.665405e-01
-1.120000e-01 4.718650e-01
-1.110000e-01 4.771731e-01
-1.100000e-01 4.824627e-01
-1.090000e-01 4.877316e-01
-1.080000e-01 4.929777e-01
-1.070000e-01 4.981990e-01
-1.060000e-01 5.033933e-01
-1.050000e-01 5.085584e-01
-1.040000e-01 5.136924e-01
-1.030000e-01 5.187930e-01
-1.020000e-01 5.238582e-01
-1.010000e-01 5.288859e-01
-1.000000e-01 5.338739e-01
-9.900000e-02 5.388201e-01
-9.800000e-02 5.437224e-01
-9.700000e-02 5.485788e-01
-9.600000e-02 5.533870e-01
-9.500000e-02 5.581450e-01
-9.400000e-02 5.628507e-01
-9.300000e-02 5.675020e-01
-9.200000e-02 5.720967e-01
-9.100000e-02 5.766327e-01
-9.000000e-02 5.811080e-01
-8.900000e-02 5.855203e-01
-8.800000e-02 5.898677e-01
-8.700000e-02 5.941480e-01
-8.600000e-02 5.983590e-01
-8.500000e-02 6.024987e-01
-8.400000e-02 6.065650e-01
-8.300000e-02 6.105557e-01
-8.200000e-02 6.144687e-01
-8.100000e-02 6.183019e-01
-8.000000e-02 6.220533e-01
-7.900000e-02 6.257206e-01
-7.800000e-02 6.293019e-01
-7.700000e-02 6.327949e-01
-7.600000e-02 6.361975e-01
-7.500000e-02 6.395078e-01
-7.400000e-02 6.427234e-01
-7.300000e-02 6.458424e-01
-7.200000e-02 6.488626e-01
-7.100000e-02 6.517819e-01
-7.000000e-02 6.545981e-01
-6.900000e-02 6.573093e-01
-6.800000e-02 6.599132e-01
-6.700000e-02 6.624078e-01
-6.600000e-02 6.647909e-01
-6.500000e-02 6.670605e-01
-6.400000e-02 6.692144e-01
-6.300000e-02 6.712505e-01
-6.200000e-02 6.731666e-01
-6.100000e-02 6.749608e-01
-6.000000e-02 6.766309e-01
-5.900000e-02 6.781747e-01
-5.800000e-02 6.795901e-01
-5.700000e-02 6.808751e-01
-5.600000e-02 6.820275e-01
-5.500000e-02 6.830452e-01
-5.400000e-02 6.839262e-01
-5.300000e-02 6.846682e-01
-5.200000e-02 6.852694e-01
-5.100000e-02 6.857300e-01
-5.000000e-02 6.860519e-01
-4.900000e-02 6.862370e-01
-4.800000e-02 6.862871e-01
-4.700000e-02 6.862042e-01
-4.600000e-02 6.859902e-01
-4.500000e-02 6.856469e-01
-4.400000e-02 6.851763e-01
-4.300000e-02 6.845802e-01
-4.200000e-02 6.838605e-01
-4.100000e-02 6.830191e-01
-4.000000e-02 6.820580e-01
-3.900000e-02 6.809790e-01
-3.800000e-02 6.797839e-01
-3.700000e-02 6.784748e-01
-3.600000e-02 6.770534e-01
-3.500000e-02 6.755217e-01
-3.400000e-02 6.738815e-01
-3.300000e-02 6.721349e-01
-3.200000e-02 6.702835e-01
-3.100000e-02 6.683294e-01
-3.000000e-02 6.662745e-01
-2.900000e-02 6.641205e-01
-2.800000e-02 6.618695e-01
-2.700000e-02 6.595233e-01
-2.600000e-02 6.570838e-01
-2.500000e-02 6.545529e-01
-2.400000e-02 6.519325e-01
-2.300000e-02 6.492244e-01
-2.200000e-02 6.464306e-01
-2.100000e-02 6.435530e-01
-2.000000e-02 6.405935e-01
-1.900000e-02 6.375538e-01
-1.800000e-02 6.344361e-01
-1.700000e-02 6.312420e-01
-1.600000e-02 6.279736e-01
-1.500000e-02 6.246327e-01
-1.400000e-02 6.212212e-01
-1.300000e-02 6.177410e-01
-1.200000e-02 6.141941e-01
-1.100000e-02 6.105821e-01
-1.000000e-02 6.069072e-01
-9.000000e-03 6.031711e-01
-8.000000e-03 5.993758e-01
-7.000000e-03 5.955232e-01
-6.000000e-03 5.916151e-01
-5.000000e-03 5.876534e-01
-4.000000e-03 5.836401e-01
-3.000000e-03 5.795770e-01
-2.000000e-03 5.754660e-01
-1.000000e-03 5.713090e-01
8.812395e-16 5.671079e-01
1.000000e-03 5.628646e-01
2.000000e-03 5.585810e-01
3.000000e-03 5.542590e-01
4.000000e-03 5.499004e-01
5.000000e-03 5.455072e-01
6.000000e-03 5.410812e-01
7.000000e-03 5.366244e-01
8.000000e-03 5.321387e-01
9.000000e-03 5.276258e-01
1.000000e-02 5.230878e-01
1.100000e-02 5.185265e-01
1.200000e-02 5.139438e-01
1.300000e-02 5.093416e-01
1.400000e-02 5.047218e-01
1.500000e-02 5.000862e-01
1.600000e-02 4.954369e-01
1.700000e-02 4.907756e-01
1.800000e-02 4.861043e-01
1.900000e-02 4.814248e-01
2.000000e-02 4.767390e-01
2.100000e-02 4.720489e-01
2.200000e-02 4.673564e-01
2.300000e-02 4.626632e-01
2.400000e-02 4.579714e-01
2.500000e-02 4.532828e-01
2.600000e-02 4.485992e-01
2.700000e-02 4.439227e-01
2.800000e-02 4.392550e-01
2.900000e-02 4.345981e-01
3.000000e-02 4.299539e-01
3.100000e-02 4.253242e-01
3.200000e-02 4.207110e-01
3.300000e-02 4.161161e-01
3.400000e-02 4.115415e-01
3.500000e-02 4.069890e-01
3.600000e-02 4.024605e-01
3.700000e-02 3.979579e-01
3.800000e-02 3.934831e-01
3.900000e-02 3.890380e-01
4.000000e-02 3.846245e-01
4.100000e-02 3.802445e-01
4.200000e-02 3.758998e-01
4.300000e-02 3.715925e-01
4.400000e-02 3.673242e-01
4.500000e-02 3.630971e-01
4.600000e-02 3.589128e-01
4.700000e-02 3.547734e-01
4.800000e-02 3.506808e-01
4.900000e-02 3.466367e-01
5.000000e-02 3.426431e-01
5.100000e-02 3.387020e-01
5.200000e-02 3.348151e-01
5.300000e-02 3.309845e-01
5.400000e-02 3.272108e-01
5.500000e-02 3.234938e-01
5.600000e-02 3.198329e-01
5.700000e-02 3.162274e-01
5.800000e-02 3.126768e-01
5.900000e-02 3.091806e-01
6.000000e-02 3.057381e-01
6.100000e-02 3.023489e-01
6.200000e-02 2.990123e-01
6.300000e-02 2.957278e-01
6.400000e-02 2.924948e-01
6.500000e-02 2.893128e-01
6.600000e-02 2.861811e-01
6.700000e-02 2.830993e-01
6.800000e-02 2.800668e-01
6.900000e-02 2.770829e-01
7.000000e-02 2.741472e-01
7.100000e-02 2.712590e-01
7.200000e-02 2.684178e-01
7.300000e-02 2.656230e-01
7.400000e-02 2.628741e-01
7.500000e-02 2.601705e-01
7.600000e-02 2.575117e-01
7.700000e-02 2.548970e-01
7.800000e-02 2.523259e-01
7.900000e-02 2.497979e-01
8.000000e-02 2.473123e-01
8.100000e-02 2.448686e-01
8.200000e-02 2.424663e-01
8.300000e-02 2.401047e-01
8.400000e-02 2.377834e-01
8.500000e-02 2.355017e-01
8.600000e-02 2.332591e-01
8.700000e-02 2.310550e-01
8.800000e-02 2.288888e-01
8.900000e-02 2.267600e-01
9.000000e-02 2.246681e-01
9.100000e-02 2.226124e-01
9.200000e-02 2.205924e-01
9.300000e-02 2.186075e-01
9.400000e-02 2.166571e-01
9.500000e-02 2.147408e-01
9.600000e-02 2.128579e-01
9.700000e-02 2.110078e-01
9.800000e-02 2.091900e-01
9.900000e-02 2.074040e-01
1.000000e-01 2.056491e-01
1.010000e-01 2.039249e-01
1.020000e-01 2.022306e-01
1.030000e-01 2.005658e-01
1.040000e-01 1.989300e-01
1.050000e-01 1.973224e-01
1.060000e-01 1.957427e-01
1.070000e-01 1.941901e-01
1.080000e-01 1.926642e-01
1.090000e-01 1.911643e-01
1.100000e-01 1.896900e-01
1.110000e-01 1.882406e-01
1.120000e-01 1.868156e-01
1.130000e-01 1.854144e-01
1.140000e-01 1.840364e-01
1.150000e-01 1.826812e-01
1.160000e-01 1.813480e-01
1.170000e-01 1.800364e-01
1.180000e-01 1.787458e-01
1.190000e-01 1.774756e-01
1.200000e-01 1.762252e-01
1.210000e-01 1.749942e-01
1.220000e-01 1.737819e-01
1.230000e-01 1.725877e-01
1.240000e-01 1.714111e-01
1.250000e-01 1.702516e-01
1.260000e-01 1.691085e-01
1.270000e-01 1.679813e-01
1.280000e-01 1.668694e-01
1.290000e-01 1.657723e-01
1.300000e-01 1.646894e-01
1.310000e-01 1.636202e-01
1.320000e-01 1.625640e-01
1.330000e-01 1.615203e-01
1.340000e-01 1.604886e-01
1.350000e-01 1.594682e-01
1.360000e-01 1.584587e-01
1.370000e-01 1.574593e-01
1.380000e-01 1.564697e-01
1.390000e-01 1.554892e-01
1.400000e-01 1.545172e-01
1.410000e-01 1.535532e-01
1.420000e-01 1.525966e-01
1.430000e-01 1.516469e-01
1.440000e-01 1.507034e-01
1.450000e-01 1.497657e-01
1.460000e-01 1.488331e-01
1.470000e-01 1.479051e-01
1.480000e-01 1.469811e-01
1.490000e-01 1.460606e-01
1.500000e-01 1.451430e-01
1.510000e-01 1.442277e-01
1.520000e-01 1.433142e-01
1.530000e-01 1.424019e-01
1.540000e-01 1.414902e-01
1.550000e-01 1.405785e-01
1.560000e-01 1.396664e-01
1.570000e-01 1.387532e-01
1.580000e-01 1.378383e-01
1.590000e-01 1.369215e-01
1.600000e-01 1.360025e-01
1.610000e-01 1.350816e-01
1.620000e-01 1.341588e-01
1.630000e-01 1.332342e-01
1.640000e-01 1.323078e-01
1.650000e-01 1.313798e-01
1.660000e-01 1.304502e-01
1.670000e-01 1.295191e-01
1.680000e-01 1.285865e-01
1.690000e-01 1.276526e-01
1.700000e-01 1.267175e-01
1.710000e-01 1.257811e-01
1.720000e-01 1.248437e-01
1.730000e-01 1.239051e-01
1.740000e-01 1.229657e-01
1.750000e-01 1.220253e-01
1.760000e-01 1.210842e-01
1.770000e-01 1.201423e-01
1.780000e-01 1.191998e-01
1.790000e-01 1.182567e-01
1.800000e-01 1.173131e-01
1.810000e-01 1.163691e-01
1.820000e-01 1.154247e-01
1.830000e-01 1.144801e-01
1.840000e-01 1.135353e-01
1.850000e-01 1.125904e-01
1.860000e-01 1.116455e-01
1.870000e-01 1.107007e-01
1.880000e-01 1.097560e-01
1.890000e-01 1.088114e-01
1.900000e-01 1.078672e-01
1.910000e-01 1.069233e-01
1.920000e-01 1.059799e-01
1.930000e-01 1.050370e-01
1.940000e-01 1.040947e-01
1.950000e-01 1.031531e-01
1.960000e-01 1.022122e-01
1.970000e-01 1.012722e-01
1.980000e-01 1.003331e-01
1.990000e-01 9.939492e-02
2.000000e-01 9.845784e-02
2.010000e-01 9.752191e-02
2.020000e-01 9.658721e-02
2.030000e-01 9.565380e-02
2.040000e-01 9.472177e-02
2.050000e-01 9.379120e-02
2.060000e-01 9.286216e-02
2.070000e-01 9.193474e-02
2.080000e-01 9.100900e-02
2.090000e-01 9.008503e-02
2.100000e-01 8.916291e-02
2.110000e-01 8.824271e-02
2.120000e-01 8.732451e-02
2.130000e-01 8.640839e-02
2.140000e-01 8.549443e-02
2.150000e-01 8.458271e-02
2.160000e-01 8.367330e-02
2.170000e-01 8.276628e-02
2.180000e-01 8.186172e-02
2.190000e-01 8.095972e-02
2.200000e-01 8.006034e-02
2.210000e-01 7.916366e-02
2.220000e-01 7.826977e-02
2.230000e-01 7.737873e-02
2.240000e-01 7.649063e-02
2.250000e-01 7.560555e-02
2.260000e-01 7.472356e-02
2.270000e-01 7.384473e-02
2.280000e-01 7.296916e-02
2.290000e-01 7.209691e-02
2.300000e-01 7.122807e-02
2.310000e-01 7.036271e-02
2.320000e-01 6.950091e-02
2.330000e-01 6.864275e-02
2.340000e-01 6.778831e-02
2.350000e-01 6.693765e-02
2.360000e-01 6.609087e-02
2.370000e-01 6.524805e-02
2.380000e-01 6.440924e-02
2.390000e-01 6.357455e-02
2.400000e-01 6.274404e-02
2.410000e-01 6.191779e-02
2.420000e-01 6.109588e-02
2.430000e-01 6.027838e-02
2.440000e-01 5.946539e-02
2.450000e-01 5.865696e-02
2.460000e-01 5.785319e-02
2.470000e-01 5.705415e-02
2.480000e-01 5.625991e-02
2.490000e-01 5.547056e-02
2.500000e-01 5.468617e-02
2.510000e-01 5.390683e-02
2.520000e-01 5.313260e-02
2.530000e-01 5.236357e-02
2.540000e-01 5.159981e-02
2.550000e-01 5.084141e-02
2.560000e-01 5.008844e-02
2.570000e-01 4.934097e-02
2.580000e-01 4.859909e-02
2.590000e-01 4.786288e-02
2.600000e-01 4.713241e-02
2.610000e-01 4.640776e-02
2.620000e-01 4.568901e-02
2.630000e-01 4.497623e-02
2.640000e-01 4.426950e-02
2.650000e-01 4.356880e-02
2.660000e-01 4.287409e-02
2.670000e-01 4.218534e-02
2.680000e-01 4.150250e-02
2.690000e-01 4.082553e-02
2.700000e-01 4.015439e-02
2.710000e-01 3.948905e-02
2.720000e-01 3.882946e-02
2.730000e-01 3.817558e-02
2.740000e-01 3.752738e-02
2.750000e-01 3.688481e-02
2.760000e-01 3.624783e-02
2.770000e-01 3.561640e-02
2.780000e-01 3.499049e-02
2.790000e-01 3.437005e-02
2.800000e-01 3.375504e-02
2.810000e-01 3.314543e-02
2.820000e-01 3.254117e-02
2.830000e-01 3.194222e-02
2.840000e-01 3.134854e-02
2.850000e-01 3.076010e-02
2.860000e-01 3.017685e-02
2.870000e-01 2.959875e-02
2.880000e-01 2.902577e-02
2.890000e-01 2.845785e-02
2.900000e-01 2.789498e-02
2.910000e-01 2.733709e-02
2.920000e-01 2.678416e-02
2.930000e-01 2.623614e-02
2.940000e-01 2.569299e-02
2.950000e-01 2.515468e-02
2.960000e-01 2.462115e-02
2.970000e-01 2.409239e-02
2.980000e-01 2.356833e-02
2.990000e-01 2.304895e-02
3.000000e-01 2.253420e-02
3.010000e-01 2.202404e-02
3.020000e-01 2.151844e-02
3.030000e-01 2.101734e-02
3.040000e-01 2.052073e-02
3.050000e-01 2.002854e-02
3.060000e-01 1.954075e-02
3.070000e-01 1.905731e-02
3.080000e-01 1.857818e-02
3.090000e-01 1.810333e-02
3.100000e-01 1.763271e-02
3.110000e-01 1.716628e-02
3.120000e-01 1.670400e-02
3.130000e-01 1.624584e-02
3.140000e-01 1.579175e-02
3.150000e-01 1.534170e-02
3.160000e-01 1.489563e-02
3.170000e-01 1.445352e-02
3.180000e-01 1.401533e-02
3.190000e-01 1.358100e-02
3.200000e-01 1.315051e-02
3.210000e-01 1.272381e-02
3.220000e-01 1.230087e-02
3.230000e-01 1.188163e-02
3.240000e-01 1.146607e-02
3.250000e-01 1.105415e-02
3.260000e-01 1.064581e-02
3.270000e-01 1.024103e-02
3.280000e-01 9.839763e-03
3.290000e-01 9.441968e-03
3.300000e-01 9.047606e-03
3.310000e-01 8.656636e-03
3.320000e-01 8.269020e-03
3.330000e-01 7.884717e-03
3.340000e-01 7.503687e-03
3.350000e-01 7.125889e-03
3.360000e-01 6.751285e-03
3.370000e-01 6.379833e-03
3.380000e-01 6.011495e-03
3.390000e-01 5.646229e-03
3.400000e-01 5.283997e-03
3.410000e-01 4.924757e-03
3.420000e-01 4.568471e-03
3.430000e-01 4.215097e-03
3.440000e-01 3.864597e-03
3.450000e-01 3.516929e-03
3.460000e-01 3.172054e-03
3.470000e-01 2.829933e-03
3.480000e-01 2.490524e-03
3.490000e-01 2.153788e-03
3.500000e-01 1.819686e-03
3.510000e-01 1.488176e-03
3.520000e-01 1.159219e-03
3.530000e-01 8.327757e-04
3.540000e-01 5.088050e-04
3.550000e-01 1.872673e-04
3.560000e-01 -1.318774e-04
3.570000e-01 -4.486691e-04
3.580000e-01 -7.631477e-04
3.590000e-01 -1.075353e-03
3.600000e-01 -1.385326e-03
3.610000e-01 -1.693106e-03
3.620000e-01 -1.998732e-03
3.630000e-01 -2.302246e-03
3.640000e-01 -2.603686e-03
3.650000e-01 -2.903094e-03
3.660000e-01 -3.200508e-03
3.670000e-01 -3.495970e-03
3.680000e-01 -3.789518e-03
3.690000e-01 -4.081192e-03
3.700000e-01 -4.371006e-03
3.710000e-01 -4.658952e-03
3.720000e-01 -4.945025e-03
3.730000e-01 -5.229219e-03
3.740000e-01 -5.511525e-03
3.750000e-01 -5.791938e-03
3.760000e-01 -6.070451e-03
3.770000e-01 -6.347057e-03
3.780000e-01 -6.621750e-03
3.790000e-01 -6.894522e-03
3.800000e-01 -7.165368e-03
3.810000e-01 -7.434281e-03
3.820000e-01 -7.701253e-03
3.830000e-01 -7.966279e-03
3.840000e-01 -8.229351e-03
3.850000e-01 -8.490463e-03
3.860000e-01 -8.749608e-03
3.870000e-01 -9.006780e-03
3.880000e-01 -9.261971e-03
3.890000e-01 -9.515176e-03
3.900000e-01 -9.766387e-03
3.910000e-01 -1.001560e-02
3.920000e-01 -1.026280e-02
3.930000e-01 -1.050799e-02
3.940000e-01 -1.075116e-02
3.950000e-01 -1.099231e-02
3.960000e-01 -1.123142e-02
3.970000e-01 -1.146849e-02
3.980000e-01 -1.170351e-02
3.990000e-01 -1.193648e-02
4.000000e-01 -1.216739e-02
4.010000e-01 -1.239624e-02
4.020000e-01 -1.262300e-02
4.030000e-01 -1.284769e-02
4.040000e-01 -1.307030e-02
4.050000e-01 -1.329081e-02
4.060000e-01 -1.350921e-02
4.070000e-01 -1.372552e-02
4.080000e-01 -1.393970e-02
4.090000e-01 -1.415177e-02
4.100000e-01 -1.436171e-02
4.110000e-01 -1.456952e-02
4.120000e-01 -1.477519e-02
4.130000e-01 -1.497871e-02
4.140000e-01 -1.518007e-02
4.150000e-01 -1.537928e-02
4.160000e-01 -1.557632e-02
4.170000e-01 -1.577119e-02
4.180000e-01 -1.596387e-02
4.190000e-01 -1.615437e-02
4.200000e-01 -1.634268e-02
4.210000e-01 -1.652878e-02
4.220000e-01 -1.671268e-02
4.230000e-01 -1.689436e-02
4.240000e-01 -1.707383e-02
4.250000e-01 -1.725106e-02
4.260000e-01 -1.742607e-02
4.270000e-01 -1.759883e-02
4.280000e-01 -1.776935e-02
4.290000e-01 -1.793761e-02
4.300000e-01 -1.810361e-02
4.310000e-01 -1.826735e-02
4.320000e-01 -1.842881e-02
4.330000e-01 -1.858799e-02
4.340000e-01 -1.874488e-02
4.350000e-01 -1.889949e-02
4.360000e-01 -1.905179e-02
4.370000e-01 -1.920178e-02
4.380000e-01 -1.934946e-02
4.390000e-01 -1.949482e-02
4.400000e-01 -1.963785e-02
4.410000e-01 -1.977855e-02
4.420000e-01 -1.991691e-02
4.430000e-01 -2.005292e-02
4.440000e-01 -2.018658e-02
4.450000e-01 -2.031787e-02
4.460000e-01 -2.044680e-02
4.470000e-01 -2.057336e-02
4.480000e-01 -2.069754e-02
4.490000e-01 -2.081932e-02
4.500000e-01 -2.093872e-02
4.510000e-01 -2.105571e-02
4.520000e-01 -2.117030e-02
4.530000e-01 -2.128248e-02
4.540000e-01 -2.139223e-02
4.550000e-01 -2.149956e-02
4.560000e-01 -2.160445e-02
4.570000e-01 -2.170690e-02
4.580000e-01 -2.180691e-02
4.590000e-01 -2.190446e-02
4.600000e-01 -2.199955e-02
4.610000e-01 -2.209217e-02
4.620000e-01 -2.218232e-02
4.630000e-01 -2.226999e-02
4.640000e-01 -2.235517e-02
4.650000e-01 -2.243786e-02
4.660000e-01 -2.251805e-02
4.670000e-01 -2.259573e-02
4.680000e-01 -2.267090e-02
4.690000e-01 -2.274355e-02
4.700000e-01 -2.281367e-02
4.710000e-01 -2.288125e-02
4.720000e-01 -2.294630e-02
4.730000e-01 -2.300879e-02
4.740000e-01 -2.306874e-02
4.750000e-01 -2.312613e-02
4.760000e-01 -2.318097e-02
4.770000e-01 -2.323327e-02
4.780000e-01 -2.328305e-02
4.790000e-01 -2.333030e-02
4.800000e-01 -2.337503e-02
4.810000e-01 -2.341727e-02
4.820000e-01 -2.345700e-02
4.830000e-01 -2.349425e-02
4.840000e-01 -2.352902e-02
4.850000e-01 -2.356131e-02
4.860000e-01 -2.359114e-02
4.870000e-01 -2.361852e-02
4.880000e-01 -2.364345e-02
4.890000e-01 -2.366595e-02
4.900000e-01 -2.368601e-02
4.910000e-01 -2.370366e-02
4.920000e-01 -2.371889e-02
4.930000e-01 -2.373171e-02
4.940000e-01 -2.374215e-02
4.950000e-01 -2.375019e-02
4.960000e-01 -2.375585e-02
4.970000e-01 -2.375915e-02
4.980000e-01 -2.376008e-02
4.990000e-01 -2.375866e-02
5.000000e-01 -2.375490e-02
5.010000e-01 -2.374880e-02
5.020000e-01 -2.374036e-02
5.030000e-01 -2.372961e-02
5.040000e-01 -2.371655e-02
5.050000e-01 -2.370119e-02
5.060000e-01 -2.368353e-02
5.070000e-01 -2.366358e-02
5.080000e-01 -2.364136e-02
5.090000e-01 -2.361687e-02
5.100000e-01 -2.359012e-02
5.110000e-01 -2.356111e-02
5.120000e-01 -2.352986e-02
5.130000e-01 -2.349638e-02
5.140000e-01 -2.346067e-02
5.150000e-01 -2.342274e-02
5.160000e-01 -2.338260e-02
5.170000e-01 -2.334025e-02
5.180000e-01 -2.329572e-02
5.190000e-01 -2.324900e-02
5.200000e-01 -2.320010e-02
5.210000e-01 -2.314903e-02
5.220000e-01 -2.309581e-02
5.230000e-01 -2.304043e-02
5.240000e-01 -2.298291e-02
5.250000e-01 -2.292326e-02
5.260000e-01 -2.286148e-02
5.270000e-01 -2.279758e-02
5.280000e-01 -2.273157e-02
5.290000e-01 -2.266347e-02
5.300000e-01 -2.259327e-02
5.310000e-01 -2.252098e-02
5.320000e-01 -2.244662e-02
5.330000e-01 -2.237020e-02
5.340000e-01 -2.229171e-02
5.350000e-01 -2.221118e-02
5.360000e-01 -2.212860e-02
5.370000e-01 -2.204399e-02
5.380000e-01 -2.195736e-02
5.390000e-01 -2.186871e-02
5.400000e-01 -2.177805e-02
5.410000e-01 -2.168539e-02
5.420000e-01 -2.159074e-02
5.430000e-01 -2.149411e-02
5.440000e-01 -2.139550e-02
5.450000e-01 -2.129493e-02
5.460000e-01 -2.119240e-02
5.470000e-01 -2.108792e-02
5.480000e-01 -2.098150e-02
5.490000e-01 -2.087315e-02
5.500000e-01 -2.076287e-02
5.510000e-01 -2.065068e-02
5.520000e-01 -2.053658e-02
5.530000e-01 -2.042058e-02
5.540000e-01 -2.030270e-02
5.550000e-01 -2.018293e-02
5.560000e-01 -2.006129e-02
5.570000e-01 -1.993778e-02
5.580000e-01 -1.981242e-02
5.590000e-01 -1.968521e-02
5.600000e-01 -1.955616e-02
5.610000e-01 -1.942528e-02
5.620000e-01 -1.929257e-02
5.630000e-01 -1.915806e-02
5.640000e-01 -1.902173e-02
5.650000e-01 -1.888361e-02
5.660000e-01 -1.874370e-02
5.670000e-01 -1.860201e-02
5.680000e-01 -1.845855e-02
5.690000e-01 -1.831332e-02
5.700000e-01 -1.816634e-02
5.710000e-01 -1.801761e-02
5.720000e-01 -1.786714e-02
5.730000e-01 -1.771495e-02
5.740000e-01 -1.756103e-02
5.750000e-01 -1.740540e-02
5.760000e-01 -1.724806e-02
5.770000e-01 -1.708903e-02
5.780000e-01 -1.692831e-02
5.790000e-01 -1.676591e-02
5.800000e-01 -1.660183e-02
5.810000e-01 -1.643604e-02
5.820000e-01 -1.626852e-02
5.830000e-01 -1.609922e-02
5.840000e-01 -1.592811e-02
5.850000e-01 -1.575516e-02
5.860000e-01 -1.558033e-02
5.870000e-01 -1.540359e-02
5.880000e-01 -1.522491e-02
5.890000e-01 -1.504426e-02
5.900000e-01 -1.486159e-02
5.910000e-01 -1.467688e-02
5.920000e-01 -1.449008e-02
5.930000e-01 -1.430118e-02
5.940000e-01 -1.411013e-02
5.950000e-01 -1.391690e-02
5.960000e-01 -1.372146e-02
5.970000e-01 -1.352377e-02
5.980000e-01 -1.332380e-02
5.990000e-01 -1.312151e-02
6.000000e-01 -1.291688e-02
6.010000e-01 -1.270986e-02
6.020000e-01 -1.250043e-02
6.030000e-01 -1.228855e-02
6.040000e-01 -1.207418e-02
6.050000e-01 -1.185730e-02
6.060000e-01 -1.163786e-02
6.070000e-01 -1.141584e-02
6.080000e-01 -1.119120e-02
6.090000e-01 -1.096391e-02
6.100000e-01 -1.073393e-02
6.110000e-01 -1.050124e-02
6.120000e-01 -1.026578e-02
6.130000e-01 -1.002754e-02
6.140000e-01 -9.786484e-03
6.150000e-01 -9.542569e-03
6.160000e-01 -9.295764e-03
6.170000e-01 -9.046037e-03
6.180000e-01 -8.793353e-03
6.190000e-01 -8.537679e-03
6.200000e-01 -8.278981e-03
6.210000e-01 -8.017225e-03
6.220000e-01 -7.752378e-03
6.230000e-01 -7.484405e-03
6.240000e-01 -7.213274e-03
6.250000e-01 -6.938949e-03
6.260000e-01 -6.661398e-03
6.270000e-01 -6.380587e-03
6.280000e-01 -6.096481e-03
6.290000e-01 -5.809047e-03
6.300000e-01 -5.518252e-03
6.310000e-01 -5.224061e-03
6.320000e-01 -4.926441e-03
6.330000e-01 -4.625358e-03
6.340000e-01 -4.320778e-03
6.350000e-01 -4.012668e-03
6.360000e-01 -3.700993e-03
6.370000e-01 -3.385720e-03
6.380000e-01 -3.066816e-03
6.390000e-01 -2.744246e-03
6.400000e-01 -2.417976e-03
6.410000e-01 -2.087973e-03
6.420000e-01 -1.754203e-03
6.430000e-01 -1.416633e-03
6.440000e-01 -1.075228e-03
6.450000e-01 -7.299546e-04
6.460000e-01 -3.807793e-04
6.470000e-01 -2.766827e-05
6.480000e-01 3.294123e-04
6.490000e-01 6.904963e-04
6.500000e-01 1.055617e-03
6.510000e-01 1.424809e-03
6.520000e-01 1.798106e-03
6.530000e-01 2.175541e-03
6.540000e-01 2.557148e-03
6.550000e-01 2.942961e-03
6.560000e-01 3.333014e-03
6.570000e-01 3.727340e-03
6.580000e-01 4.125974e-03
6.590000e-01 4.528948e-03
6.600000e-01 4.936298e-03
6.610000e-01 5.348056e-03
6.620000e-01 5.764256e-03
6.630000e-01 6.184932e-03
6.640000e-01 6.610119e-03
6.650000e-01 7.039849e-03
6.660000e-01 7.474156e-03
6.670000e-01 7.913075e-03
6.680000e-01 8.356638e-03
6.690000e-01 8.804880e-03
6.700000e-01 9.257835e-03
6.710000e-01 9.715536e-03
6.720000e-01 1.017802e-02
6.730000e-01 1.064531e-02
6.740000e-01 1.111745e-02
6.750000e-01 1.159448e-02
6.760000e-01 1.207642e-02
6.770000e-01 1.256331e-02
6.780000e-01 1.305518e-02
6.790000e-01 1.355206e-02
6.800000e-01 1.405400e-02
6.810000e-01 1.456102e-02
6.820000e-01 1.507316e-02
6.830000e-01 1.559045e-02
6.840000e-01 1.611293e-02
6.850000e-01 1.664061e-02
6.860000e-01 1.717346e-02
6.870000e-01 1.771138e-02
6.880000e-01 1.825429e-02
6.890000e-01 1.880210e-02
6.900000e-01 1.935474e-02
6.910000e-01 1.991211e-02
6.920000e-01 2.047414e-02
6.930000e-01 2.104074e-02
6.940000e-01 2.161181e-02
6.950000e-01 2.218729e-02
6.960000e-01 2.276709e-02
6.970000e-01 2.335111e-02
6.980000e-01 2.393928e-02
6.990000e-01 2.453151e-02
7.000000e-01 2.512772e-02
7.010000e-01 2.572782e-02
7.020000e-01 2.633172e-02
7.030000e-01 2.693935e-02
7.040000e-01 2.755062e-02
7.050000e-01 2.816545e-02
7.060000e-01 2.878374e-02
7.070000e-01 2.940542e-02
7.080000e-01 3.003040e-02
7.090000e-01 3.065860e-02
7.100000e-01 3.128993e-02
7.110000e-01 3.192431e-02
7.120000e-01 3.256165e-02
7.130000e-01 3.320187e-02
7.140000e-01 3.384488e-02
7.150000e-01 3.449060e-02
7.160000e-01 3.513895e-02
7.170000e-01 3.578984e-02
7.180000e-01 3.644318e-02
7.190000e-01 3.709890e-02
7.200000e-01 3.775691e-02
7.210000e-01 3.841711e-02
7.220000e-01 3.907944e-02
7.230000e-01 3.974380e-02
7.240000e-01 4.041011e-02
7.250000e-01 4.107828e-02
7.260000e-01 4.174824e-02
7.270000e-01 4.241989e-02
7.280000e-01 4.309315e-02
7.290000e-01 4.376794e-02
7.300000e-01 4.444417e-02
7.310000e-01 4.512176e-02
7.320000e-01 4.580062e-02
7.330000e-01 4.648068e-02
7.340000e-01 4.716183e-02
7.350000e-01 4.784401e-02
7.360000e-01 4.852713e-02
7.370000e-01 4.921109e-02
7.380000e-01 4.989582e-02
7.390000e-01 5.058124e-02
7.400000e-01 5.126725e-02
7.410000e-01 5.195377e-02
7.420000e-01 5.264073e-02
7.430000e-01 5.332803e-02
7.440000e-01 5.401559e-02
7.450000e-01 5.470332e-02
7.460000e-01 5.539115e-02
7.470000e-01 5.607898e-02
7.480000e-01 5.676673e-02
7.490000e-01 5.745432e-02
7.500000e-01 5.814167e-02
7.510000e-01 5.882868e-02
7.520000e-01 5.951528e-02
7.530000e-01 6.020138e-02
7.540000e-01 6.088689e-02
7.550000e-01 6.157173e-02
7.560000e-01 6.225582e-02
7.570000e-01 6.293907e-02
7.580000e-01 6.362140e-02
7.590000e-01 6.430272e-02
7.600000e-01 6.498295e-02
7.610000e-01 6.566201e-02
7.620000e-01 6.633980e-02
7.630000e-01 6.701625e-02
7.640000e-01 6.769127e-02
7.650000e-01 6.836477e-02
7.660000e-01 6.903668e-02
7.670000e-01 6.970690e-02
7.680000e-01 7.037536e-02
7.690000e-01 7.104196e-02
7.700000e-01 7.170663e-02
7.710000e-01 7.236928e-02
7.720000e-01 7.302982e-02
7.730000e-01 7.368817e-02
7.740000e-01 7.434425e-02
7.750000e-01 7.499797e-02
7.760000e-01 7.564924e-02
7.770000e-01 7.629799e-02
7.780000e-01 7.694412e-02
7.790000e-01 7.758756e-02
7.800000e-01 7.822822e-02
7.810000e-01 7.886601e-02
7.820000e-01 7.950086e-02
7.830000e-01 8.013267e-02
7.840000e-01 8.076135e-02
7.850000e-01 8.138684e-02
7.860000e-01 8.200904e-02
7.870000e-01 8.262786e-02
7.880000e-01 8.324323e-02
7.890000e-01 8.385506e-02
7.900000e-01 8.446327e-02
7.910000e-01 8.506806e-02
7.920000e-01 8.566987e-02
7.930000e-01 8.626912e-02
7.940000e-01 8.686628e-02
7.950000e-01 8.746178e-02
7.960000e-01 8.805606e-02
7.970000e-01 8.864957e-02
7.980000e-01 8.924275e-02
7.990000e-01 8.983605e-02
8.000000e-01 9.042992e-02
8.010000e-01 9.102478e-02
8.020000e-01 9.162109e-02
8.030000e-01 9.221929e-02
8.040000e-01 9.281983e-02
8.050000e-01 9.342314e-02
8.060000e-01 9.402967e-02
8.070000e-01 9.463987e-02
8.080000e-01 9.525418e-02
8.090000e-01 9.587304e-02
8.100000e-01 9.649690e-02
8.110000e-01 9.712619e-02
8.120000e-01 9.776137e-02
8.130000e-01 9.840287e-02
8.140000e-01 9.905114e-02
8.150000e-01 9.970663e-02
8.160000e-01 1.003698e-01
8.170000e-01 1.010410e-01
8.180000e-01 1.017208e-01
8.190000e-01 1.024096e-01
8.200000e-01 1.031078e-01
8.210000e-01 1.038159e-01
8.220000e-01 1.045343e-01
8.230000e-01 1.052634e-01
8.240000e-01 1.060038e-01
8.250000e-01 1.067558e-01
8.260000e-01 1.075199e-01
8.270000e-01 1.082966e-01
8.280000e-01 1.090862e-01
8.290000e-01 1.098893e-01
8.300000e-01 1.107062e-01
8.310000e-01 1.115374e-01
8.320000e-01 1.123834e-01
8.330000e-01 1.132446e-01
8.340000e-01 1.141214e-01
8.350000e-01 1.150143e-01
8.360000e-01 1.159237e-01
8.370000e-01 1.168501e-01
8.380000e-01 1.177939e-01
8.390000e-01 1.187556e-01
8.400000e-01 1.197356e-01
8.410000e-01 1.207343e-01
8.420000e-01 1.217523e-01
8.430000e-01 1.227898e-01
8.440000e-01 1.238474e-01
8.450000e-01 1.249256e-01
8.460000e-01 1.260247e-01
8.470000e-01 1.271452e-01
8.480000e-01 1.282876e-01
8.490000e-01 1.294523e-01
8.500000e-01 1.306397e-01
8.510000e-01 1.318503e-01
8.520000e-01 1.330845e-01
8.530000e-01 1.343428e-01
8.540000e-01 1.356256e-01
8.550000e-01 1.369333e-01
8.560000e-01 1.382665e-01
8.570000e-01 1.396255e-01
8.580000e-01 1.410108e-01
8.590000e-01 1.424228e-01
8.600000e-01 1.438620e-01
8.610000e-01 1.453288e-01
8.620000e-01 1.468237e-01
8.630000e-01 1.483471e-01
8.640000e-01 1.498994e-01
8.650000e-01 1.514811e-01
8.660000e-01 1.530926e-01
8.670000e-01 1.547345e-01
8.680000e-01 1.564070e-01
8.690000e-01 1.581108e-01
8.700000e-01 1.598461e-01
8.710000e-01 1.616135e-01
8.720000e-01 1.634134e-01
8.730000e-01 1.652462e-01
8.740000e-01 1.671124e-01
8.750000e-01 1.690124e-01
8.760000e-01 1.709467e-01
8.770000e-01 1.729157e-01
8.780000e-01 1.749199e-01
8.790000e-01 1.769597e-01
8.800000e-01 1.790355e-01
8.810000e-01 1.811479e-01
8.820000e-01 1.832971e-01
8.830000e-01 1.854837e-01
8.840000e-01 1.877082e-01
8.850000e-01 1.899709e-01
8.860000e-01 1.922723e-01
8.870000e-01 1.946129e-01
8.880000e-01 1.969930e-01
8.890000e-01 1.994133e-01
8.900000e-01 2.018739e-01
8.910000e-01 2.043755e-01
8.920000e-01 2.069185e-01
8.930000e-01 2.095033e-01
8.940000e-01 2.121304e-01
8.950000e-01 2.148001e-01
8.960000e-01 2.175126e-01
8.970000e-01 2.202670e-01
8.980000e-01 2.230627e-01
8.990000e-01 2.258987e-01
9.000000e-01 2.287742e-01
9.010000e-01 2.316885e-01
9.020000e-01 2.346406e-01
9.030000e-01 2.376299e-01
9.040000e-01 2.406554e-01
9.050000e-01 2.437164e-01
9.060000e-01 2.468120e-01
9.070000e-01 2.499415e-01
9.080000e-01 2.531039e-01
9.090000e-01 2.562985e-01
9.100000e-01 2.595245e-01
9.110000e-01 2.627810e-01
9.120000e-01 2.660673e-01
9.130000e-01 2.693825e-01
9.140000e-01 2.727258e-01
9.150000e-01 2.760963e-01
9.160000e-01 2.794933e-01
9.170000e-01 2.829160e-01
9.180000e-01 2.863635e-01
9.190000e-01 2.898350e-01
9.200000e-01 2.933297e-01
9.210000e-01 2.968467e-01
9.220000e-01 3.003853e-01
9.230000e-01 3.039447e-01
9.240000e-01 3.075240e-01
9.250000e-01 3.111224e-01
9.260000e-01 3.147390e-01
9.270000e-01 3.183732e-01
9.280000e-01 3.220239e-01
9.290000e-01 3.256906e-01
9.300000e-01 3.293722e-01
9.310000e-01 3.330680e-01
9.320000e-01 3.367773e-01
9.330000e-01 3.404990e-01
9.340000e-01 3.442326e-01
9.350000e-01 3.479770e-01
9.360000e-01 3.517316e-01
9.370000e-01 3.554954e-01
9.380000e-01 3.592678e-01
9.390000e-01 3.630478e-01
9.400000e-01 3.668346e-01
9.410000e-01 3.706275e-01
9.420000e-01 3.744255e-01
9.430000e-01 3.782280e-01
9.440000e-01 3.820340e-01
9.450000e-01 3.858428e-01
9.460000e-01 3.896535e-01
9.470000e-01 3.934653e-01
9.480000e-01 3.972775e-01
9.490000e-01 4.010891e-01
9.500000e-01 4.048994e-01
9.510000e-01 4.087075e-01
9.520000e-01 4.125127e-01
9.530000e-01 4.163141e-01
9.540000e-01 4.201108e-01
9.550000e-01 4.239022e-01
9.560000e-01 4.276873e-01
9.570000e-01 4.314654e-01
9.580000e-01 4.352355e-01
9.590000e-01 4.389970e-01
9.600000e-01 4.427490e-01
9.610000e-01 4.464907e-01
9.620000e-01 4.502212e-01
9.630000e-01 4.539397e-01
9.640000e-01 4.576455e-01
9.650000e-01 4.613377e-01
9.660000e-01 4.650155e-01
9.670000e-01 4.686780e-01
9.680000e-01 4.723245e-01
9.690000e-01 4.759541e-01
9.700000e-01 4.795660e-01
9.710000e-01 4.831595e-01
9.720000e-01 4.867336e-01
9.730000e-01 4.902876e-01
9.740000e-01 4.938206e-01
9.750000e-01 4.973318e-01
9.760000e-01 5.008205e-01
9.770000e-01 5.042858e-01
9.780000e-01 5.077268e-01
9.790000e-01 5.111428e-01
9.800000e-01 5.145329e-01
9.810000e-01 5.178964e-01
9.820000e-01 5.212323e-01
9.830000e-01 5.245400e-01
9.840000e-01 5.278185e-01
9.850000e-01 5.310671e-01
9.860000e-01 5.342849e-01
9.870000e-01 5.374711e-01
9.880000e-01 5.406250e-01
9.890000e-01 5.437456e-01
9.900000e-01 5.468322e-01
9.910000e-01 5.498839e-01
9.920000e-01 5.529000e-01
9.930000e-01 5.558795e-01
9.940000e-01 5.588218e-01
9.950000e-01 5.617260e-01
9.960000e-01 5.645912e-01
9.970000e-01 5.674166e-01
9.980000e-01 5.702015e-01
9.990000e-01 5.729450e-01
