-1.000000e+00 5.756463e-01
-9.990000e-01 5.738406e-01
-9.980000e-01 5.721497e-01
-9.970000e-01 5.705701e-01
-9.960000e-01 5.690985e-01
-9.950000e-01 5.677313e-01
-9.940000e-01 5.664652e-01
-9.930000e-01 5.652967e-01
-9.920000e-01 5.642223e-01
-9.910000e-01 5.632388e-01
-9.900000e-01 5.623426e-01
-9.890000e-01 5.615303e-01
-9.880000e-01 5.607985e-01
-9.870000e-01 5.601437e-01
-9.860000e-01 5.595626e-01
-9.850000e-01 5.590517e-01
-9.840000e-01 5.586076e-01
-9.830000e-01 5.582268e-01
-9.820000e-01 5.579059e-01
-9.810000e-01 5.576415e-01
-9.800000e-01 5.574302e-01
-9.790000e-01 5.572685e-01
-9.780000e-01 5.571531e-01
-9.770000e-01 5.570804e-01
-9.760000e-01 5.570471e-01
-9.750000e-01 5.570497e-01
-9.740000e-01 5.570848e-01
-9.730000e-01 5.571490e-01
-9.720000e-01 5.572388e-01
-9.710000e-01 5.573509e-01
-9.700000e-01 5.574817e-01
-9.690000e-01 5.576279e-01
-9.680000e-01 5.577861e-01
-9.670000e-01 5.579527e-01
-9.660000e-01 5.581245e-01
-9.650000e-01 5.582978e-01
-9.640000e-01 5.584695e-01
-9.630000e-01 5.586359e-01
-9.620000e-01 5.587937e-01
-9.610000e-01 5.589394e-01
-9.600000e-01 5.590697e-01
-9.590000e-01 5.591810e-01
-9.580000e-01 5.592700e-01
-9.570000e-01 5.593332e-01
-9.560000e-01 5.593673e-01
-9.550000e-01 5.593687e-01
-9.540000e-01 5.593341e-01
-9.530000e-01 5.592600e-01
-9.520000e-01 5.591430e-01
-9.510000e-01 5.589797e-01
-9.500000e-01 5.587666e-01
-9.490000e-01 5.585003e-01
-9.480000e-01 5.581774e-01
-9.470000e-01 5.577945e-01
-9.460000e-01 5.573481e-01
-9.450000e-01 5.568349e-01
-9.440000e-01 5.562513e-01
-9.430000e-01 5.555939e-01
-9.420000e-01 5.548594e-01
-9.410000e-01 5.540443e-01
-9.400000e-01 5.531451e-01
-9.390000e-01 5.521585e-01
-9.380000e-01 5.510810e-01
-9.370000e-01 5.499091e-01
-9.360000e-01 5.486396e-01
-9.350000e-01 5.472689e-01
-9.340000e-01 5.457935e-01
-9.330000e-01 5.442102e-01
-9.320000e-01 5.425154e-01
-9.310000e-01 5.407057e-01
-9.300000e-01 5.387789e-01
-9.290000e-01 5.367368e-01
-9.280000e-01 5.345822e-01
-9.270000e-01 5.323180e-01
-9.260000e-01 5.299469e-01
-9.250000e-01 5.274718e-01
-9.240000e-01 5.248955e-01
-9.230000e-01 5.222208e-01
-9.220000e-01 5.194506e-01
-9.210000e-01 5.165875e-01
-9.200000e-01 5.136345e-01
-9.190000e-01 5.105944e-01
-9.180000e-01 5.074699e-01
-9.170000e-01 5.042639e-01
-9.160000e-01 5.009792e-01
-9.150000e-01 4.976186e-01
-9.140000e-01 4.941850e-01
-9.130000e-01 4.906810e-01
-9.120000e-01 4.871096e-01
-9.110000e-01 4.834736e-01
-9.100000e-01 4.797758e-01
-9.090000e-01 4.760189e-01
-9.080000e-01 4.722059e-01
-9.070000e-01 4.683395e-01
-9.060000e-01 4.644225e-01
-9.050000e-01 4.604577e-01
-9.040000e-01 4.564480e-01
-9.030000e-01 4.523962e-01
-9.020000e-01 4.483050e-01
-9.010000e-01 4.441774e-01
-9.000000e-01 4.400160e-01
-8.990000e-01 4.358238e-01
-8.980000e-01 4.316035e-01
-8.970000e-01 4.273580e-01
-8.960000e-01 4.230900e-01
-8.950000e-01 4.188024e-01
-8.940000e-01 4.144980e-01
-8.930000e-01 4.101796e-01
-8.920000e-01 4.058500e-01
-8.910000e-01 4.015121e-01
-8.900000e-01 3.971685e-01
-8.890000e-01 3.928223e-01
-8.880000e-01 3.884761e-01
-8.870000e-01 3.841328e-01
-8.860000e-01 3.797952e-01
-8.850000e-01 3.754661e-01
-8.840000e-01 3.711483e-01
-8.830000e-01 3.668447e-01
-8.820000e-01 3.625580e-01
-8.810000e-01 3.582910e-01
-8.800000e-01 3.540467e-01
-8.790000e-01 3.498277e-01
-8.780000e-01 3.456370e-01
-8.770000e-01 3.414772e-01
-8.760000e-01 3.373513e-01
-8.750000e-01 3.332621e-01
-8.740000e-01 3.292122e-01
-8.730000e-01 3.252047e-01
-8.720000e-01 3.212422e-01
-8.710000e-01 3.173277e-01
-8.700000e-01 3.134638e-01
-8.690000e-01 3.096535e-01
-8.680000e-01 3.058995e-01
-8.670000e-01 3.022046e-01
-8.660000e-01 2.985718e-01
-8.650000e-01 2.950037e-01
-8.640000e-01 2.915031e-01
-8.630000e-01 2.880730e-01
-8.620000e-01 2.847161e-01
-8.610000e-01 2.814344e-01
-8.600000e-01 2.782273e-01
-8.590000e-01 2.750936e-01
-8.580000e-01 2.720320e-01
-8.570000e-01 2.690414e-01
-8.560000e-01 2.661205e-01
-8.550000e-01 2.632683e-01
-8.540000e-01 2.604834e-01
-8.530000e-01 2.577648e-01
-8.520000e-01 2.551111e-01
-8.510000e-01 2.525213e-01
-8.500000e-01 2.499940e-01
-8.490000e-01 2.475282e-01
-8.480000e-01 2.451227e-01
-8.470000e-01 2.427761e-01
-8.460000e-01 2.404874e-01
-8.450000e-01 2.382553e-01
-8.440000e-01 2.360787e-01
-8.430000e-01 2.339563e-01
-8.420000e-01 2.318870e-01
-8.410000e-01 2.298696e-01
-8.400000e-01 2.279028e-01
-8.390000e-01 2.259855e-01
-8.380000e-01 2.241165e-01
-8.370000e-01 2.222946e-01
-8.360000e-01 2.205186e-01
-8.350000e-01 2.187872e-01
-8.340000e-01 2.170994e-01
-8.330000e-01 2.154539e-01
-8.320000e-01 2.138495e-01
-8.310000e-01 2.122850e-01
-8.300000e-01 2.107593e-01
-8.290000e-01 2.092711e-01
-8.280000e-01 2.078192e-01
-8.270000e-01 2.064024e-01
-8.260000e-01 2.050197e-01
-8.250000e-01 2.036696e-01
-8.240000e-01 2.023512e-01
-8.230000e-01 2.010631e-01
-8.220000e-01 1.998041e-01
-8.210000e-01 1.985732e-01
-8.200000e-01 1.973690e-01
-8.190000e-01 1.961904e-01
-8.180000e-01 1.950362e-01
-8.170000e-01 1.939053e-01
-8.160000e-01 1.927963e-01
-8.150000e-01 1.917081e-01
-8.140000e-01 1.906396e-01
-8.130000e-01 1.895894e-01
-8.120000e-01 1.885565e-01
-8.110000e-01 1.875397e-01
-8.100000e-01 1.865376e-01
-8.090000e-01 1.855493e-01
-8.080000e-01 1.845733e-01
-8.070000e-01 1.836086e-01
-8.060000e-01 1.826540e-01
-8.050000e-01 1.817083e-01
-8.040000e-01 1.807702e-01
-8.030000e-01 1.798386e-01
-8.020000e-01 1.789123e-01
-8.010000e-01 1.779901e-01
-8.000000e-01 1.770708e-01
-7.990000e-01 1.761531e-01
-7.980000e-01 1.752360e-01
-7.970000e-01 1.743182e-01
-7.960000e-01 1.733985e-01
-7.950000e-01 1.724758e-01
-7.940000e-01 1.715487e-01
-7.930000e-01 1.706162e-01
-7.920000e-01 1.696774e-01
-7.910000e-01 1.687323e-01
-7.900000e-01 1.677811e-01
-7.890000e-01 1.668241e-01
-7.880000e-01 1.658614e-01
-7.870000e-01 1.648934e-01
-7.860000e-01 1.639202e-01
-7.850000e-01 1.629422e-01
-7.840000e-01 1.619594e-01
-7.830000e-01 1.609721e-01
-7.820000e-01 1.599806e-01
-7.810000e-01 1.589850e-01
-7.800000e-01 1.579857e-01
-7.790000e-01 1.569828e-01
-7.780000e-01 1.559765e-01
-7.770000e-01 1.549671e-01
-7.760000e-01 1.539549e-01
-7.750000e-01 1.529399e-01
-7.740000e-01 1.519225e-01
-7.730000e-01 1.509030e-01
-7.720000e-01 1.498814e-01
-7.710000e-01 1.488581e-01
-7.700000e-01 1.478332e-01
-7.690000e-01 1.468070e-01
-7.680000e-01 1.457797e-01
-7.670000e-01 1.447516e-01
-7.660000e-01 1.437229e-01
-7.650000e-01 1.426937e-01
-7.640000e-01 1.416644e-01
-7.630000e-01 1.406351e-01
-7.620000e-01 1.396061e-01
-7.610000e-01 1.385777e-01
-7.600000e-01 1.375499e-01
-7.590000e-01 1.365231e-01
-7.580000e-01 1.354974e-01
-7.570000e-01 1.344732e-01
-7.560000e-01 1.334506e-01
-7.550000e-01 1.324299e-01
-7.540000e-01 1.314113e-01
-7.530000e-01 1.303949e-01
-7.520000e-01 1.293811e-01
-7.510000e-01 1.283701e-01
-7.500000e-01 1.273621e-01
-7.490000e-01 1.263573e-01
-7.480000e-01 1.253559e-01
-7.470000e-01 1.243582e-01
-7.460000e-01 1.233644e-01
-7.450000e-01 1.223747e-01
-7.440000e-01 1.213893e-01
-7.430000e-01 1.204086e-01
-7.420000e-01 1.194326e-01
-7.410000e-01 1.184617e-01
-7.400000e-01 1.174960e-01
-7.390000e-01 1.165358e-01
-7.380000e-01 1.155813e-01
-7.370000e-01 1.146328e-01
-7.360000e-01 1.136904e-01
-7.350000e-01 1.127544e-01
-7.340000e-01 1.118250e-01
-7.330000e-01 1.109024e-01
-7.320000e-01 1.099869e-01
-7.310000e-01 1.090787e-01
-7.300000e-01 1.081780e-01
-7.290000e-01 1.072851e-01
-7.280000e-01 1.064001e-01
-7.270000e-01 1.055233e-01
-7.260000e-01 1.046550e-01
-7.250000e-01 1.037953e-01
-7.240000e-01 1.029444e-01
-7.230000e-01 1.021026e-01
-7.220000e-01 1.012698e-01
-7.210000e-01 1.004458e-01
-7.200000e-01 9.963056e-02
-7.190000e-01 9.882403e-02
-7.180000e-01 9.802608e-02
-7.170000e-01 9.723662e-02
-7.160000e-01 9.645555e-02
-7.150000e-01 9.568278e-02
-7.140000e-01 9.491821e-02
-7.130000e-01 9.416175e-02
-7.120000e-01 9.341330e-02
-7.110000e-01 9.267278e-02
-7.100000e-01 9.194007e-02
-7.090000e-01 9.121510e-02
-7.080000e-01 9.049776e-02
-7.070000e-01 8.978796e-02
-7.060000e-01 8.908560e-02
-7.050000e-01 8.839059e-02
-7.040000e-01 8.770284e-02
-7.030000e-01 8.702225e-02
-7.020000e-01 8.634872e-02
-7.010000e-01 8.568217e-02
-7.000000e-01 8.502249e-02
-6.990000e-01 8.436958e-02
-6.980000e-01 8.372337e-02
-6.970000e-01 8.308375e-02
-6.960000e-01 8.245062e-02
-6.950000e-01 8.182389e-02
-6.940000e-01 8.120347e-02
-6.930000e-01 8.058926e-02
-6.920000e-01 7.998117e-02
-6.910000e-01 7.937910e-02
-6.900000e-01 7.878296e-02
-6.890000e-01 7.819265e-02
-6.880000e-01 7.760807e-02
-6.870000e-01 7.702914e-02
-6.860000e-01 7.645576e-02
-6.850000e-01 7.588783e-02
-6.840000e-01 7.532526e-02
-6.830000e-01 7.476795e-02
-6.820000e-01 7.421581e-02
-6.810000e-01 7.366874e-02
-6.800000e-01 7.312665e-02
-6.790000e-01 7.258945e-02
-6.780000e-01 7.205703e-02
-6.770000e-01 7.152931e-02
-6.760000e-01 7.100619e-02
-6.750000e-01 7.048757e-02
-6.740000e-01 6.997336e-02
-6.730000e-01 6.946346e-02
-6.720000e-01 6.895779e-02
-6.710000e-01 6.845624e-02
-6.700000e-01 6.795872e-02
-6.690000e-01 6.746514e-02
-6.680000e-01 6.697540e-02
-6.670000e-01 6.648940e-02
-6.660000e-01 6.600705e-02
-6.650000e-01 6.552826e-02
-6.640000e-01 6.505293e-02
-6.630000e-01 6.458097e-02
-6.620000e-01 6.411228e-02
-6.610000e-01 6.364676e-02
-6.600000e-01 6.318433e-02
-6.590000e-01 6.272489e-02
-6.580000e-01 6.226833e-02
-6.570000e-01 6.181458e-02
-6.560000e-01 6.136352e-02
-6.550000e-01 6.091507e-02
-6.540000e-01 6.046917e-02
-6.530000e-01 6.002580e-02
-6.520000e-01 5.958499e-02
-6.510000e-01 5.914674e-02
-6.500000e-01 5.871105e-02
-6.490000e-01 5.827795e-02
-6.480000e-01 5.784743e-02
-6.470000e-01 5.741952e-02
-6.460000e-01 5.699422e-02
-6.450000e-01 5.657153e-02
-6.440000e-01 5.615147e-02
-6.430000e-01 5.573406e-02
-6.420000e-01 5.531929e-02
-6.410000e-01 5.490718e-02
-6.400000e-01 5.449774e-02
-6.390000e-01 5.409098e-02
-6.380000e-01 5.368691e-02
-6.370000e-01 5.328553e-02
-6.360000e-01 5.288687e-02
-6.350000e-01 5.249092e-02
-6.340000e-01 5.209770e-02
-6.330000e-01 5.170722e-02
-6.320000e-01 5.131948e-02
-6.310000e-01 5.093451e-02
-6.300000e-01 5.055230e-02
-6.290000e-01 5.017286e-02
-6.280000e-01 4.979622e-02
-6.270000e-01 4.942237e-02
-6.260000e-01 4.905132e-02
-6.250000e-01 4.868310e-02
-6.240000e-01 4.831770e-02
-6.230000e-01 4.795514e-02
-6.220000e-01 4.759542e-02
-6.210000e-01 4.723856e-02
-6.200000e-01 4.688456e-02
-6.190000e-01 4.653344e-02
-6.180000e-01 4.618521e-02
-6.170000e-01 4.583987e-02
-6.160000e-01 4.549744e-02
-6.150000e-01 4.515792e-02
-6.140000e-01 4.482133e-02
-6.130000e-01 4.448767e-02
-6.120000e-01 4.415696e-02
-6.110000e-01 4.382920e-02
-6.100000e-01 4.350440e-02
-6.090000e-01 4.318258e-02
-6.080000e-01 4.286375e-02
-6.070000e-01 4.254790e-02
-6.060000e-01 4.223506e-02
-6.050000e-01 4.192524e-02
-6.040000e-01 4.161844e-02
-6.030000e-01 4.131467e-02
-6.020000e-01 4.101395e-02
-6.010000e-01 4.071627e-02
-6.000000e-01 4.042167e-02
-5.990000e-01 4.013013e-02
-5.980000e-01 3.984168e-02
-5.970000e-01 3.955631e-02
-5.960000e-01 3.927406e-02
-5.950000e-01 3.899491e-02
-5.940000e-01 3.871889e-02
-5.930000e-01 3.844599e-02
-5.920000e-01 3.817624e-02
-5.910000e-01 3.790964e-02
-5.900000e-01 3.764621e-02
-5.890000e-01 3.738594e-02
-5.880000e-01 3.712885e-02
-5.870000e-01 3.687496e-02
-5.860000e-01 3.662427e-02
-5.850000e-01 3.637678e-02
-5.840000e-01 3.613249e-02
-5.830000e-01 3.589140e-02
-5.820000e-01 3.565350e-02
-5.810000e-01 3.541878e-02
-5.800000e-01 3.518724e-02
-5.790000e-01 3.495887e-02
-5.780000e-01 3.473367e-02
-5.770000e-01 3.451162e-02
-5.760000e-01 3.429272e-02
-5.750000e-01 3.407697e-02
-5.740000e-01 3.386436e-02
-5.730000e-01 3.365489e-02
-5.720000e-01 3.344854e-02
-5.710000e-01 3.324532e-02
-5.700000e-01 3.304521e-02
-5.690000e-01 3.284821e-02
-5.680000e-01 3.265431e-02
-5.670000e-01 3.246351e-02
-5.660000e-01 3.227581e-02
-5.650000e-01 3.209118e-02
-5.640000e-01 3.190964e-02
-5.630000e-01 3.173117e-02
-5.620000e-01 3.155576e-02
-5.610000e-01 3.138342e-02
-5.600000e-01 3.121413e-02
-5.590000e-01 3.104789e-02
-5.580000e-01 3.088469e-02
-5.570000e-01 3.072453e-02
-5.560000e-01 3.056740e-02
-5.550000e-01 3.041329e-02
-5.540000e-01 3.026220e-02
-5.530000e-01 3.011413e-02
-5.520000e-01 2.996905e-02
-5.510000e-01 2.982698e-02
-5.500000e-01 2.968790e-02
-5.490000e-01 2.955181e-02
-5.480000e-01 2.941870e-02
-5.470000e-01 2.928856e-02
-5.460000e-01 2.916139e-02
-5.450000e-01 2.903719e-02
-5.440000e-01 2.891594e-02
-5.430000e-01 2.879765e-02
-5.420000e-01 2.868229e-02
-5.410000e-01 2.856988e-02
-5.400000e-01 2.846040e-02
-5.390000e-01 2.835384e-02
-5.380000e-01 2.825021e-02
-5.370000e-01 2.814948e-02
-5.360000e-01 2.805167e-02
-5.350000e-01 2.795676e-02
-5.340000e-01 2.786474e-02
-5.330000e-01 2.777561e-02
-5.320000e-01 2.768937e-02
-5.310000e-01 2.760600e-02
-5.300000e-01 2.752551e-02
-5.290000e-01 2.744787e-02
-5.280000e-01 2.737310e-02
-5.270000e-01 2.730118e-02
-5.260000e-01 2.723211e-02
-5.250000e-01 2.716588e-02
-5.240000e-01 2.710248e-02
-5.230000e-01 2.704191e-02
-5.220000e-01 2.698416e-02
-5.210000e-01 2.692923e-02
-5.200000e-01 2.687711e-02
-5.190000e-01 2.682779e-02
-5.180000e-01 2.678127e-02
-5.170000e-01 2.673755e-02
-5.160000e-01 2.669660e-02
-5.150000e-01 2.665844e-02
-5.140000e-01 2.662305e-02
-5.130000e-01 2.659042e-02
-5.120000e-01 2.656054e-02
-5.110000e-01 2.653342e-02
-5.100000e-01 2.650904e-02
-5.090000e-01 2.648740e-02
-5.080000e-01 2.646849e-02
-5.070000e-01 2.645230e-02
-5.060000e-01 2.643882e-02
-5.050000e-01 2.642805e-02
-5.040000e-01 2.641999e-02
-5.030000e-01 2.641461e-02
-5.020000e-01 2.641193e-02
-5.010000e-01 2.641192e-02
-5.000000e-01 2.641459e-02
-4.990000e-01 2.641993e-02
-4.980000e-01 2.642792e-02
-4.970000e-01 2.643857e-02
-4.960000e-01 2.645186e-02
-4.950000e-01 2.646779e-02
-4.940000e-01 2.648635e-02
-4.930000e-01 2.650753e-02
-4.920000e-01 2.653133e-02
-4.910000e-01 2.655774e-02
-4.900000e-01 2.658676e-02
-4.890000e-01 2.661837e-02
-4.880000e-01 2.665257e-02
-4.870000e-01 2.668935e-02
-4.860000e-01 2.672870e-02
-4.850000e-01 2.677063e-02
-4.840000e-01 2.681511e-02
-4.830000e-01 2.686215e-02
-4.820000e-01 2.691174e-02
-4.810000e-01 2.696387e-02
-4.800000e-01 2.701853e-02
-4.790000e-01 2.707571e-02
-4.780000e-01 2.713542e-02
-4.770000e-01 2.719763e-02
-4.760000e-01 2.726235e-02
-4.750000e-01 2.732957e-02
-4.740000e-01 2.739928e-02
-4.730000e-01 2.747148e-02
-4.720000e-01 2.754615e-02
-4.710000e-01 2.762329e-02
-4.700000e-01 2.770289e-02
-4.690000e-01 2.778495e-02
-4.680000e-01 2.786946e-02
-4.670000e-01 2.795641e-02
-4.660000e-01 2.804580e-02
-4.650000e-01 2.813761e-02
-4.640000e-01 2.823185e-02
-4.630000e-01 2.832850e-02
-4.620000e-01 2.842755e-02
-4.610000e-01 2.852901e-02
-4.600000e-01 2.863285e-02
-4.590000e-01 2.873909e-02
-4.580000e-01 2.884770e-02
-4.570000e-01 2.895869e-02
-4.560000e-01 2.907203e-02
-4.550000e-01 2.918774e-02
-4.540000e-01 2.930580e-02
-4.530000e-01 2.942620e-02
-4.520000e-01 2.954894e-02
-4.510000e-01 2.967401e-02
-4.500000e-01 2.980140e-02
-4.490000e-01 2.993111e-02
-4.480000e-01 3.006312e-02
-4.470000e-01 3.019746e-02
-4.460000e-01 3.033415e-02
-4.450000e-01 3.047323e-02
-4.440000e-01 3.061476e-02
-4.430000e-01 3.075876e-02
-4.420000e-01 3.090529e-02
-4.410000e-01 3.105437e-02
-4.400000e-01 3.120606e-02
-4.390000e-01 3.136040e-02
-4.380000e-01 3.151741e-02
-4.370000e-01 3.167716e-02
-4.360000e-01 3.183967e-02
-4.350000e-01 3.200499e-02
-4.340000e-01 3.217315e-02
-4.330000e-01 3.234421e-02
-4.320000e-01 3.251820e-02
-4.310000e-01 3.269516e-02
-4.300000e-01 3.287513e-02
-4.290000e-01 3.305816e-02
-4.280000e-01 3.324429e-02
-4.270000e-01 3.343355e-02
-4.260000e-01 3.362599e-02
-4.250000e-01 3.382164e-02
-4.240000e-01 3.402056e-02
-4.230000e-01 3.422278e-02
-4.220000e-01 3.442834e-02
-4.210000e-01 3.463728e-02
-4.200000e-01 3.484965e-02
-4.190000e-01 3.506548e-02
-4.180000e-01 3.528482e-02
-4.170000e-01 3.550770e-02
-4.160000e-01 3.573418e-02
-4.150000e-01 3.596428e-02
-4.140000e-01 3.619806e-02
-4.130000e-01 3.643554e-02
-4.120000e-01 3.667678e-02
-4.110000e-01 3.692181e-02
-4.100000e-01 3.717068e-02
-4.090000e-01 3.742342e-02
-4.080000e-01 3.768009e-02
-4.070000e-01 3.794070e-02
-4.060000e-01 3.820532e-02
-4.050000e-01 3.847398e-02
-4.040000e-01 3.874672e-02
-4.030000e-01 3.902358e-02
-4.020000e-01 3.930461e-02
-4.010000e-01 3.958984e-02
-4.000000e-01 3.987931e-02
-3.990000e-01 4.017307e-02
-3.980000e-01 4.047117e-02
-3.970000e-01 4.077362e-02
-3.960000e-01 4.108049e-02
-3.950000e-01 4.139181e-02
-3.940000e-01 4.170763e-02
-3.930000e-01 4.202797e-02
-3.920000e-01 4.235289e-02
-3.910000e-01 4.268243e-02
-3.900000e-01 4.301662e-02
-3.890000e-01 4.335551e-02
-3.880000e-01 4.369914e-02
-3.870000e-01 4.404754e-02
-3.860000e-01 4.440077e-02
-3.850000e-01 4.475886e-02
-3.840000e-01 4.512186e-02
-3.830000e-01 4.548979e-02
-3.820000e-01 4.586272e-02
-3.810000e-01 4.624066e-02
-3.800000e-01 4.662368e-02
-3.790000e-01 4.701180e-02
-3.780000e-01 4.740502e-02
-3.770000e-01 4.780321e-02
-3.760000e-01 4.820627e-02
-3.750000e-01 4.861408e-02
-3.740000e-01 4.902651e-02
-3.730000e-01 4.944344e-02
-3.720000e-01 4.986477e-02
-3.710000e-01 5.029037e-02
-3.700000e-01 5.072013e-02
-3.690000e-01 5.115391e-02
-3.680000e-01 5.159162e-02
-3.670000e-01 5.203312e-02
-3.660000e-01 5.247830e-02
-3.650000e-01 5.292705e-02
-3.640000e-01 5.337923e-02
-3.630000e-01 5.383474e-02
-3.620000e-01 5.429346e-02
-3.610000e-01 5.475526e-02
-3.600000e-01 5.522004e-02
-3.590000e-01 5.568767e-02
-3.580000e-01 5.615802e-02
-3.570000e-01 5.663100e-02
-3.560000e-01 5.710647e-02
-3.550000e-01 5.758431e-02
-3.540000e-01 5.806442e-02
-3.530000e-01 5.854667e-02
-3.520000e-01 5.903094e-02
-3.510000e-01 5.951712e-02
-3.500000e-01 6.000508e-02
-3.490000e-01 6.049471e-02
-3.480000e-01 6.098589e-02
-3.470000e-01 6.147850e-02
-3.460000e-01 6.197242e-02
-3.450000e-01 6.246753e-02
-3.440000e-01 6.296373e-02
-3.430000e-01 6.346088e-02
-3.420000e-01 6.395887e-02
-3.410000e-01 6.445758e-02
-3.400000e-01 6.495689e-02
-3.390000e-01 6.545669e-02
-3.380000e-01 6.595685e-02
-3.370000e-01 6.645726e-02
-3.360000e-01 6.695780e-02
-3.350000e-01 6.745835e-02
-3.340000e-01 6.795880e-02
-3.330000e-01 6.845901e-02
-3.320000e-01 6.895889e-02
-3.310000e-01 6.945830e-02
-3.300000e-01 6.995713e-02
-3.290000e-01 7.045526e-02
-3.280000e-01 7.095257e-02
-3.270000e-01 7.144895e-02
-3.260000e-01 7.194427e-02
-3.250000e-01 7.243842e-02
-3.240000e-01 7.293128e-02
-3.230000e-01 7.342273e-02
-3.220000e-01 7.391265e-02
-3.210000e-01 7.440093e-02
-3.200000e-01 7.488744e-02
-3.190000e-01 7.537207e-02
-3.180000e-01 7.585470e-02
-3.170000e-01 7.633520e-02
-3.160000e-01 7.681347e-02
-3.150000e-01 7.728939e-02
-3.140000e-01 7.776283e-02
-3.130000e-01 7.823367e-02
-3.120000e-01 7.870181e-02
-3.110000e-01 7.916712e-02
-3.100000e-01 7.962948e-02
-3.090000e-01 8.008903e-02
-3.080000e-01 8.054626e-02
-3.070000e-01 8.100170e-02
-3.060000e-01 8.145587e-02
-3.050000e-01 8.190930e-02
-3.040000e-01 8.236252e-02
-3.030000e-01 8.281605e-02
-3.020000e-01 8.327041e-02
-3.010000e-01 8.372614e-02
-3.000000e-01 8.418376e-02
-2.990000e-01 8.464380e-02
-2.980000e-01 8.510678e-02
-2.970000e-01 8.557322e-02
-2.960000e-01 8.604366e-02
-2.950000e-01 8.651862e-02
-2.940000e-01 8.699862e-02
-2.930000e-01 8.748420e-02
-2.920000e-01 8.797587e-02
-2.910000e-01 8.847417e-02
-2.900000e-01 8.897961e-02
-2.890000e-01 8.949273e-02
-2.880000e-01 9.001406e-02
-2.870000e-01 9.054411e-02
-2.860000e-01 9.108341e-02
-2.850000e-01 9.163249e-02
-2.840000e-01 9.219188e-02
-2.830000e-01 9.276210e-02
-2.820000e-01 9.334367e-02
-2.810000e-01 9.393713e-02
-2.800000e-01 9.454300e-02
-2.790000e-01 9.516180e-02
-2.780000e-01 9.579406e-02
-2.770000e-01 9.644032e-02
-2.760000e-01 9.710108e-02
-2.750000e-01 9.777688e-02
-2.740000e-01 9.846825e-02
-2.730000e-01 9.917571e-02
-2.720000e-01 9.989978e-02
-2.710000e-01 1.006410e-01
-2.700000e-01 1.013999e-01
-2.690000e-01 1.021770e-01
-2.680000e-01 1.029728e-01
-2.670000e-01 1.037878e-01
-2.660000e-01 1.046226e-01
-2.650000e-01 1.054778e-01
-2.640000e-01 1.063537e-01
-2.630000e-01 1.072510e-01
-2.620000e-01 1.081702e-01
-2.610000e-01 1.091118e-01
-2.600000e-01 1.100763e-01
-2.590000e-01 1.110642e-01
-2.580000e-01 1.120762e-01
-2.570000e-01 1.131126e-01
-2.560000e-01 1.141741e-01
-2.550000e-01 1.152611e-01
-2.540000e-01 1.163742e-01
-2.530000e-01 1.175140e-01
-2.520000e-01 1.186808e-01
-2.510000e-01 1.198754e-01
-2.500000e-01 1.210981e-01
-2.490000e-01 1.223495e-01
-2.480000e-01 1.236302e-01
-2.470000e-01 1.249406e-01
-2.460000e-01 1.262814e-01
-2.450000e-01 1.276529e-01
-2.440000e-01 1.290558e-01
-2.430000e-01 1.304906e-01
-2.420000e-01 1.319577e-01
-2.410000e-01 1.334578e-01
-2.400000e-01 1.349903e-01
-2.390000e-01 1.365537e-01
-2.380000e-01 1.381461e-01
-2.370000e-01 1.397659e-01
-2.360000e-01 1.414112e-01
-2.350000e-01 1.430803e-01
-2.340000e-01 1.447714e-01
-2.330000e-01 1.464827e-01
-2.320000e-01 1.482126e-01
-2.310000e-01 1.499593e-01
-2.300000e-01 1.517209e-01
-2.290000e-01 1.534958e-01
-2.280000e-01 1.552821e-01
-2.270000e-01 1.570782e-01
-2.260000e-01 1.588822e-01
-2.250000e-01 1.606924e-01
-2.240000e-01 1.625071e-01
-2.230000e-01 1.643245e-01
-2.220000e-01 1.661427e-01
-2.210000e-01 1.679602e-01
-2.200000e-01 1.697750e-01
-2.190000e-01 1.715855e-01
-2.180000e-01 1.733899e-01
-2.170000e-01 1.751865e-01
-2.160000e-01 1.769734e-01
-2.150000e-01 1.787489e-01
-2.140000e-01 1.805112e-01
-2.130000e-01 1.822587e-01
-2.120000e-01 1.839895e-01
-2.110000e-01 1.857019e-01
-2.100000e-01 1.873941e-01
-2.090000e-01 1.890643e-01
-2.080000e-01 1.907109e-01
-2.070000e-01 1.923320e-01
-2.060000e-01 1.939259e-01
-2.050000e-01 1.954908e-01
-2.040000e-01 1.970250e-01
-2.030000e-01 1.985267e-01
-2.020000e-01 1.999942e-01
-2.010000e-01 2.014256e-01
-2.000000e-01 2.028193e-01
-1.990000e-01 2.041734e-01
-1.980000e-01 2.054863e-01
-1.970000e-01 2.067561e-01
-1.960000e-01 2.079811e-01
-1.950000e-01 2.091596e-01
-1.940000e-01 2.102898e-01
-1.930000e-01 2.113698e-01
-1.920000e-01 2.123981e-01
-1.910000e-01 2.133727e-01
-1.900000e-01 2.142920e-01
-1.890000e-01 2.151542e-01
-1.880000e-01 2.159575e-01
-1.870000e-01 2.167001e-01
-1.860000e-01 2.173804e-01
-1.850000e-01 2.179965e-01
-1.840000e-01 2.185468e-01
-1.830000e-01 2.190293e-01
-1.820000e-01 2.194425e-01
-1.810000e-01 2.197845e-01
-1.800000e-01 2.200535e-01
-1.790000e-01 2.202478e-01
-1.780000e-01 2.203657e-01
-1.770000e-01 2.204053e-01
-1.760000e-01 2.203650e-01
-1.750000e-01 2.202429e-01
-1.740000e-01 2.200374e-01
-1.730000e-01 2.197466e-01
-1.720000e-01 2.193689e-01
-1.710000e-01 2.189064e-01
-1.700000e-01 2.183662e-01
-1.690000e-01 2.177553e-01
-1.680000e-01 2.170812e-01
-1.670000e-01 2.163509e-01
-1.660000e-01 2.155718e-01
-1.650000e-01 2.147511e-01
-1.640000e-01 2.138960e-01
-1.630000e-01 2.130138e-01
-1.620000e-01 2.121117e-01
-1.610000e-01 2.111969e-01
-1.600000e-01 2.102767e-01
-1.590000e-01 2.093584e-01
-1.580000e-01 2.084490e-01
-1.570000e-01 2.075560e-01
-1.560000e-01 2.066865e-01
-1.550000e-01 2.058478e-01
-1.540000e-01 2.050471e-01
-1.530000e-01 2.042917e-01
-1.520000e-01 2.035887e-01
-1.510000e-01 2.029455e-01
-1.500000e-01 2.023692e-01
-1.490000e-01 2.018672e-01
-1.480000e-01 2.014466e-01
-1.470000e-01 2.011146e-01
-1.460000e-01 2.008786e-01
-1.450000e-01 2.007458e-01
-1.440000e-01 2.007234e-01
-1.430000e-01 2.008186e-01
-1.420000e-01 2.010386e-01
-1.410000e-01 2.013908e-01
-1.400000e-01 2.018824e-01
-1.390000e-01 2.025205e-01
-1.380000e-01 2.033125e-01
-1.370000e-01 2.042655e-01
-1.360000e-01 2.053869e-01
-1.350000e-01 2.066838e-01
-1.340000e-01 2.081635e-01
-1.330000e-01 2.098332e-01
-1.320000e-01 2.117001e-01
-1.310000e-01 2.137716e-01
-1.300000e-01 2.160549e-01
-1.290000e-01 2.185571e-01
-1.280000e-01 2.212855e-01
-1.270000e-01 2.242474e-01
-1.260000e-01 2.274499e-01
-1.250000e-01 2.309005e-01
-1.240000e-01 2.346061e-01
-1.230000e-01 2.385742e-01
-1.220000e-01 2.428120e-01
-1.210000e-01 2.473266e-01
-1.200000e-01 2.521254e-01
-1.190000e-01 2.572156e-01
-1.180000e-01 2.626043e-01
-1.170000e-01 2.682989e-01
-1.160000e-01 2.743066e-01
-1.150000e-01 2.806346e-01
-1.140000e-01 2.872901e-01
-1.130000e-01 2.942805e-01
-1.120000e-01 3.016129e-01
-1.110000e-01 3.092946e-01
-1.100000e-01 3.173328e-01
-1.090000e-01 3.257347e-01
-1.080000e-01 3.345077e-01
-1.070000e-01 3.436588e-01
-1.060000e-01 3.531955e-01
-1.050000e-01 3.631248e-01
-1.040000e-01 3.734541e-01
-1.030000e-01 3.841903e-01
-1.020000e-01 3.953296e-01
-1.010000e-01 4.068564e-01
-1.000000e-01 4.187542e-01
-9.900000e-02 4.310067e-01
-9.800000e-02 4.435976e-01
-9.700000e-02 4.565103e-01
-9.600000e-02 4.697286e-01
-9.500000e-02 4.832360e-01
-9.400000e-02 4.970162e-01
-9.300000e-02 5.110528e-01
-9.200000e-02 5.253294e-01
-9.100000e-02 5.398296e-01
-9.000000e-02 5.545371e-01
-8.900000e-02 5.694354e-01
-8.800000e-02 5.845082e-01
-8.700000e-02 5.997390e-01
-8.600000e-02 6.151116e-01
-8.500000e-02 6.306095e-01
-8.400000e-02 6.462163e-01
-8.300000e-02 6.619157e-01
-8.200000e-02 6.776912e-01
-8.100000e-02 6.935265e-01
-8.000000e-02 7.094052e-01
-7.900000e-02 7.253110e-01
-7.800000e-02 7.412274e-01
-7.700000e-02 7.571380e-01
-7.600000e-02 7.730265e-01
-7.500000e-02 7.888765e-01
-7.400000e-02 8.046715e-01
-7.300000e-02 8.203953e-01
-7.200000e-02 8.360315e-01
-7.100000e-02 8.515636e-01
-7.000000e-02 8.669752e-01
-6.900000e-02 8.822501e-01
-6.800000e-02 8.973717e-01
-6.700000e-02 9.123238e-01
-6.600000e-02 9.270898e-01
-6.500000e-02 9.416536e-01
-6.400000e-02 9.559986e-01
-6.300000e-02 9.701085e-01
-6.200000e-02 9.839669e-01
-6.100000e-02 9.975574e-01
-6.000000e-02 1.010864e+00
-5.900000e-02 1.023869e+00
-5.800000e-02 1.036558e+00
-5.700000e-02 1.048913e+00
-5.600000e-02 1.060918e+00
-5.500000e-02 1.072557e+00
-5.400000e-02 1.083814e+00
-5.300000e-02 1.094672e+00
-5.200000e-02 1.105114e+00
-5.100000e-02 1.115125e+00
-5.000000e-02 1.124687e+00
-4.900000e-02 1.133785e+00
-4.800000e-02 1.142402e+00
-4.700000e-02 1.150522e+00
-4.600000e-02 1.158128e+00
-4.500000e-02 1.165205e+00
-4.400000e-02 1.171734e+00
-4.300000e-02 1.177701e+00
-4.200000e-02 1.183089e+00
-4.100000e-02 1.187882e+00
-4.000000e-02 1.192062e+00
-3.900000e-02 1.195614e+00
-3.800000e-02 1.198522e+00
-3.700000e-02 1.200768e+00
-3.600000e-02 1.202337e+00
-3.500000e-02 1.203212e+00
-3.400000e-02 1.203377e+00
-3.300000e-02 1.202832e+00
-3.200000e-02 1.201593e+00
-3.100000e-02 1.199675e+00
-3.000000e-02 1.197095e+00
-2.900000e-02 1.193869e+00
-2.800000e-02 1.190014e+00
-2.700000e-02 1.185544e+00
-2.600000e-02 1.180478e+00
-2.500000e-02 1.174831e+00
-2.400000e-02 1.168619e+00
-2.300000e-02 1.161859e+00
-2.200000e-02 1.154566e+00
-2.100000e-02 1.146757e+00
-2.000000e-02 1.138449e+00
-1.900000e-02 1.129656e+00
-1.800000e-02 1.120397e+00
-1.700000e-02 1.110686e+00
-1.600000e-02 1.100541e+00
-1.500000e-02 1.089977e+00
-1.400000e-02 1.079011e+00
-1.300000e-02 1.067658e+00
-1.200000e-02 1.055936e+00
-1.100000e-02 1.043860e+00
-1.000000e-02 1.031446e+00
-9.000000e-03 1.018712e+00
-8.000000e-03 1.005672e+00
-7.000000e-03 9.923436e-01
-6.000000e-03 9.787428e-01
-5.000000e-03 9.648857e-01
-4.000000e-03 9.507886e-01
-3.000000e-03 9.364678e-01
-2.000000e-03 9.219394e-01
-1.000000e-03 9.072197e-01
8.812395e-16 8.923249e-01
1.000000e-03 8.772714e-01
2.000000e-03 8.620752e-01
3.000000e-03 8.467527e-01
4.000000e-03 8.313201e-01
5.000000e-03 8.157935e-01
6.000000e-03 8.001894e-01
7.000000e-03 7.845238e-01
8.000000e-03 7.688131e-01
9.000000e-03 7.530735e-01
1.000000e-02 7.373211e-01
1.100000e-02 7.215723e-01
1.200000e-02 7.058433e-01
1.300000e-02 6.901503e-01
1.400000e-02 6.745095e-01
1.500000e-02 6.589372e-01
1.600000e-02 6.434497e-01
1.700000e-02 6.280631e-01
1.800000e-02 6.127937e-01
1.900000e-02 5.976578e-01
2.000000e-02 5.826715e-01
2.100000e-02 5.678511e-01
2.200000e-02 5.532129e-01
2.300000e-02 5.387731e-01
2.400000e-02 5.245478e-01
2.500000e-02 5.105535e-01
2.600000e-02 4.968062e-01
2.700000e-02 4.833223e-01
2.800000e-02 4.701179e-01
2.900000e-02 4.572093e-01
3.000000e-02 4.446127e-01
3.100000e-02 4.323445e-01
3.200000e-02 4.204207e-01
3.300000e-02 4.088577e-01
3.400000e-02 3.976717e-01
3.500000e-02 3.868784e-01
3.600000e-02 3.764820e-01
3.700000e-02 3.664761e-01
3.800000e-02 3.568535e-01
3.900000e-02 3.476073e-01
4.000000e-02 3.387304e-01
4.100000e-02 3.302158e-01
4.200000e-02 3.220565e-01
4.300000e-02 3.142455e-01
4.400000e-02 3.067757e-01
4.500000e-02 2.996401e-01
4.600000e-02 2.928316e-01
4.700000e-02 2.863433e-01
4.800000e-02 2.801682e-01
4.900000e-02 2.742992e-01
5.000000e-02 2.687292e-01
5.100000e-02 2.634513e-01
5.200000e-02 2.584584e-01
5.300000e-02 2.537436e-01
5.400000e-02 2.492997e-01
5.500000e-02 2.451197e-01
5.600000e-02 2.411968e-01
5.700000e-02 2.375237e-01
5.800000e-02 2.340935e-01
5.900000e-02 2.308991e-01
6.000000e-02 2.279336e-01
6.100000e-02 2.251899e-01
6.200000e-02 2.226610e-01
6.300000e-02 2.203399e-01
6.400000e-02 2.182195e-01
6.500000e-02 2.162928e-01
6.600000e-02 2.145528e-01
6.700000e-02 2.129924e-01
6.800000e-02 2.116047e-01
6.900000e-02 2.103826e-01
7.000000e-02 2.093191e-01
7.100000e-02 2.084071e-01
7.200000e-02 2.076397e-01
7.300000e-02 2.070098e-01
7.400000e-02 2.065104e-01
7.500000e-02 2.061344e-01
7.600000e-02 2.058749e-01
7.700000e-02 2.057248e-01
7.800000e-02 2.056771e-01
7.900000e-02 2.057248e-01
8.000000e-02 2.058608e-01
8.100000e-02 2.060781e-01
8.200000e-02 2.063697e-01
8.300000e-02 2.067286e-01
8.400000e-02 2.071477e-01
8.500000e-02 2.076201e-01
8.600000e-02 2.081386e-01
8.700000e-02 2.086963e-01
8.800000e-02 2.092861e-01
8.900000e-02 2.099011e-01
9.000000e-02 2.105341e-01
9.100000e-02 2.111783e-01
9.200000e-02 2.118264e-01
9.300000e-02 2.124716e-01
9.400000e-02 2.131068e-01
9.500000e-02 2.137250e-01
9.600000e-02 2.143191e-01
9.700000e-02 2.148821e-01
9.800000e-02 2.154070e-01
9.900000e-02 2.158868e-01
1.000000e-01 2.163144e-01
1.010000e-01 2.166829e-01
1.020000e-01 2.169852e-01
1.030000e-01 2.172142e-01
1.040000e-01 2.173632e-01
1.050000e-01 2.174299e-01
1.060000e-01 2.174158e-01
1.070000e-01 2.173226e-01
1.080000e-01 2.171519e-01
1.090000e-01 2.169055e-01
1.100000e-01 2.165850e-01
1.110000e-01 2.161921e-01
1.120000e-01 2.157284e-01
1.130000e-01 2.151957e-01
1.140000e-01 2.145957e-01
1.150000e-01 2.139300e-01
1.160000e-01 2.132002e-01
1.170000e-01 2.124082e-01
1.180000e-01 2.115554e-01
1.190000e-01 2.106438e-01
1.200000e-01 2.096748e-01
1.210000e-01 2.086502e-01
1.220000e-01 2.075716e-01
1.230000e-01 2.064408e-01
1.240000e-01 2.052595e-01
1.250000e-01 2.040292e-01
1.260000e-01 2.027517e-01
1.270000e-01 2.014287e-01
1.280000e-01 2.000618e-01
1.290000e-01 1.986527e-01
1.300000e-01 1.972031e-01
1.310000e-01 1.957147e-01
1.320000e-01 1.941891e-01
1.330000e-01 1.926280e-01
1.340000e-01 1.910332e-01
1.350000e-01 1.894063e-01
1.360000e-01 1.877489e-01
1.370000e-01 1.860628e-01
1.380000e-01 1.843495e-01
1.390000e-01 1.826109e-01
1.400000e-01 1.808486e-01
1.410000e-01 1.790642e-01
1.420000e-01 1.772595e-01
1.430000e-01 1.754361e-01
1.440000e-01 1.735957e-01
1.450000e-01 1.717399e-01
1.460000e-01 1.698705e-01
1.470000e-01 1.679892e-01
1.480000e-01 1.660975e-01
1.490000e-01 1.641973e-01
1.500000e-01 1.622901e-01
1.510000e-01 1.603776e-01
1.520000e-01 1.584616e-01
1.530000e-01 1.565437e-01
1.540000e-01 1.546255e-01
1.550000e-01 1.527089e-01
1.560000e-01 1.507953e-01
1.570000e-01 1.488866e-01
1.580000e-01 1.469844e-01
1.590000e-01 1.450903e-01
1.600000e-01 1.432062e-01
1.610000e-01 1.413335e-01
1.620000e-01 1.394741e-01
1.630000e-01 1.376295e-01
1.640000e-01 1.358015e-01
1.650000e-01 1.339918e-01
1.660000e-01 1.322020e-01
1.670000e-01 1.304338e-01
1.680000e-01 1.286888e-01
1.690000e-01 1.269689e-01
1.700000e-01 1.252756e-01
1.710000e-01 1.236106e-01
1.720000e-01 1.219756e-01
1.730000e-01 1.203722e-01
1.740000e-01 1.188009e-01
1.750000e-01 1.172611e-01
1.760000e-01 1.157524e-01
1.770000e-01 1.142742e-01
1.780000e-01 1.128260e-01
1.790000e-01 1.114074e-01
1.800000e-01 1.100178e-01
1.810000e-01 1.086567e-01
1.820000e-01 1.073236e-01
1.830000e-01 1.060180e-01
1.840000e-01 1.047394e-01
1.850000e-01 1.034872e-01
1.860000e-01 1.022610e-01
1.870000e-01 1.010602e-01
1.880000e-01 9.988439e-02
1.890000e-01 9.873299e-02
1.900000e-01 9.760552e-02
1.910000e-01 9.650145e-02
1.920000e-01 9.542028e-02
1.930000e-01 9.436150e-02
1.940000e-01 9.332461e-02
1.950000e-01 9.230908e-02
1.960000e-01 9.131441e-02
1.970000e-01 9.034010e-02
1.980000e-01 8.938563e-02
1.990000e-01 8.845049e-02
2.000000e-01 8.753417e-02
2.010000e-01 8.663617e-02
2.020000e-01 8.575597e-02
2.030000e-01 8.489306e-02
2.040000e-01 8.404693e-02
2.050000e-01 8.321708e-02
2.060000e-01 8.240300e-02
2.070000e-01 8.160417e-02
2.080000e-01 8.082008e-02
2.090000e-01 8.005023e-02
2.100000e-01 7.929411e-02
2.110000e-01 7.855120e-02
2.120000e-01 7.782100e-02
2.130000e-01 7.710300e-02
2.140000e-01 7.639668e-02
2.150000e-01 7.570154e-02
2.160000e-01 7.501707e-02
2.170000e-01 7.434276e-02
2.180000e-01 7.367809e-02
2.190000e-01 7.302257e-02
2.200000e-01 7.237567e-02
2.210000e-01 7.173690e-02
2.220000e-01 7.110573e-02
2.230000e-01 7.048166e-02
2.240000e-01 6.986419e-02
2.250000e-01 6.925279e-02
2.260000e-01 6.864697e-02
2.270000e-01 6.804621e-02
2.280000e-01 6.745000e-02
2.290000e-01 6.685783e-02
2.300000e-01 6.626920e-02
2.310000e-01 6.568359e-02
2.320000e-01 6.510049e-02
2.330000e-01 6.451939e-02
2.340000e-01 6.393979e-02
2.350000e-01 6.336118e-02
2.360000e-01 6.278303e-02
2.370000e-01 6.220486e-02
2.380000e-01 6.162614e-02
2.390000e-01 6.104636e-02
2.400000e-01 6.046502e-02
2.410000e-01 5.988161e-02
2.420000e-01 5.929564e-02
2.430000e-01 5.870696e-02
2.440000e-01 5.811569e-02
2.450000e-01 5.752194e-02
2.460000e-01 5.692581e-02
2.470000e-01 5.632743e-02
2.480000e-01 5.572689e-02
2.490000e-01 5.512431e-02
2.500000e-01 5.451981e-02
2.510000e-01 5.391349e-02
2.520000e-01 5.330547e-02
2.530000e-01 5.269586e-02
2.540000e-01 5.208476e-02
2.550000e-01 5.147230e-02
2.560000e-01 5.085858e-02
2.570000e-01 5.024371e-02
2.580000e-01 4.962781e-02
2.590000e-01 4.901099e-02
2.600000e-01 4.839335e-02
2.610000e-01 4.777501e-02
2.620000e-01 4.715609e-02
2.630000e-01 4.653669e-02
2.640000e-01 4.591692e-02
2.650000e-01 4.529690e-02
2.660000e-01 4.467674e-02
2.670000e-01 4.405654e-02
2.680000e-01 4.343643e-02
2.690000e-01 4.281651e-02
2.700000e-01 4.219689e-02
2.710000e-01 4.157769e-02
2.720000e-01 4.095901e-02
2.730000e-01 4.034098e-02
2.740000e-01 3.972369e-02
2.750000e-01 3.910726e-02
2.760000e-01 3.849181e-02
2.770000e-01 3.787744e-02
2.780000e-01 3.726427e-02
2.790000e-01 3.665240e-02
2.800000e-01 3.604195e-02
2.810000e-01 3.543304e-02
2.820000e-01 3.482576e-02
2.830000e-01 3.422024e-02
2.840000e-01 3.361659e-02
2.850000e-01 3.301491e-02
2.860000e-01 3.241532e-02
2.870000e-01 3.181792e-02
2.880000e-01 3.122284e-02
2.890000e-01 3.063019e-02
2.900000e-01 3.004006e-02
2.910000e-01 2.945258e-02
2.920000e-01 2.886786e-02
2.930000e-01 2.828601e-02
2.940000e-01 2.770714e-02
2.950000e-01 2.713136e-02
2.960000e-01 2.655878e-02
2.970000e-01 2.598952e-02
2.980000e-01 2.542368e-02
2.990000e-01 2.486138e-02
3.000000e-01 2.430274e-02
3.010000e-01 2.374785e-02
3.020000e-01 2.319683e-02
3.030000e-01 2.264980e-02
3.040000e-01 2.210686e-02
3.050000e-01 2.156813e-02
3.060000e-01 2.103372e-02
3.070000e-01 2.050374e-02
3.080000e-01 1.997830e-02
3.090000e-01 1.945752e-02
3.100000e-01 1.894150e-02
3.110000e-01 1.843034e-02
3.120000e-01 1.792408e-02
3.130000e-01 1.742266e-02
3.140000e-01 1.692604e-02
3.150000e-01 1.643418e-02
3.160000e-01 1.594705e-02
3.170000e-01 1.546459e-02
3.180000e-01 1.498676e-02
3.190000e-01 1.451353e-02
3.200000e-01 1.404486e-02
3.210000e-01 1.358069e-02
3.220000e-01 1.312099e-02
3.230000e-01 1.266572e-02
3.240000e-01 1.221484e-02
3.250000e-01 1.176829e-02
3.260000e-01 1.132605e-02
3.270000e-01 1.088806e-02
3.280000e-01 1.045430e-02
3.290000e-01 1.002471e-02
3.300000e-01 9.599249e-03
3.310000e-01 9.177883e-03
3.320000e-01 8.760567e-03
3.330000e-01 8.347258e-03
3.340000e-01 7.937916e-03
3.350000e-01 7.532498e-03
3.360000e-01 7.130962e-03
3.370000e-01 6.733267e-03
3.380000e-01 6.339370e-03
3.390000e-01 5.949229e-03
3.400000e-01 5.562804e-03
3.410000e-01 5.180052e-03
3.420000e-01 4.800930e-03
3.430000e-01 4.425398e-03
3.440000e-01 4.053414e-03
3.450000e-01 3.684934e-03
3.460000e-01 3.319919e-03
3.470000e-01 2.958325e-03
3.480000e-01 2.600111e-03
3.490000e-01 2.245235e-03
3.500000e-01 1.893655e-03
3.510000e-01 1.545330e-03
3.520000e-01 1.200217e-03
3.530000e-01 8.582740e-04
3.540000e-01 5.194602e-04
3.550000e-01 1.837331e-04
3.560000e-01 -1.489490e-04
3.570000e-01 -4.786280e-04
3.580000e-01 -8.053458e-04
3.590000e-01 -1.129144e-03
3.600000e-01 -1.450065e-03
3.610000e-01 -1.768151e-03
3.620000e-01 -2.083442e-03
3.630000e-01 -2.395982e-03
3.640000e-01 -2.705812e-03
3.650000e-01 -3.012973e-03
3.660000e-01 -3.317509e-03
3.670000e-01 -3.619460e-03
3.680000e-01 -3.918868e-03
3.690000e-01 -4.215776e-03
3.700000e-01 -4.510225e-03
3.710000e-01 -4.802257e-03
3.720000e-01 -5.091914e-03
3.730000e-01 -5.379237e-03
3.740000e-01 -5.664270e-03
3.750000e-01 -5.947053e-03
3.760000e-01 -6.227628e-03
3.770000e-01 -6.506038e-03
3.780000e-01 -6.782323e-03
3.790000e-01 -7.056527e-03
3.800000e-01 -7.328688e-03
3.810000e-01 -7.598818e-03
3.820000e-01 -7.866912e-03
3.830000e-01 -8.132963e-03
3.840000e-01 -8.396967e-03
3.850000e-01 -8.658918e-03
3.860000e-01 -8.918811e-03
3.870000e-01 -9.176639e-03
3.880000e-01 -9.432398e-03
3.890000e-01 -9.686083e-03
3.900000e-01 -9.937686e-03
3.910000e-01 -1.018720e-02
3.920000e-01 -1.043463e-02
3.930000e-01 -1.067996e-02
3.940000e-01 -1.092319e-02
3.950000e-01 -1.116430e-02
3.960000e-01 -1.140331e-02
3.970000e-01 -1.164019e-02
3.980000e-01 -1.187496e-02
3.990000e-01 -1.210759e-02
4.000000e-01 -1.233808e-02
4.010000e-01 -1.256644e-02
4.020000e-01 -1.279264e-02
4.030000e-01 -1.301670e-02
4.040000e-01 -1.323860e-02
4.050000e-01 -1.345833e-02
4.060000e-01 -1.367590e-02
4.070000e-01 -1.389129e-02
4.080000e-01 -1.410450e-02
4.090000e-01 -1.431553e-02
4.100000e-01 -1.452437e-02
4.110000e-01 -1.473101e-02
4.120000e-01 -1.493544e-02
4.130000e-01 -1.513768e-02
4.140000e-01 -1.533769e-02
4.150000e-01 -1.553549e-02
4.160000e-01 -1.573107e-02
4.170000e-01 -1.592442e-02
4.180000e-01 -1.611553e-02
4.190000e-01 -1.630440e-02
4.200000e-01 -1.649103e-02
4.210000e-01 -1.667540e-02
4.220000e-01 -1.685752e-02
4.230000e-01 -1.703738e-02
4.240000e-01 -1.721497e-02
4.250000e-01 -1.739028e-02
4.260000e-01 -1.756332e-02
4.270000e-01 -1.773407e-02
4.280000e-01 -1.790253e-02
4.290000e-01 -1.806870e-02
4.300000e-01 -1.823256e-02
4.310000e-01 -1.839412e-02
4.320000e-01 -1.855337e-02
4.330000e-01 -1.871030e-02
4.340000e-01 -1.886490e-02
4.350000e-01 -1.901718e-02
4.360000e-01 -1.916713e-02
4.370000e-01 -1.931473e-02
4.380000e-01 -1.945999e-02
4.390000e-01 -1.960290e-02
4.400000e-01 -1.974345e-02
4.410000e-01 -1.988165e-02
4.420000e-01 -2.001747e-02
4.430000e-01 -2.015092e-02
4.440000e-01 -2.028200e-02
4.450000e-01 -2.041069e-02
4.460000e-01 -2.053699e-02
4.470000e-01 -2.066090e-02
4.480000e-01 -2.078240e-02
4.490000e-01 -2.090151e-02
4.500000e-01 -2.101820e-02
4.510000e-01 -2.113250e-02
4.520000e-01 -2.124439e-02
4.530000e-01 -2.135389e-02
4.540000e-01 -2.146100e-02
4.550000e-01 -2.156571e-02
4.560000e-01 -2.166804e-02
4.570000e-01 -2.176798e-02
4.580000e-01 -2.186553e-02
4.590000e-01 -2.196071e-02
4.600000e-01 -2.205351e-02
4.610000e-01 -2.214393e-02
4.620000e-01 -2.223198e-02
4.630000e-01 -2.231767e-02
4.640000e-01 -2.240099e-02
4.650000e-01 -2.248194e-02
4.660000e-01 -2.256053e-02
4.670000e-01 -2.263677e-02
4.680000e-01 -2.271065e-02
4.690000e-01 -2.278218e-02
4.700000e-01 -2.285136e-02
4.710000e-01 -2.291819e-02
4.720000e-01 -2.298267e-02
4.730000e-01 -2.304482e-02
4.740000e-01 -2.310463e-02
4.750000e-01 -2.316210e-02
4.760000e-01 -2.321724e-02
4.770000e-01 -2.327005e-02
4.780000e-01 -2.332053e-02
4.790000e-01 -2.336869e-02
4.800000e-01 -2.341452e-02
4.810000e-01 -2.345804e-02
4.820000e-01 -2.349924e-02
4.830000e-01 -2.353813e-02
4.840000e-01 -2.357470e-02
4.850000e-01 -2.360897e-02
4.860000e-01 -2.364093e-02
4.870000e-01 -2.367059e-02
4.880000e-01 -2.369795e-02
4.890000e-01 -2.372302e-02
4.900000e-01 -2.374579e-02
4.910000e-01 -2.376626e-02
4.920000e-01 -2.378445e-02
4.930000e-01 -2.380036e-02
4.940000e-01 -2.381398e-02
4.950000e-01 -2.382532e-02
4.960000e-01 -2.383438e-02
4.970000e-01 -2.384117e-02
4.980000e-01 -2.384569e-02
4.990000e-01 -2.384794e-02
5.000000e-01 -2.384792e-02
5.010000e-01 -2.384564e-02
5.020000e-01 -2.384109e-02
5.030000e-01 -2.383429e-02
5.040000e-01 -2.382524e-02
5.050000e-01 -2.381393e-02
5.060000e-01 -2.380037e-02
5.070000e-01 -2.378456e-02
5.080000e-01 -2.376651e-02
5.090000e-01 -2.374622e-02
5.100000e-01 -2.372369e-02
5.110000e-01 -2.369893e-02
5.120000e-01 -2.367193e-02
5.130000e-01 -2.364270e-02
5.140000e-01 -2.361125e-02
5.150000e-01 -2.357757e-02
5.160000e-01 -2.354166e-02
5.170000e-01 -2.350354e-02
5.180000e-01 -2.346320e-02
5.190000e-01 -2.342065e-02
5.200000e-01 -2.337587e-02
5.210000e-01 -2.332888e-02
5.220000e-01 -2.327967e-02
5.230000e-01 -2.322823e-02
5.240000e-01 -2.317457e-02
5.250000e-01 -2.311868e-02
5.260000e-01 -2.306057e-02
5.270000e-01 -2.300023e-02
5.280000e-01 -2.293766e-02
5.290000e-01 -2.287285e-02
5.300000e-01 -2.280582e-02
5.310000e-01 -2.273655e-02
5.320000e-01 -2.266504e-02
5.330000e-01 -2.259130e-02
5.340000e-01 -2.251532e-02
5.350000e-01 -2.243710e-02
5.360000e-01 -2.235663e-02
5.370000e-01 -2.227393e-02
5.380000e-01 -2.218898e-02
5.390000e-01 -2.210178e-02
5.400000e-01 -2.201234e-02
5.410000e-01 -2.192065e-02
5.420000e-01 -2.182670e-02
5.430000e-01 -2.173051e-02
5.440000e-01 -2.163206e-02
5.450000e-01 -2.153136e-02
5.460000e-01 -2.142840e-02
5.470000e-01 -2.132319e-02
5.480000e-01 -2.121572e-02
5.490000e-01 -2.110598e-02
5.500000e-01 -2.099399e-02
5.510000e-01 -2.087973e-02
5.520000e-01 -2.076321e-02
5.530000e-01 -2.064442e-02
5.540000e-01 -2.052336e-02
5.550000e-01 -2.040003e-02
5.560000e-01 -2.027444e-02
5.570000e-01 -2.014657e-02
5.580000e-01 -2.001643e-02
5.590000e-01 -1.988401e-02
5.600000e-01 -1.974932e-02
5.610000e-01 -1.961235e-02
5.620000e-01 -1.947310e-02
5.630000e-01 -1.933157e-02
5.640000e-01 -1.918776e-02
5.650000e-01 -1.904166e-02
5.660000e-01 -1.889328e-02
5.670000e-01 -1.874261e-02
5.680000e-01 -1.858966e-02
5.690000e-01 -1.843441e-02
5.700000e-01 -1.827688e-02
5.710000e-01 -1.811705e-02
5.720000e-01 -1.795493e-02
5.730000e-01 -1.779052e-02
5.740000e-01 -1.762380e-02
5.750000e-01 -1.745479e-02
5.760000e-01 -1.728348e-02
5.770000e-01 -1.710987e-02
5.780000e-01 -1.693396e-02
5.790000e-01 -1.675574e-02
5.800000e-01 -1.657522e-02
5.810000e-01 -1.639239e-02
5.820000e-01 -1.620725e-02
5.830000e-01 -1.601981e-02
5.840000e-01 -1.583005e-02
5.850000e-01 -1.563798e-02
5.860000e-01 -1.544360e-02
5.870000e-01 -1.524690e-02
5.880000e-01 -1.504787e-02
5.890000e-01 -1.484652e-02
5.900000e-01 -1.464282e-02
5.910000e-01 -1.443676e-02
5.920000e-01 -1.422835e-02
5.930000e-01 -1.401756e-02
5.940000e-01 -1.380439e-02
5.950000e-01 -1.358883e-02
5.960000e-01 -1.337087e-02
5.970000e-01 -1.315050e-02
5.980000e-01 -1.292770e-02
5.990000e-01 -1.270248e-02
6.000000e-01 -1.247481e-02
6.010000e-01 -1.224469e-02
6.020000e-01 -1.201212e-02
6.030000e-01 -1.177707e-02
6.040000e-01 -1.153954e-02
6.050000e-01 -1.129953e-02
6.060000e-01 -1.105701e-02
6.070000e-01 -1.081199e-02
6.080000e-01 -1.056445e-02
6.090000e-01 -1.031438e-02
6.100000e-01 -1.006177e-02
6.110000e-01 -9.806610e-03
6.120000e-01 -9.548895e-03
6.130000e-01 -9.288613e-03
6.140000e-01 -9.025753e-03
6.150000e-01 -8.760306e-03
6.160000e-01 -8.492262e-03
6.170000e-01 -8.221612e-03
6.180000e-01 -7.948345e-03
6.190000e-01 -7.672452e-03
6.200000e-01 -7.393924e-03
6.210000e-01 -7.112749e-03
6.220000e-01 -6.828919e-03
6.230000e-01 -6.542424e-03
6.240000e-01 -6.253255e-03
6.250000e-01 -5.961400e-03
6.260000e-01 -5.666851e-03
6.270000e-01 -5.369598e-03
6.280000e-01 -5.069630e-03
6.290000e-01 -4.766939e-03
6.300000e-01 -4.461515e-03
6.310000e-01 -4.153347e-03
6.320000e-01 -3.842426e-03
6.330000e-01 -3.528742e-03
6.340000e-01 -3.212286e-03
6.350000e-01 -2.893047e-03
6.360000e-01 -2.571016e-03
6.370000e-01 -2.246183e-03
6.380000e-01 -1.918539e-03
6.390000e-01 -1.588073e-03
6.400000e-01 -1.254776e-03
6.410000e-01 -9.186383e-04
6.420000e-01 -5.796498e-04
6.430000e-01 -2.378007e-04
6.440000e-01 1.069185e-04
6.450000e-01 4.545178e-04
6.460000e-01 8.050068e-04
6.470000e-01 1.158395e-03
6.480000e-01 1.514693e-03
6.490000e-01 1.873910e-03
6.500000e-01 2.236056e-03
6.510000e-01 2.601140e-03
6.520000e-01 2.969173e-03
6.530000e-01 3.340163e-03
6.540000e-01 3.714122e-03
6.550000e-01 4.091058e-03
6.560000e-01 4.470980e-03
6.570000e-01 4.853886e-03
6.580000e-01 5.239771e-03
6.590000e-01 5.628628e-03
6.600000e-01 6.020452e-03
6.610000e-01 6.415237e-03
6.620000e-01 6.812976e-03
6.630000e-01 7.213665e-03
6.640000e-01 7.617296e-03
6.650000e-01 8.023865e-03
6.660000e-01 8.433366e-03
6.670000e-01 8.845792e-03
6.680000e-01 9.261137e-03
6.690000e-01 9.679397e-03
6.700000e-01 1.010056e-02
6.710000e-01 1.052463e-02
6.720000e-01 1.095160e-02
6.730000e-01 1.138146e-02
6.740000e-01 1.181420e-02
6.750000e-01 1.224981e-02
6.760000e-01 1.268831e-02
6.770000e-01 1.312967e-02
6.780000e-01 1.357388e-02
6.790000e-01 1.402096e-02
6.800000e-01 1.447088e-02
6.810000e-01 1.492365e-02
6.820000e-01 1.537926e-02
6.830000e-01 1.583769e-02
6.840000e-01 1.629896e-02
6.850000e-01 1.676304e-02
6.860000e-01 1.722993e-02
6.870000e-01 1.769964e-02
6.880000e-01 1.817215e-02
6.890000e-01 1.864745e-02
6.900000e-01 1.912554e-02
6.910000e-01 1.960642e-02
6.920000e-01 2.009008e-02
6.930000e-01 2.057651e-02
6.940000e-01 2.106571e-02
6.950000e-01 2.155767e-02
6.960000e-01 2.205238e-02
6.970000e-01 2.254985e-02
6.980000e-01 2.305005e-02
6.990000e-01 2.355300e-02
7.000000e-01 2.405868e-02
7.010000e-01 2.456708e-02
7.020000e-01 2.507820e-02
7.030000e-01 2.559204e-02
7.040000e-01 2.610859e-02
7.050000e-01 2.662784e-02
7.060000e-01 2.714978e-02
7.070000e-01 2.767442e-02
7.080000e-01 2.820174e-02
7.090000e-01 2.873174e-02
7.100000e-01 2.926442e-02
7.110000e-01 2.979976e-02
7.120000e-01 3.033776e-02
7.130000e-01 3.087842e-02
7.140000e-01 3.142173e-02
7.150000e-01 3.196768e-02
7.160000e-01 3.251627e-02
7.170000e-01 3.306749e-02
7.180000e-01 3.362134e-02
7.190000e-01 3.417781e-02
7.200000e-01 3.473689e-02
7.210000e-01 3.529858e-02
7.220000e-01 3.586288e-02
7.230000e-01 3.642977e-02
7.240000e-01 3.699925e-02
7.250000e-01 3.757133e-02
7.260000e-01 3.814607e-02
7.270000e-01 3.872355e-02
7.280000e-01 3.930387e-02
7.290000e-01 3.988710e-02
7.300000e-01 4.047333e-02
7.310000e-01 4.106266e-02
7.320000e-01 4.165516e-02
7.330000e-01 4.225092e-02
7.340000e-01 4.285003e-02
7.350000e-01 4.345258e-02
7.360000e-01 4.405865e-02
7.370000e-01 4.466832e-02
7.380000e-01 4.528169e-02
7.390000e-01 4.589884e-02
7.400000e-01 4.651986e-02
7.410000e-01 4.714483e-02
7.420000e-01 4.777383e-02
7.430000e-01 4.840696e-02
7.440000e-01 4.904431e-02
7.450000e-01 4.968595e-02
7.460000e-01 5.033197e-02
7.470000e-01 5.098247e-02
7.480000e-01 5.163752e-02
7.490000e-01 5.229721e-02
7.500000e-01 5.296163e-02
7.510000e-01 5.363087e-02
7.520000e-01 5.430500e-02
7.530000e-01 5.498413e-02
7.540000e-01 5.566833e-02
7.550000e-01 5.635769e-02
7.560000e-01 5.705229e-02
7.570000e-01 5.775223e-02
7.580000e-01 5.845758e-02
7.590000e-01 5.916844e-02
7.600000e-01 5.988489e-02
7.610000e-01 6.060702e-02
7.620000e-01 6.133492e-02
7.630000e-01 6.206866e-02
7.640000e-01 6.280834e-02
7.650000e-01 6.355404e-02
7.660000e-01 6.430585e-02
7.670000e-01 6.506385e-02
7.680000e-01 6.582814e-02
7.690000e-01 6.659879e-02
7.700000e-01 6.737590e-02
7.710000e-01 6.815954e-02
7.720000e-01 6.894982e-02
7.730000e-01 6.974680e-02
7.740000e-01 7.055058e-02
7.750000e-01 7.136125e-02
7.760000e-01 7.217889e-02
7.770000e-01 7.300359e-02
7.780000e-01 7.383543e-02
7.790000e-01 7.467450e-02
7.800000e-01 7.552088e-02
7.810000e-01 7.637467e-02
7.820000e-01 7.723595e-02
7.830000e-01 7.810480e-02
7.840000e-01 7.898131e-02
7.850000e-01 7.986557e-02
7.860000e-01 8.075767e-02
7.870000e-01 8.165768e-02
7.880000e-01 8.256570e-02
7.890000e-01 8.348181e-02
7.900000e-01 8.440610e-02
7.910000e-01 8.533866e-02
7.920000e-01 8.627956e-02
7.930000e-01 8.722891e-02
7.940000e-01 8.818674e-02
7.950000e-01 8.915294e-02
7.960000e-01 9.012734e-02
7.970000e-01 9.110974e-02
7.980000e-01 9.209996e-02
7.990000e-01 9.309784e-02
8.000000e-01 9.410317e-02
8.010000e-01 9.511579e-02
8.020000e-01 9.613551e-02
8.030000e-01 9.716214e-02
8.040000e-01 9.819552e-02
8.050000e-01 9.923545e-02
8.060000e-01 1.002818e-01
8.070000e-01 1.013343e-01
8.080000e-01 1.023928e-01
8.090000e-01 1.034571e-01
8.100000e-01 1.045271e-01
8.110000e-01 1.056026e-01
8.120000e-01 1.066834e-01
8.130000e-01 1.077692e-01
8.140000e-01 1.088600e-01
8.150000e-01 1.099556e-01
8.160000e-01 1.110557e-01
8.170000e-01 1.121602e-01
8.180000e-01 1.132688e-01
8.190000e-01 1.143815e-01
8.200000e-01 1.154981e-01
8.210000e-01 1.166183e-01
8.220000e-01 1.177420e-01
8.230000e-01 1.188689e-01
8.240000e-01 1.199990e-01
8.250000e-01 1.211320e-01
8.260000e-01 1.222678e-01
8.270000e-01 1.234061e-01
8.280000e-01 1.245468e-01
8.290000e-01 1.256898e-01
8.300000e-01 1.268347e-01
8.310000e-01 1.279815e-01
8.320000e-01 1.291300e-01
8.330000e-01 1.302799e-01
8.340000e-01 1.314312e-01
8.350000e-01 1.325836e-01
8.360000e-01 1.337369e-01
8.370000e-01 1.348909e-01
8.380000e-01 1.360456e-01
8.390000e-01 1.372006e-01
8.400000e-01 1.383558e-01
8.410000e-01 1.395111e-01
8.420000e-01 1.406662e-01
8.430000e-01 1.418210e-01
8.440000e-01 1.429753e-01
8.450000e-01 1.441289e-01
8.460000e-01 1.452816e-01
8.470000e-01 1.464333e-01
8.480000e-01 1.475837e-01
8.490000e-01 1.487327e-01
8.500000e-01 1.498801e-01
8.510000e-01 1.510257e-01
8.520000e-01 1.521694e-01
8.530000e-01 1.533109e-01
8.540000e-01 1.544501e-01
8.550000e-01 1.555868e-01
8.560000e-01 1.567208e-01
8.570000e-01 1.578519e-01
8.580000e-01 1.589800e-01
8.590000e-01 1.601049e-01
8.600000e-01 1.612263e-01
8.610000e-01 1.623442e-01
8.620000e-01 1.634583e-01
8.630000e-01 1.645685e-01
8.640000e-01 1.656758e-01
8.650000e-01 1.667812e-01
8.660000e-01 1.678858e-01
8.670000e-01 1.689905e-01
8.680000e-01 1.700965e-01
8.690000e-01 1.712048e-01
8.700000e-01 1.723165e-01
8.710000e-01 1.734327e-01
8.720000e-01 1.745544e-01
8.730000e-01 1.756827e-01
8.740000e-01 1.768186e-01
8.750000e-01 1.779632e-01
8.760000e-01 1.791175e-01
8.770000e-01 1.802827e-01
8.780000e-01 1.814598e-01
8.790000e-01 1.826498e-01
8.800000e-01 1.838538e-01
8.810000e-01 1.850729e-01
8.820000e-01 1.863081e-01
8.830000e-01 1.875605e-01
8.840000e-01 1.888312e-01
8.850000e-01 1.901211e-01
8.860000e-01 1.914315e-01
8.870000e-01 1.927633e-01
8.880000e-01 1.941176e-01
8.890000e-01 1.954954e-01
8.900000e-01 1.968979e-01
8.910000e-01 1.983261e-01
8.920000e-01 1.997810e-01
8.930000e-01 2.012637e-01
8.940000e-01 2.027753e-01
8.950000e-01 2.043168e-01
8.960000e-01 2.058894e-01
8.970000e-01 2.074939e-01
8.980000e-01 2.091316e-01
8.990000e-01 2.108035e-01
9.000000e-01 2.125106e-01
9.010000e-01 2.142540e-01
9.020000e-01 2.160348e-01
9.030000e-01 2.178540e-01
9.040000e-01 2.197127e-01
9.050000e-01 2.216119e-01
9.060000e-01 2.235528e-01
9.070000e-01 2.255363e-01
9.080000e-01 2.275636e-01
9.090000e-01 2.296356e-01
9.100000e-01 2.317536e-01
9.110000e-01 2.339184e-01
9.120000e-01 2.361312e-01
9.130000e-01 2.383931e-01
9.140000e-01 2.407050e-01
9.150000e-01 2.430682e-01
9.160000e-01 2.454835e-01
9.170000e-01 2.479522e-01
9.180000e-01 2.504752e-01
9.190000e-01 2.530536e-01
9.200000e-01 2.556885e-01
9.210000e-01 2.583809e-01
9.220000e-01 2.611319e-01
9.230000e-01 2.639426e-01
9.240000e-01 2.668140e-01
9.250000e-01 2.697472e-01
9.260000e-01 2.727432e-01
9.270000e-01 2.758031e-01
9.280000e-01 2.789281e-01
9.290000e-01 2.821190e-01
9.300000e-01 2.853770e-01
9.310000e-01 2.887032e-01
9.320000e-01 2.920981e-01
9.330000e-01 2.955604e-01
9.340000e-01 2.990879e-01
9.350000e-01 3.026788e-01
9.360000e-01 3.063309e-01
9.370000e-01 3.100423e-01
9.380000e-01 3.138110e-01
9.390000e-01 3.176350e-01
9.400000e-01 3.215122e-01
9.410000e-01 3.254406e-01
9.420000e-01 3.294183e-01
9.430000e-01 3.334432e-01
9.440000e-01 3.375134e-01
9.450000e-01 3.416267e-01
9.460000e-01 3.457813e-01
9.470000e-01 3.499750e-01
9.480000e-01 3.542060e-01
9.490000e-01 3.584721e-01
9.500000e-01 3.627714e-01
9.510000e-01 3.671018e-01
9.520000e-01 3.714614e-01
9.530000e-01 3.758482e-01
9.540000e-01 3.802601e-01
9.550000e-01 3.846951e-01
9.560000e-01 3.891513e-01
9.570000e-01 3.936265e-01
9.580000e-01 3.981189e-01
9.590000e-01 4.026263e-01
9.600000e-01 4.071469e-01
9.610000e-01 4.116785e-01
9.620000e-01 4.162192e-01
9.630000e-01 4.207670e-01
9.640000e-01 4.253198e-01
9.650000e-01 4.298757e-01
9.660000e-01 4.344326e-01
9.670000e-01 4.389885e-01
9.680000e-01 4.435415e-01
9.690000e-01 4.480895e-01
9.700000e-01 4.526304e-01
9.710000e-01 4.571624e-01
9.720000e-01 4.616834e-01
9.730000e-01 4.661913e-01
9.740000e-01 4.706842e-01
9.750000e-01 4.751601e-01
9.760000e-01 4.796170e-01
9.770000e-01 4.840528e-01
9.780000e-01 4.884655e-01
9.790000e-01 4.928531e-01
9.800000e-01 4.972137e-01
9.810000e-01 5.015452e-01
9.820000e-01 5.058456e-01
9.830000e-01 5.101129e-01
9.840000e-01 5.143451e-01
9.850000e-01 5.185402e-01
9.860000e-01 5.226961e-01
9.870000e-01 5.268109e-01
9.880000e-01 5.308826e-01
9.890000e-01 5.349091e-01
9.900000e-01 5.388884e-01
9.910000e-01 5.428186e-01
9.920000e-01 5.466976e-01
9.930000e-01 5.505234e-01
9.940000e-01 5.542941e-01
9.950000e-01 5.580075e-01
9.960000e-01 5.616617e-01
9.970000e-01 5.652547e-01
9.980000e-01 5.687845e-01
9.990000e-01 5.722490e-01
