-1.000000e+00 -7.000000e+00
-9.990000e-01 -6.969499e+00
-9.980000e-01 -6.938731e+00
-9.970000e-01 -6.907700e+00
-9.960000e-01 -6.876412e+00
-9.950000e-01 -6.844871e+00
-9.940000e-01 -6.813084e+00
-9.930000e-01 -6.781054e+00
-9.920000e-01 -6.748789e+00
-9.910000e-01 -6.716291e+00
-9.900000e-01 -6.683568e+00
-9.890000e-01 -6.650623e+00
-9.880000e-01 -6.617463e+00
-9.870000e-01 -6.584091e+00
-9.860000e-01 -6.550515e+00
-9.850000e-01 -6.516738e+00
-9.840000e-01 -6.482765e+00
-9.830000e-01 -6.448603e+00
-9.820000e-01 -6.414256e+00
-9.810000e-01 -6.379730e+00
-9.800000e-01 -6.345029e+00
-9.790000e-01 -6.310159e+00
-9.780000e-01 -6.275125e+00
-9.770000e-01 -6.239932e+00
-9.760000e-01 -6.204585e+00
-9.750000e-01 -6.169090e+00
-9.740000e-01 -6.133452e+00
-9.730000e-01 -6.097675e+00
-9.720000e-01 -6.061766e+00
-9.710000e-01 -6.025729e+00
-9.700000e-01 -5.989569e+00
-9.690000e-01 -5.953292e+00
-9.680000e-01 -5.916903e+00
-9.670000e-01 -5.880407e+00
-9.660000e-01 -5.843809e+00
-9.650000e-01 -5.807115e+00
-9.640000e-01 -5.770329e+00
-9.630000e-01 -5.733457e+00
-9.620000e-01 -5.696503e+00
-9.610000e-01 -5.659474e+00
-9.600000e-01 -5.622374e+00
-9.590000e-01 -5.585209e+00
-9.580000e-01 -5.547983e+00
-9.570000e-01 -5.510703e+00
-9.560000e-01 -5.473372e+00
-9.550000e-01 -5.435997e+00
-9.540000e-01 -5.398582e+00
-9.530000e-01 -5.361132e+00
-9.520000e-01 -5.323653e+00
-9.510000e-01 -5.286151e+00
-9.500000e-01 -5.248629e+00
-9.490000e-01 -5.211094e+00
-9.480000e-01 -5.173551e+00
-9.470000e-01 -5.136004e+00
-9.460000e-01 -5.098459e+00
-9.450000e-01 -5.060921e+00
-9.440000e-01 -5.023395e+00
-9.430000e-01 -4.985887e+00
-9.420000e-01 -4.948402e+00
-9.410000e-01 -4.910944e+00
-9.400000e-01 -4.873520e+00
-9.390000e-01 -4.836133e+00
-9.380000e-01 -4.798790e+00
-9.370000e-01 -4.761496e+00
-9.360000e-01 -4.724255e+00
-9.350000e-01 -4.687074e+00
-9.340000e-01 -4.649956e+00
-9.330000e-01 -4.612908e+00
-9.320000e-01 -4.575934e+00
-9.310000e-01 -4.539040e+00
-9.300000e-01 -4.502231e+00
-9.290000e-01 -4.465512e+00
-9.280000e-01 -4.428888e+00
-9.270000e-01 -4.392365e+00
-9.260000e-01 -4.355947e+00
-9.250000e-01 -4.319640e+00
-9.240000e-01 -4.283449e+00
-9.230000e-01 -4.247379e+00
-9.220000e-01 -4.211435e+00
-9.210000e-01 -4.175624e+00
-9.200000e-01 -4.139948e+00
-9.190000e-01 -4.104415e+00
-9.180000e-01 -4.069029e+00
-9.170000e-01 -4.033795e+00
-9.160000e-01 -3.998719e+00
-9.150000e-01 -3.963805e+00
-9.140000e-01 -3.929059e+00
-9.130000e-01 -3.894486e+00
-9.120000e-01 -3.860092e+00
-9.110000e-01 -3.825880e+00
-9.100000e-01 -3.791858e+00
-9.090000e-01 -3.758029e+00
-9.080000e-01 -3.724399e+00
-9.070000e-01 -3.690973e+00
-9.060000e-01 -3.657756e+00
-9.050000e-01 -3.624755e+00
-9.040000e-01 -3.591972e+00
-9.030000e-01 -3.559415e+00
-9.020000e-01 -3.527088e+00
-9.010000e-01 -3.494996e+00
-9.000000e-01 -3.463144e+00
-8.990000e-01 -3.431538e+00
-8.980000e-01 -3.400183e+00
-8.970000e-01 -3.369084e+00
-8.960000e-01 -3.338246e+00
-8.950000e-01 -3.307674e+00
-8.940000e-01 -3.277373e+00
-8.930000e-01 -3.247344e+00
-8.920000e-01 -3.217585e+00
-8.910000e-01 -3.188092e+00
-8.900000e-01 -3.158865e+00
-8.890000e-01 -3.129901e+00
-8.880000e-01 -3.101199e+00
-8.870000e-01 -3.072755e+00
-8.860000e-01 -3.044569e+00
-8.850000e-01 -3.016638e+00
-8.840000e-01 -2.988960e+00
-8.830000e-01 -2.961533e+00
-8.820000e-01 -2.934356e+00
-8.810000e-01 -2.907425e+00
-8.800000e-01 -2.880739e+00
-8.790000e-01 -2.854296e+00
-8.780000e-01 -2.828094e+00
-8.770000e-01 -2.802131e+00
-8.760000e-01 -2.776405e+00
-8.750000e-01 -2.750913e+00
-8.740000e-01 -2.725654e+00
-8.730000e-01 -2.700626e+00
-8.720000e-01 -2.675827e+00
-8.710000e-01 -2.651255e+00
-8.700000e-01 -2.626907e+00
-8.690000e-01 -2.602781e+00
-8.680000e-01 -2.578876e+00
-8.670000e-01 -2.555190e+00
-8.660000e-01 -2.531720e+00
-8.650000e-01 -2.508465e+00
-8.640000e-01 -2.485422e+00
-8.630000e-01 -2.462590e+00
-8.620000e-01 -2.439965e+00
-8.610000e-01 -2.417548e+00
-8.600000e-01 -2.395334e+00
-8.590000e-01 -2.373323e+00
-8.580000e-01 -2.351512e+00
-8.570000e-01 -2.329899e+00
-8.560000e-01 -2.308482e+00
-8.550000e-01 -2.287259e+00
-8.540000e-01 -2.266229e+00
-8.530000e-01 -2.245388e+00
-8.520000e-01 -2.224736e+00
-8.510000e-01 -2.204269e+00
-8.500000e-01 -2.183987e+00
-8.490000e-01 -2.163886e+00
-8.480000e-01 -2.143965e+00
-8.470000e-01 -2.124222e+00
-8.460000e-01 -2.104655e+00
-8.450000e-01 -2.085262e+00
-8.440000e-01 -2.066040e+00
-8.430000e-01 -2.046988e+00
-8.420000e-01 -2.028104e+00
-8.410000e-01 -2.009385e+00
-8.400000e-01 -1.990830e+00
-8.390000e-01 -1.972437e+00
-8.380000e-01 -1.954203e+00
-8.370000e-01 -1.936127e+00
-8.360000e-01 -1.918206e+00
-8.350000e-01 -1.900438e+00
-8.340000e-01 -1.882822e+00
-8.330000e-01 -1.865355e+00
-8.320000e-01 -1.848036e+00
-8.310000e-01 -1.830862e+00
-8.300000e-01 -1.813831e+00
-8.290000e-01 -1.796941e+00
-8.280000e-01 -1.780191e+00
-8.270000e-01 -1.763577e+00
-8.260000e-01 -1.747099e+00
-8.250000e-01 -1.730754e+00
-8.240000e-01 -1.714540e+00
-8.230000e-01 -1.698455e+00
-8.220000e-01 -1.682497e+00
-8.210000e-01 -1.666664e+00
-8.200000e-01 -1.650954e+00
-8.190000e-01 -1.635364e+00
-8.180000e-01 -1.619894e+00
-8.170000e-01 -1.604540e+00
-8.160000e-01 -1.589301e+00
-8.150000e-01 -1.574175e+00
-8.140000e-01 -1.559160e+00
-8.130000e-01 -1.544253e+00
-8.120000e-01 -1.529453e+00
-8.110000e-01 -1.514758e+00
-8.100000e-01 -1.500165e+00
-8.090000e-01 -1.485672e+00
-8.080000e-01 -1.471278e+00
-8.070000e-01 -1.456981e+00
-8.060000e-01 -1.442778e+00
-8.050000e-01 -1.428668e+00
-8.040000e-01 -1.414647e+00
-8.030000e-01 -1.400716e+00
-8.020000e-01 -1.386870e+00
-8.010000e-01 -1.373109e+00
-8.000000e-01 -1.359430e+00
-7.990000e-01 -1.345831e+00
-7.980000e-01 -1.332310e+00
-7.970000e-01 -1.318866e+00
-7.960000e-01 -1.305495e+00
-7.950000e-01 -1.292197e+00
-7.940000e-01 -1.278968e+00
-7.930000e-01 -1.265808e+00
-7.920000e-01 -1.252713e+00
-7.910000e-01 -1.239683e+00
-7.900000e-01 -1.226714e+00
-7.890000e-01 -1.213806e+00
-7.880000e-01 -1.200956e+00
-7.870000e-01 -1.188165e+00
-7.860000e-01 -1.175433e+00
-7.850000e-01 -1.162759e+00
-7.840000e-01 -1.150145e+00
-7.830000e-01 -1.137590e+00
-7.820000e-01 -1.125094e+00
-7.810000e-01 -1.112658e+00
-7.800000e-01 -1.100280e+00
-7.790000e-01 -1.087962e+00
-7.780000e-01 -1.075704e+00
-7.770000e-01 -1.063504e+00
-7.760000e-01 -1.051365e+00
-7.750000e-01 -1.039284e+00
-7.740000e-01 -1.027264e+00
-7.730000e-01 -1.015303e+00
-7.720000e-01 -1.003401e+00
-7.710000e-01 -9.915599e-01
-7.700000e-01 -9.797782e-01
-7.690000e-01 -9.680564e-01
-7.680000e-01 -9.563945e-01
-7.670000e-01 -9.447926e-01
-7.660000e-01 -9.332508e-01
-7.650000e-01 -9.217690e-01
-7.640000e-01 -9.103474e-01
-7.630000e-01 -8.989861e-01
-7.620000e-01 -8.876850e-01
-7.610000e-01 -8.764442e-01
-7.600000e-01 -8.652638e-01
-7.590000e-01 -8.541438e-01
-7.580000e-01 -8.430844e-01
-7.570000e-01 -8.320855e-01
-7.560000e-01 -8.211472e-01
-7.550000e-01 -8.102696e-01
-7.540000e-01 -7.994527e-01
-7.530000e-01 -7.886965e-01
-7.520000e-01 -7.780012e-01
-7.510000e-01 -7.673668e-01
-7.500000e-01 -7.567934e-01
-7.490000e-01 -7.462809e-01
-7.480000e-01 -7.358295e-01
-7.470000e-01 -7.254392e-01
-7.460000e-01 -7.151101e-01
-7.450000e-01 -7.048423e-01
-7.440000e-01 -6.946357e-01
-7.430000e-01 -6.844904e-01
-7.420000e-01 -6.744065e-01
-7.410000e-01 -6.643841e-01
-7.400000e-01 -6.544232e-01
-7.390000e-01 -6.445239e-01
-7.380000e-01 -6.346862e-01
-7.370000e-01 -6.249102e-01
-7.360000e-01 -6.151958e-01
-7.350000e-01 -6.055433e-01
-7.340000e-01 -5.959527e-01
-7.330000e-01 -5.864239e-01
-7.320000e-01 -5.769571e-01
-7.310000e-01 -5.675523e-01
-7.300000e-01 -5.582096e-01
-7.290000e-01 -5.489290e-01
-7.280000e-01 -5.397106e-01
-7.270000e-01 -5.305544e-01
-7.260000e-01 -5.214606e-01
-7.250000e-01 -5.124291e-01
-7.240000e-01 -5.034599e-01
-7.230000e-01 -4.945533e-01
-7.220000e-01 -4.857092e-01
-7.210000e-01 -4.769276e-01
-7.200000e-01 -4.682087e-01
-7.190000e-01 -4.595525e-01
-7.180000e-01 -4.509590e-01
-7.170000e-01 -4.424284e-01
-7.160000e-01 -4.339605e-01
-7.150000e-01 -4.255556e-01
-7.140000e-01 -4.172137e-01
-7.130000e-01 -4.089348e-01
-7.120000e-01 -4.007190e-01
-7.110000e-01 -3.925663e-01
-7.100000e-01 -3.844768e-01
-7.090000e-01 -3.764506e-01
-7.080000e-01 -3.684877e-01
-7.070000e-01 -3.605881e-01
-7.060000e-01 -3.527520e-01
-7.050000e-01 -3.449794e-01
-7.040000e-01 -3.372702e-01
-7.030000e-01 -3.296247e-01
-7.020000e-01 -3.220428e-01
-7.010000e-01 -3.145246e-01
-7.000000e-01 -3.070702e-01
-6.990000e-01 -2.996796e-01
-6.980000e-01 -2.923529e-01
-6.970000e-01 -2.850900e-01
-6.960000e-01 -2.778912e-01
-6.950000e-01 -2.707564e-01
-6.940000e-01 -2.636857e-01
-6.930000e-01 -2.566792e-01
-6.920000e-01 -2.497369e-01
-6.910000e-01 -2.428588e-01
-6.900000e-01 -2.360450e-01
-6.890000e-01 -2.292957e-01
-6.880000e-01 -2.226107e-01
-6.870000e-01 -2.159903e-01
-6.860000e-01 -2.094344e-01
-6.850000e-01 -2.029431e-01
-6.840000e-01 -1.965165e-01
-6.830000e-01 -1.901544e-01
-6.820000e-01 -1.838566e-01
-6.810000e-01 -1.776227e-01
-6.800000e-01 -1.714523e-01
-6.790000e-01 -1.653451e-01
-6.780000e-01 -1.593007e-01
-6.770000e-01 -1.533186e-01
-6.760000e-01 -1.473986e-01
-6.750000e-01 -1.415404e-01
-6.740000e-01 -1.357434e-01
-6.730000e-01 -1.300073e-01
-6.720000e-01 -1.243319e-01
-6.710000e-01 -1.187166e-01
-6.700000e-01 -1.131612e-01
-6.690000e-01 -1.076652e-01
-6.680000e-01 -1.022284e-01
-6.670000e-01 -9.685027e-02
-6.660000e-01 -9.153052e-02
-6.650000e-01 -8.626878e-02
-6.640000e-01 -8.106467e-02
-6.630000e-01 -7.591781e-02
-6.620000e-01 -7.082786e-02
-6.610000e-01 -6.579443e-02
-6.600000e-01 -6.081716e-02
-6.590000e-01 -5.589567e-02
-6.580000e-01 -5.102961e-02
-6.570000e-01 -4.621861e-02
-6.560000e-01 -4.146229e-02
-6.550000e-01 -3.676029e-02
-6.540000e-01 -3.211223e-02
-6.530000e-01 -2.751776e-02
-6.520000e-01 -2.297650e-02
-6.510000e-01 -1.848809e-02
-6.500000e-01 -1.405215e-02
-6.490000e-01 -9.668321e-03
-6.480000e-01 -5.336233e-03
-6.470000e-01 -1.055517e-03
-6.460000e-01 3.174194e-03
-6.450000e-01 7.353269e-03
-6.440000e-01 1.148208e-02
-6.430000e-01 1.556098e-02
-6.420000e-01 1.959036e-02
-6.410000e-01 2.357057e-02
-6.400000e-01 2.750199e-02
-6.390000e-01 3.138497e-02
-6.380000e-01 3.521990e-02
-6.370000e-01 3.900714e-02
-6.360000e-01 4.274706e-02
-6.350000e-01 4.644002e-02
-6.340000e-01 5.008639e-02
-6.330000e-01 5.368655e-02
-6.320000e-01 5.724085e-02
-6.310000e-01 6.074968e-02
-6.300000e-01 6.421338e-02
-6.290000e-01 6.763235e-02
-6.280000e-01 7.100693e-02
-6.270000e-01 7.433751e-02
-6.260000e-01 7.762444e-02
-6.250000e-01 8.086810e-02
-6.240000e-01 8.406885e-02
-6.230000e-01 8.722707e-02
-6.220000e-01 9.034312e-02
-6.210000e-01 9.341737e-02
-6.200000e-01 9.645018e-02
-6.190000e-01 9.944193e-02
-6.180000e-01 1.023930e-01
-6.170000e-01 1.053037e-01
-6.160000e-01 1.081745e-01
-6.150000e-01 1.110056e-01
-6.140000e-01 1.137976e-01
-6.130000e-01 1.165507e-01
-6.120000e-01 1.192653e-01
-6.110000e-01 1.219418e-01
-6.100000e-01 1.245805e-01
-6.090000e-01 1.271819e-01
-6.080000e-01 1.297462e-01
-6.070000e-01 1.322739e-01
-6.060000e-01 1.347653e-01
-6.050000e-01 1.372208e-01
-6.040000e-01 1.396408e-01
-6.030000e-01 1.420255e-01
-6.020000e-01 1.443755e-01
-6.010000e-01 1.466911e-01
-6.000000e-01 1.489725e-01
-5.990000e-01 1.512203e-01
-5.980000e-01 1.534347e-01
-5.970000e-01 1.556162e-01
-5.960000e-01 1.577651e-01
-5.950000e-01 1.598817e-01
-5.940000e-01 1.619665e-01
-5.930000e-01 1.640198e-01
-5.920000e-01 1.660419e-01
-5.910000e-01 1.680333e-01
-5.900000e-01 1.699943e-01
-5.890000e-01 1.719253e-01
-5.880000e-01 1.738267e-01
-5.870000e-01 1.756987e-01
-5.860000e-01 1.775419e-01
-5.850000e-01 1.793565e-01
-5.840000e-01 1.811429e-01
-5.830000e-01 1.829015e-01
-5.820000e-01 1.846326e-01
-5.810000e-01 1.863367e-01
-5.800000e-01 1.880141e-01
-5.790000e-01 1.896651e-01
-5.780000e-01 1.912902e-01
-5.770000e-01 1.928894e-01
-5.760000e-01 1.944629e-01
-5.750000e-01 1.960109e-01
-5.740000e-01 1.975335e-01
-5.730000e-01 1.990308e-01
-5.720000e-01 2.005030e-01
-5.710000e-01 2.019502e-01
-5.700000e-01 2.033726e-01
-5.690000e-01 2.047702e-01
-5.680000e-01 2.061433e-01
-5.670000e-01 2.074919e-01
-5.660000e-01 2.088163e-01
-5.650000e-01 2.101165e-01
-5.640000e-01 2.113927e-01
-5.630000e-01 2.126450e-01
-5.620000e-01 2.138736e-01
-5.610000e-01 2.150785e-01
-5.600000e-01 2.162601e-01
-5.590000e-01 2.174183e-01
-5.580000e-01 2.185533e-01
-5.570000e-01 2.196653e-01
-5.560000e-01 2.207543e-01
-5.550000e-01 2.218206e-01
-5.540000e-01 2.228643e-01
-5.530000e-01 2.238855e-01
-5.520000e-01 2.248843e-01
-5.510000e-01 2.258610e-01
-5.500000e-01 2.268155e-01
-5.490000e-01 2.277482e-01
-5.480000e-01 2.286590e-01
-5.470000e-01 2.295482e-01
-5.460000e-01 2.304159e-01
-5.450000e-01 2.312622e-01
-5.440000e-01 2.320872e-01
-5.430000e-01 2.328912e-01
-5.420000e-01 2.336742e-01
-5.410000e-01 2.344364e-01
-5.400000e-01 2.351779e-01
-5.390000e-01 2.358988e-01
-5.380000e-01 2.365994e-01
-5.370000e-01 2.372797e-01
-5.360000e-01 2.379398e-01
-5.350000e-01 2.385800e-01
-5.340000e-01 2.392003e-01
-5.330000e-01 2.398009e-01
-5.320000e-01 2.403820e-01
-5.310000e-01 2.409436e-01
-5.300000e-01 2.414859e-01
-5.290000e-01 2.420091e-01
-5.280000e-01 2.425132e-01
-5.270000e-01 2.429985e-01
-5.260000e-01 2.434651e-01
-5.250000e-01 2.439130e-01
-5.240000e-01 2.443425e-01
-5.230000e-01 2.447536e-01
-5.220000e-01 2.451466e-01
-5.210000e-01 2.455216e-01
-5.200000e-01 2.458786e-01
-5.190000e-01 2.462179e-01
-5.180000e-01 2.465395e-01
-5.170000e-01 2.468436e-01
-5.160000e-01 2.471304e-01
-5.150000e-01 2.474000e-01
-5.140000e-01 2.476526e-01
-5.130000e-01 2.478882e-01
-5.120000e-01 2.481070e-01
-5.110000e-01 2.483091e-01
-5.100000e-01 2.484947e-01
-5.090000e-01 2.486640e-01
-5.080000e-01 2.488170e-01
-5.070000e-01 2.489539e-01
-5.060000e-01 2.490749e-01
-5.050000e-01 2.491800e-01
-5.040000e-01 2.492695e-01
-5.030000e-01 2.493434e-01
-5.020000e-01 2.494019e-01
-5.010000e-01 2.494451e-01
-5.000000e-01 2.494732e-01
-4.990000e-01 2.494863e-01
-4.980000e-01 2.494846e-01
-4.970000e-01 2.494682e-01
-4.960000e-01 2.494372e-01
-4.950000e-01 2.493918e-01
-4.940000e-01 2.493320e-01
-4.930000e-01 2.492581e-01
-4.920000e-01 2.491702e-01
-4.910000e-01 2.490685e-01
-4.900000e-01 2.489530e-01
-4.890000e-01 2.488238e-01
-4.880000e-01 2.486813e-01
-4.870000e-01 2.485254e-01
-4.860000e-01 2.483563e-01
-4.850000e-01 2.481742e-01
-4.840000e-01 2.479792e-01
-4.830000e-01 2.477714e-01
-4.820000e-01 2.475510e-01
-4.810000e-01 2.473181e-01
-4.800000e-01 2.470728e-01
-4.790000e-01 2.468154e-01
-4.780000e-01 2.465458e-01
-4.770000e-01 2.462644e-01
-4.760000e-01 2.459711e-01
-4.750000e-01 2.456662e-01
-4.740000e-01 2.453498e-01
-4.730000e-01 2.450220e-01
-4.720000e-01 2.446829e-01
-4.710000e-01 2.443327e-01
-4.700000e-01 2.439714e-01
-4.690000e-01 2.435992e-01
-4.680000e-01 2.432161e-01
-4.670000e-01 2.428223e-01
-4.660000e-01 2.424179e-01
-4.650000e-01 2.420029e-01
-4.640000e-01 2.415775e-01
-4.630000e-01 2.411418e-01
-4.620000e-01 2.406959e-01
-4.610000e-01 2.402399e-01
-4.600000e-01 2.397739e-01
-4.590000e-01 2.392980e-01
-4.580000e-01 2.388123e-01
-4.570000e-01 2.383169e-01
-4.560000e-01 2.378120e-01
-4.550000e-01 2.372975e-01
-4.540000e-01 2.367737e-01
-4.530000e-01 2.362406e-01
-4.520000e-01 2.356984e-01
-4.510000e-01 2.351471e-01
-4.500000e-01 2.345868e-01
-4.490000e-01 2.340177e-01
-4.480000e-01 2.334399e-01
-4.470000e-01 2.328534e-01
-4.460000e-01 2.322584e-01
-4.450000e-01 2.316550e-01
-4.440000e-01 2.310432e-01
-4.430000e-01 2.304233e-01
-4.420000e-01 2.297952e-01
-4.410000e-01 2.291591e-01
-4.400000e-01 2.285151e-01
-4.390000e-01 2.278633e-01
-4.380000e-01 2.272039e-01
-4.370000e-01 2.265368e-01
-4.360000e-01 2.258623e-01
-4.350000e-01 2.251804e-01
-4.340000e-01 2.244912e-01
-4.330000e-01 2.237948e-01
-4.320000e-01 2.230914e-01
-4.310000e-01 2.223810e-01
-4.300000e-01 2.216638e-01
-4.290000e-01 2.209398e-01
-4.280000e-01 2.202092e-01
-4.270000e-01 2.194721e-01
-4.260000e-01 2.187285e-01
-4.250000e-01 2.179786e-01
-4.240000e-01 2.172224e-01
-4.230000e-01 2.164602e-01
-4.220000e-01 2.156919e-01
-4.210000e-01 2.149178e-01
-4.200000e-01 2.141378e-01
-4.190000e-01 2.133522e-01
-4.180000e-01 2.125609e-01
-4.170000e-01 2.117642e-01
-4.160000e-01 2.109621e-01
-4.150000e-01 2.101547e-01
-4.140000e-01 2.093421e-01
-4.130000e-01 2.085245e-01
-4.120000e-01 2.077019e-01
-4.110000e-01 2.068744e-01
-4.100000e-01 2.060422e-01
-4.090000e-01 2.052054e-01
-4.080000e-01 2.043640e-01
-4.070000e-01 2.035181e-01
-4.060000e-01 2.026680e-01
-4.050000e-01 2.018136e-01
-4.040000e-01 2.009551e-01
-4.030000e-01 2.000926e-01
-4.020000e-01 1.992261e-01
-4.010000e-01 1.983559e-01
-4.000000e-01 1.974819e-01
-3.990000e-01 1.966044e-01
-3.980000e-01 1.957234e-01
-3.970000e-01 1.948389e-01
-3.960000e-01 1.939512e-01
-3.950000e-01 1.930604e-01
-3.940000e-01 1.921664e-01
-3.930000e-01 1.912695e-01
-3.920000e-01 1.903697e-01
-3.910000e-01 1.894672e-01
-3.900000e-01 1.885620e-01
-3.890000e-01 1.876543e-01
-3.880000e-01 1.867441e-01
-3.870000e-01 1.858316e-01
-3.860000e-01 1.849169e-01
-3.850000e-01 1.840000e-01
-3.840000e-01 1.830811e-01
-3.830000e-01 1.821603e-01
-3.820000e-01 1.812377e-01
-3.810000e-01 1.803133e-01
-3.800000e-01 1.793874e-01
-3.790000e-01 1.784600e-01
-3.780000e-01 1.775312e-01
-3.770000e-01 1.766011e-01
-3.760000e-01 1.756698e-01
-3.750000e-01 1.747374e-01
-3.740000e-01 1.738041e-01
-3.730000e-01 1.728699e-01
-3.720000e-01 1.719349e-01
-3.710000e-01 1.709993e-01
-3.700000e-01 1.700632e-01
-3.690000e-01 1.691265e-01
-3.680000e-01 1.681896e-01
-3.670000e-01 1.672524e-01
-3.660000e-01 1.663149e-01
-3.650000e-01 1.653773e-01
-3.640000e-01 1.644395e-01
-3.630000e-01 1.635016e-01
-3.620000e-01 1.625636e-01
-3.610000e-01 1.616256e-01
-3.600000e-01 1.606877e-01
-3.590000e-01 1.597497e-01
-3.580000e-01 1.588119e-01
-3.570000e-01 1.578741e-01
-3.560000e-01 1.569366e-01
-3.550000e-01 1.559992e-01
-3.540000e-01 1.550621e-01
-3.530000e-01 1.541253e-01
-3.520000e-01 1.531887e-01
-3.510000e-01 1.522526e-01
-3.500000e-01 1.513168e-01
-3.490000e-01 1.503815e-01
-3.480000e-01 1.494467e-01
-3.470000e-01 1.485123e-01
-3.460000e-01 1.475786e-01
-3.450000e-01 1.466454e-01
-3.440000e-01 1.457128e-01
-3.430000e-01 1.447810e-01
-3.420000e-01 1.438498e-01
-3.410000e-01 1.429194e-01
-3.400000e-01 1.419897e-01
-3.390000e-01 1.410609e-01
-3.380000e-01 1.401330e-01
-3.370000e-01 1.392060e-01
-3.360000e-01 1.382799e-01
-3.350000e-01 1.373548e-01
-3.340000e-01 1.364307e-01
-3.330000e-01 1.355077e-01
-3.320000e-01 1.345857e-01
-3.310000e-01 1.336650e-01
-3.300000e-01 1.327453e-01
-3.290000e-01 1.318270e-01
-3.280000e-01 1.309098e-01
-3.270000e-01 1.299940e-01
-3.260000e-01 1.290795e-01
-3.250000e-01 1.281663e-01
-3.240000e-01 1.272546e-01
-3.230000e-01 1.263444e-01
-3.220000e-01 1.254356e-01
-3.210000e-01 1.245283e-01
-3.200000e-01 1.236227e-01
-3.190000e-01 1.227186e-01
-3.180000e-01 1.218161e-01
-3.170000e-01 1.209154e-01
-3.160000e-01 1.200164e-01
-3.150000e-01 1.191191e-01
-3.140000e-01 1.182237e-01
-3.130000e-01 1.173301e-01
-3.120000e-01 1.164383e-01
-3.110000e-01 1.155485e-01
-3.100000e-01 1.146606e-01
-3.090000e-01 1.137748e-01
-3.080000e-01 1.128910e-01
-3.070000e-01 1.120092e-01
-3.060000e-01 1.111296e-01
-3.050000e-01 1.102521e-01
-3.040000e-01 1.093768e-01
-3.030000e-01 1.085037e-01
-3.020000e-01 1.076329e-01
-3.010000e-01 1.067644e-01
-3.000000e-01 1.058983e-01
-2.990000e-01 1.050346e-01
-2.980000e-01 1.041732e-01
-2.970000e-01 1.033144e-01
-2.960000e-01 1.024580e-01
-2.950000e-01 1.016042e-01
-2.940000e-01 1.007530e-01
-2.930000e-01 9.990435e-02
-2.920000e-01 9.905840e-02
-2.910000e-01 9.821514e-02
-2.900000e-01 9.737462e-02
-2.890000e-01 9.653688e-02
-2.880000e-01 9.570196e-02
-2.870000e-01 9.486989e-02
-2.860000e-01 9.404071e-02
-2.850000e-01 9.321447e-02
-2.840000e-01 9.239119e-02
-2.830000e-01 9.157093e-02
-2.820000e-01 9.075372e-02
-2.810000e-01 8.993959e-02
-2.800000e-01 8.912859e-02
-2.790000e-01 8.832076e-02
-2.780000e-01 8.751614e-02
-2.770000e-01 8.671476e-02
-2.760000e-01 8.591666e-02
-2.750000e-01 8.512188e-02
-2.740000e-01 8.433047e-02
-2.730000e-01 8.354245e-02
-2.720000e-01 8.275788e-02
-2.710000e-01 8.197678e-02
-2.700000e-01 8.119920e-02
-2.690000e-01 8.042518e-02
-2.680000e-01 7.965475e-02
-2.670000e-01 7.888796e-02
-2.660000e-01 7.812483e-02
-2.650000e-01 7.736543e-02
-2.640000e-01 7.660977e-02
-2.630000e-01 7.585790e-02
-2.620000e-01 7.510985e-02
-2.610000e-01 7.436563e-02
-2.600000e-01 7.362524e-02
-2.590000e-01 7.288867e-02
-2.580000e-01 7.215593e-02
-2.570000e-01 7.142703e-02
-2.560000e-01 7.070196e-02
-2.550000e-01 6.998073e-02
-2.540000e-01 6.926333e-02
-2.530000e-01 6.854978e-02
-2.520000e-01 6.784006e-02
-2.510000e-01 6.713419e-02
-2.500000e-01 6.643217e-02
-2.490000e-01 6.573399e-02
-2.480000e-01 6.503966e-02
-2.470000e-01 6.434918e-02
-2.460000e-01 6.366255e-02
-2.450000e-01 6.297978e-02
-2.440000e-01 6.230086e-02
-2.430000e-01 6.162580e-02
-2.420000e-01 6.095461e-02
-2.410000e-01 6.028727e-02
-2.400000e-01 5.962379e-02
-2.390000e-01 5.896419e-02
-2.380000e-01 5.830845e-02
-2.370000e-01 5.765657e-02
-2.360000e-01 5.700857e-02
-2.350000e-01 5.636444e-02
-2.340000e-01 5.572419e-02
-2.330000e-01 5.508781e-02
-2.320000e-01 5.445531e-02
-2.310000e-01 5.382669e-02
-2.300000e-01 5.320195e-02
-2.290000e-01 5.258110e-02
-2.280000e-01 5.196413e-02
-2.270000e-01 5.135104e-02
-2.260000e-01 5.074185e-02
-2.250000e-01 5.013655e-02
-2.240000e-01 4.953514e-02
-2.230000e-01 4.893762e-02
-2.220000e-01 4.834400e-02
-2.210000e-01 4.775428e-02
-2.200000e-01 4.716846e-02
-2.190000e-01 4.658654e-02
-2.180000e-01 4.600852e-02
-2.170000e-01 4.543441e-02
-2.160000e-01 4.486421e-02
-2.150000e-01 4.429791e-02
-2.140000e-01 4.373553e-02
-2.130000e-01 4.317706e-02
-2.120000e-01 4.262250e-02
-2.110000e-01 4.207186e-02
-2.100000e-01 4.152514e-02
-2.090000e-01 4.098234e-02
-2.080000e-01 4.044346e-02
-2.070000e-01 3.990850e-02
-2.060000e-01 3.937747e-02
-2.050000e-01 3.885037e-02
-2.040000e-01 3.832719e-02
-2.030000e-01 3.780795e-02
-2.020000e-01 3.729264e-02
-2.010000e-01 3.678126e-02
-2.000000e-01 3.627382e-02
-1.990000e-01 3.577032e-02
-1.980000e-01 3.527076e-02
-1.970000e-01 3.477514e-02
-1.960000e-01 3.428346e-02
-1.950000e-01 3.379573e-02
-1.940000e-01 3.331195e-02
-1.930000e-01 3.283212e-02
-1.920000e-01 3.235623e-02
-1.910000e-01 3.188431e-02
-1.900000e-01 3.141633e-02
-1.890000e-01 3.095231e-02
-1.880000e-01 3.049225e-02
-1.870000e-01 3.003615e-02
-1.860000e-01 2.958401e-02
-1.850000e-01 2.913584e-02
-1.840000e-01 2.869163e-02
-1.830000e-01 2.825139e-02
-1.820000e-01 2.781512e-02
-1.810000e-01 2.738282e-02
-1.800000e-01 2.695449e-02
-1.790000e-01 2.653013e-02
-1.780000e-01 2.610976e-02
-1.770000e-01 2.569336e-02
-1.760000e-01 2.528094e-02
-1.750000e-01 2.487251e-02
-1.740000e-01 2.446805e-02
-1.730000e-01 2.406759e-02
-1.720000e-01 2.367111e-02
-1.710000e-01 2.327862e-02
-1.700000e-01 2.289012e-02
-1.690000e-01 2.250561e-02
-1.680000e-01 2.212510e-02
-1.670000e-01 2.174859e-02
-1.660000e-01 2.137607e-02
-1.650000e-01 2.100756e-02
-1.640000e-01 2.064305e-02
-1.630000e-01 2.028254e-02
-1.620000e-01 1.992603e-02
-1.610000e-01 1.957354e-02
-1.600000e-01 1.922505e-02
-1.590000e-01 1.888058e-02
-1.580000e-01 1.854012e-02
-1.570000e-01 1.820367e-02
-1.560000e-01 1.787121e-02
-1.550000e-01 1.754273e-02
-1.540000e-01 1.721819e-02
-1.530000e-01 1.689758e-02
-1.520000e-01 1.658088e-02
-1.510000e-01 1.626805e-02
-1.500000e-01 1.595908e-02
-1.490000e-01 1.565395e-02
-1.480000e-01 1.535263e-02
-1.470000e-01 1.505510e-02
-1.460000e-01 1.476133e-02
-1.450000e-01 1.447131e-02
-1.440000e-01 1.418501e-02
-1.430000e-01 1.390240e-02
-1.420000e-01 1.362347e-02
-1.410000e-01 1.334819e-02
-1.400000e-01 1.307655e-02
-1.390000e-01 1.280850e-02
-1.380000e-01 1.254404e-02
-1.370000e-01 1.228314e-02
-1.360000e-01 1.202578e-02
-1.350000e-01 1.177194e-02
-1.340000e-01 1.152158e-02
-1.330000e-01 1.127469e-02
-1.320000e-01 1.103125e-02
-1.310000e-01 1.079124e-02
-1.300000e-01 1.055462e-02
-1.290000e-01 1.032138e-02
-1.280000e-01 1.009150e-02
-1.270000e-01 9.864948e-03
-1.260000e-01 9.641706e-03
-1.250000e-01 9.421749e-03
-1.240000e-01 9.205056e-03
-1.230000e-01 8.991604e-03
-1.220000e-01 8.781369e-03
-1.210000e-01 8.574329e-03
-1.200000e-01 8.370461e-03
-1.190000e-01 8.169742e-03
-1.180000e-01 7.972149e-03
-1.170000e-01 7.777660e-03
-1.160000e-01 7.586251e-03
-1.150000e-01 7.397900e-03
-1.140000e-01 7.212584e-03
-1.130000e-01 7.030280e-03
-1.120000e-01 6.850965e-03
-1.110000e-01 6.674616e-03
-1.100000e-01 6.501211e-03
-1.090000e-01 6.330726e-03
-1.080000e-01 6.163139e-03
-1.070000e-01 5.998427e-03
-1.060000e-01 5.836567e-03
-1.050000e-01 5.677536e-03
-1.040000e-01 5.521311e-03
-1.030000e-01 5.367870e-03
-1.020000e-01 5.217189e-03
-1.010000e-01 5.069247e-03
-1.000000e-01 4.924019e-03
-9.900000e-02 4.781483e-03
-9.800000e-02 4.641616e-03
-9.700000e-02 4.504396e-03
-9.600000e-02 4.369800e-03
-9.500000e-02 4.237803e-03
-9.400000e-02 4.108385e-03
-9.300000e-02 3.981522e-03
-9.200000e-02 3.857191e-03
-9.100000e-02 3.735369e-03
-9.000000e-02 3.616033e-03
-8.900000e-02 3.499161e-03
-8.800000e-02 3.384730e-03
-8.700000e-02 3.272716e-03
-8.600000e-02 3.163098e-03
-8.500000e-02 3.055851e-03
-8.400000e-02 2.950954e-03
-8.300000e-02 2.848384e-03
-8.200000e-02 2.748116e-03
-8.100000e-02 2.650130e-03
-8.000000e-02 2.554402e-03
-7.900000e-02 2.460908e-03
-7.800000e-02 2.369627e-03
-7.700000e-02 2.280535e-03
-7.600000e-02 2.193609e-03
-7.500000e-02 2.108827e-03
-7.400000e-02 2.026166e-03
-7.300000e-02 1.945603e-03
-7.200000e-02 1.867114e-03
-7.100000e-02 1.790678e-03
-7.000000e-02 1.716272e-03
-6.900000e-02 1.643872e-03
-6.800000e-02 1.573455e-03
-6.700000e-02 1.504999e-03
-6.600000e-02 1.438481e-03
-6.500000e-02 1.373879e-03
-6.400000e-02 1.311168e-03
-6.300000e-02 1.250327e-03
-6.200000e-02 1.191333e-03
-6.100000e-02 1.134162e-03
-6.000000e-02 1.078792e-03
-5.900000e-02 1.025200e-03
-5.800000e-02 9.733626e-04
-5.700000e-02 9.232579e-04
-5.600000e-02 8.748627e-04
-5.500000e-02 8.281540e-04
-5.400000e-02 7.831090e-04
-5.300000e-02 7.397048e-04
-5.200000e-02 6.979184e-04
-5.100000e-02 6.577221e-04
-5.000000e-02 6.190856e-04
-4.900000e-02 5.819782e-04
-4.800000e-02 5.463693e-04
-4.700000e-02 5.122283e-04
-4.600000e-02 4.795247e-04
-4.500000e-02 4.482279e-04
-4.400000e-02 4.183073e-04
-4.300000e-02 3.897323e-04
-4.200000e-02 3.624723e-04
-4.100000e-02 3.364968e-04
-4.000000e-02 3.117752e-04
-3.900000e-02 2.882768e-04
-3.800000e-02 2.659712e-04
-3.700000e-02 2.448277e-04
-3.600000e-02 2.248157e-04
-3.500000e-02 2.059047e-04
-3.400000e-02 1.880641e-04
-3.300000e-02 1.712632e-04
-3.200000e-02 1.554716e-04
-3.100000e-02 1.406586e-04
-3.000000e-02 1.267936e-04
-2.900000e-02 1.138462e-04
-2.800000e-02 1.017856e-04
-2.700000e-02 9.058126e-05
-2.600000e-02 8.020268e-05
-2.500000e-02 7.061924e-05
-2.400000e-02 6.180036e-05
-2.300000e-02 5.371544e-05
-2.200000e-02 4.633393e-05
-2.100000e-02 3.962521e-05
-2.000000e-02 3.355873e-05
-1.900000e-02 2.810389e-05
-1.800000e-02 2.323011e-05
-1.700000e-02 1.890681e-05
-1.600000e-02 1.510341e-05
-1.500000e-02 1.178933e-05
-1.400000e-02 8.933976e-06
-1.300000e-02 6.506775e-06
-1.200000e-02 4.477143e-06
-1.100000e-02 2.814498e-06
-1.000000e-02 1.488257e-06
-9.000000e-03 4.678382e-07
-8.000000e-03 -2.773407e-07
-7.000000e-03 -7.778619e-07
-6.000000e-03 -1.064308e-06
-5.000000e-03 -1.167260e-06
-4.000000e-03 -1.117301e-06
-3.000000e-03 -9.450137e-07
-2.000000e-03 -6.809795e-07
-1.000000e-03 -3.557808e-07
8.812395e-16 6.396793e-18
1.000000e-03 3.557808e-07
2.000000e-03 6.809795e-07
3.000000e-03 9.450137e-07
4.000000e-03 1.117301e-06
5.000000e-03 1.167260e-06
6.000000e-03 1.064308e-06
7.000000e-03 7.778619e-07
8.000000e-03 2.773407e-07
9.000000e-03 -4.678382e-07
1.000000e-02 -1.488257e-06
1.100000e-02 -2.814498e-06
1.200000e-02 -4.477143e-06
1.300000e-02 -6.506775e-06
1.400000e-02 -8.933976e-06
1.500000e-02 -1.178933e-05
1.600000e-02 -1.510341e-05
1.700000e-02 -1.890681e-05
1.800000e-02 -2.323011e-05
1.900000e-02 -2.810389e-05
2.000000e-02 -3.355873e-05
2.100000e-02 -3.962521e-05
2.200000e-02 -4.633393e-05
2.300000e-02 -5.371544e-05
2.400000e-02 -6.180036e-05
2.500000e-02 -7.061924e-05
2.600000e-02 -8.020268e-05
2.700000e-02 -9.058126e-05
2.800000e-02 -1.017856e-04
2.900000e-02 -1.138462e-04
3.000000e-02 -1.267936e-04
3.100000e-02 -1.406586e-04
3.200000e-02 -1.554716e-04
3.300000e-02 -1.712632e-04
3.400000e-02 -1.880641e-04
3.500000e-02 -2.059047e-04
3.600000e-02 -2.248157e-04
3.700000e-02 -2.448277e-04
3.800000e-02 -2.659712e-04
3.900000e-02 -2.882768e-04
4.000000e-02 -3.117752e-04
4.100000e-02 -3.364968e-04
4.200000e-02 -3.624723e-04
4.300000e-02 -3.897323e-04
4.400000e-02 -4.183073e-04
4.500000e-02 -4.482279e-04
4.600000e-02 -4.795247e-04
4.700000e-02 -5.122283e-04
4.800000e-02 -5.463693e-04
4.900000e-02 -5.819782e-04
5.000000e-02 -6.190856e-04
5.100000e-02 -6.577221e-04
5.200000e-02 -6.979184e-04
5.300000e-02 -7.397048e-04
5.400000e-02 -7.831090e-04
5.500000e-02 -8.281540e-04
5.600000e-02 -8.748627e-04
5.700000e-02 -9.232579e-04
5.800000e-02 -9.733626e-04
5.900000e-02 -1.025200e-03
6.000000e-02 -1.078792e-03
6.100000e-02 -1.134162e-03
6.200000e-02 -1.191333e-03
6.300000e-02 -1.250327e-03
6.400000e-02 -1.311168e-03
6.500000e-02 -1.373879e-03
6.600000e-02 -1.438481e-03
6.700000e-02 -1.504999e-03
6.800000e-02 -1.573455e-03
6.900000e-02 -1.643872e-03
7.000000e-02 -1.716272e-03
7.100000e-02 -1.790678e-03
7.200000e-02 -1.867114e-03
7.300000e-02 -1.945603e-03
7.400000e-02 -2.026166e-03
7.500000e-02 -2.108827e-03
7.600000e-02 -2.193609e-03
7.700000e-02 -2.280535e-03
7.800000e-02 -2.369627e-03
7.900000e-02 -2.460908e-03
8.000000e-02 -2.554402e-03
8.100000e-02 -2.650130e-03
8.200000e-02 -2.748116e-03
8.300000e-02 -2.848384e-03
8.400000e-02 -2.950954e-03
8.500000e-02 -3.055851e-03
8.600000e-02 -3.163098e-03
8.700000e-02 -3.272716e-03
8.800000e-02 -3.384730e-03
8.900000e-02 -3.499161e-03
9.000000e-02 -3.616033e-03
9.100000e-02 -3.735369e-03
9.200000e-02 -3.857191e-03
9.300000e-02 -3.981522e-03
9.400000e-02 -4.108385e-03
9.500000e-02 -4.237803e-03
9.600000e-02 -4.369800e-03
9.700000e-02 -4.504396e-03
9.800000e-02 -4.641616e-03
9.900000e-02 -4.781483e-03
1.000000e-01 -4.924019e-03
1.010000e-01 -5.069247e-03
1.020000e-01 -5.217189e-03
1.030000e-01 -5.367870e-03
1.040000e-01 -5.521311e-03
1.050000e-01 -5.677536e-03
1.060000e-01 -5.836567e-03
1.070000e-01 -5.998427e-03
1.080000e-01 -6.163139e-03
1.090000e-01 -6.330726e-03
1.100000e-01 -6.501211e-03
1.110000e-01 -6.674616e-03
1.120000e-01 -6.850965e-03
1.130000e-01 -7.030280e-03
1.140000e-01 -7.212584e-03
1.150000e-01 -7.397900e-03
1.160000e-01 -7.586251e-03
1.170000e-01 -7.777660e-03
1.180000e-01 -7.972149e-03
1.190000e-01 -8.169742e-03
1.200000e-01 -8.370461e-03
1.210000e-01 -8.574329e-03
1.220000e-01 -8.781369e-03
1.230000e-01 -8.991604e-03
1.240000e-01 -9.205056e-03
1.250000e-01 -9.421749e-03
1.260000e-01 -9.641706e-03
1.270000e-01 -9.864948e-03
1.280000e-01 -1.009150e-02
1.290000e-01 -1.032138e-02
1.300000e-01 -1.055462e-02
1.310000e-01 -1.079124e-02
1.320000e-01 -1.103125e-02
1.330000e-01 -1.127469e-02
1.340000e-01 -1.152158e-02
1.350000e-01 -1.177194e-02
1.360000e-01 -1.202578e-02
1.370000e-01 -1.228314e-02
1.380000e-01 -1.254404e-02
1.390000e-01 -1.280850e-02
1.400000e-01 -1.307655e-02
1.410000e-01 -1.334819e-02
1.420000e-01 -1.362347e-02
1.430000e-01 -1.390240e-02
1.440000e-01 -1.418501e-02
1.450000e-01 -1.447131e-02
1.460000e-01 -1.476133e-02
1.470000e-01 -1.505510e-02
1.480000e-01 -1.535263e-02
1.490000e-01 -1.565395e-02
1.500000e-01 -1.595908e-02
1.510000e-01 -1.626805e-02
1.520000e-01 -1.658088e-02
1.530000e-01 -1.689758e-02
1.540000e-01 -1.721819e-02
1.550000e-01 -1.754273e-02
1.560000e-01 -1.787121e-02
1.570000e-01 -1.820367e-02
1.580000e-01 -1.854012e-02
1.590000e-01 -1.888058e-02
1.600000e-01 -1.922505e-02
1.610000e-01 -1.957354e-02
1.620000e-01 -1.992603e-02
1.630000e-01 -2.028254e-02
1.640000e-01 -2.064305e-02
1.650000e-01 -2.100756e-02
1.660000e-01 -2.137607e-02
1.670000e-01 -2.174859e-02
1.680000e-01 -2.212510e-02
1.690000e-01 -2.250561e-02
1.700000e-01 -2.289012e-02
1.710000e-01 -2.327862e-02
1.720000e-01 -2.367111e-02
1.730000e-01 -2.406759e-02
1.740000e-01 -2.446805e-02
1.750000e-01 -2.487251e-02
1.760000e-01 -2.528094e-02
1.770000e-01 -2.569336e-02
1.780000e-01 -2.610976e-02
1.790000e-01 -2.653013e-02
1.800000e-01 -2.695449e-02
1.810000e-01 -2.738282e-02
1.820000e-01 -2.781512e-02
1.830000e-01 -2.825139e-02
1.840000e-01 -2.869163e-02
1.850000e-01 -2.913584e-02
1.860000e-01 -2.958401e-02
1.870000e-01 -3.003615e-02
1.880000e-01 -3.049225e-02
1.890000e-01 -3.095231e-02
1.900000e-01 -3.141633e-02
1.910000e-01 -3.188431e-02
1.920000e-01 -3.235623e-02
1.930000e-01 -3.283212e-02
1.940000e-01 -3.331195e-02
1.950000e-01 -3.379573e-02
1.960000e-01 -3.428346e-02
1.970000e-01 -3.477514e-02
1.980000e-01 -3.527076e-02
1.990000e-01 -3.577032e-02
2.000000e-01 -3.627382e-02
2.010000e-01 -3.678126e-02
2.020000e-01 -3.729264e-02
2.030000e-01 -3.780795e-02
2.040000e-01 -3.832719e-02
2.050000e-01 -3.885037e-02
2.060000e-01 -3.937747e-02
2.070000e-01 -3.990850e-02
2.080000e-01 -4.044346e-02
2.090000e-01 -4.098234e-02
2.100000e-01 -4.152514e-02
2.110000e-01 -4.207186e-02
2.120000e-01 -4.262250e-02
2.130000e-01 -4.317706e-02
2.140000e-01 -4.373553e-02
2.150000e-01 -4.429791e-02
2.160000e-01 -4.486421e-02
2.170000e-01 -4.543441e-02
2.180000e-01 -4.600852e-02
2.190000e-01 -4.658654e-02
2.200000e-01 -4.716846e-02
2.210000e-01 -4.775428e-02
2.220000e-01 -4.834400e-02
2.230000e-01 -4.893762e-02
2.240000e-01 -4.953514e-02
2.250000e-01 -5.013655e-02
2.260000e-01 -5.074185e-02
2.270000e-01 -5.135104e-02
2.280000e-01 -5.196413e-02
2.290000e-01 -5.258110e-02
2.300000e-01 -5.320195e-02
2.310000e-01 -5.382669e-02
2.320000e-01 -5.445531e-02
2.330000e-01 -5.508781e-02
2.340000e-01 -5.572419e-02
2.350000e-01 -5.636444e-02
2.360000e-01 -5.700857e-02
2.370000e-01 -5.765657e-02
2.380000e-01 -5.830845e-02
2.390000e-01 -5.896419e-02
2.400000e-01 -5.962379e-02
2.410000e-01 -6.028727e-02
2.420000e-01 -6.095461e-02
2.430000e-01 -6.162580e-02
2.440000e-01 -6.230086e-02
2.450000e-01 -6.297978e-02
2.460000e-01 -6.366255e-02
2.470000e-01 -6.434918e-02
2.480000e-01 -6.503966e-02
2.490000e-01 -6.573399e-02
2.500000e-01 -6.643217e-02
2.510000e-01 -6.713419e-02
2.520000e-01 -6.784006e-02
2.530000e-01 -6.854978e-02
2.540000e-01 -6.926333e-02
2.550000e-01 -6.998073e-02
2.560000e-01 -7.070196e-02
2.570000e-01 -7.142703e-02
2.580000e-01 -7.215593e-02
2.590000e-01 -7.288867e-02
2.600000e-01 -7.362524e-02
2.610000e-01 -7.436563e-02
2.620000e-01 -7.510985e-02
2.630000e-01 -7.585790e-02
2.640000e-01 -7.660977e-02
2.650000e-01 -7.736543e-02
2.660000e-01 -7.812483e-02
2.670000e-01 -7.888796e-02
2.680000e-01 -7.965475e-02
2.690000e-01 -8.042518e-02
2.700000e-01 -8.119920e-02
2.710000e-01 -8.197678e-02
2.720000e-01 -8.275788e-02
2.730000e-01 -8.354245e-02
2.740000e-01 -8.433047e-02
2.750000e-01 -8.512188e-02
2.760000e-01 -8.591666e-02
2.770000e-01 -8.671476e-02
2.780000e-01 -8.751614e-02
2.790000e-01 -8.832076e-02
2.800000e-01 -8.912859e-02
2.810000e-01 -8.993959e-02
2.820000e-01 -9.075372e-02
2.830000e-01 -9.157093e-02
2.840000e-01 -9.239119e-02
2.850000e-01 -9.321447e-02
2.860000e-01 -9.404071e-02
2.870000e-01 -9.486989e-02
2.880000e-01 -9.570196e-02
2.890000e-01 -9.653688e-02
2.900000e-01 -9.737462e-02
2.910000e-01 -9.821514e-02
2.920000e-01 -9.905840e-02
2.930000e-01 -9.990435e-02
2.940000e-01 -1.007530e-01
2.950000e-01 -1.016042e-01
2.960000e-01 -1.024580e-01
2.970000e-01 -1.033144e-01
2.980000e-01 -1.041732e-01
2.990000e-01 -1.050346e-01
3.000000e-01 -1.058983e-01
3.010000e-01 -1.067644e-01
3.020000e-01 -1.076329e-01
3.030000e-01 -1.085037e-01
3.040000e-01 -1.093768e-01
3.050000e-01 -1.102521e-01
3.060000e-01 -1.111296e-01
3.070000e-01 -1.120092e-01
3.080000e-01 -1.128910e-01
3.090000e-01 -1.137748e-01
3.100000e-01 -1.146606e-01
3.110000e-01 -1.155485e-01
3.120000e-01 -1.164383e-01
3.130000e-01 -1.173301e-01
3.140000e-01 -1.182237e-01
3.150000e-01 -1.191191e-01
3.160000e-01 -1.200164e-01
3.170000e-01 -1.209154e-01
3.180000e-01 -1.218161e-01
3.190000e-01 -1.227186e-01
3.200000e-01 -1.236227e-01
3.210000e-01 -1.245283e-01
3.220000e-01 -1.254356e-01
3.230000e-01 -1.263444e-01
3.240000e-01 -1.272546e-01
3.250000e-01 -1.281663e-01
3.260000e-01 -1.290795e-01
3.270000e-01 -1.299940e-01
3.280000e-01 -1.309098e-01
3.290000e-01 -1.318270e-01
3.300000e-01 -1.327453e-01
3.310000e-01 -1.336650e-01
3.320000e-01 -1.345857e-01
3.330000e-01 -1.355077e-01
3.340000e-01 -1.364307e-01
3.350000e-01 -1.373548e-01
3.360000e-01 -1.382799e-01
3.370000e-01 -1.392060e-01
3.380000e-01 -1.401330e-01
3.390000e-01 -1.410609e-01
3.400000e-01 -1.419897e-01
3.410000e-01 -1.429194e-01
3.420000e-01 -1.438498e-01
3.430000e-01 -1.447810e-01
3.440000e-01 -1.457128e-01
3.450000e-01 -1.466454e-01
3.460000e-01 -1.475786e-01
3.470000e-01 -1.485123e-01
3.480000e-01 -1.494467e-01
3.490000e-01 -1.503815e-01
3.500000e-01 -1.513168e-01
3.510000e-01 -1.522526e-01
3.520000e-01 -1.531887e-01
3.530000e-01 -1.541253e-01
3.540000e-01 -1.550621e-01
3.550000e-01 -1.559992e-01
3.560000e-01 -1.569366e-01
3.570000e-01 -1.578741e-01
3.580000e-01 -1.588119e-01
3.590000e-01 -1.597497e-01
3.600000e-01 -1.606877e-01
3.610000e-01 -1.616256e-01
3.620000e-01 -1.625636e-01
3.630000e-01 -1.635016e-01
3.640000e-01 -1.644395e-01
3.650000e-01 -1.653773e-01
3.660000e-01 -1.663149e-01
3.670000e-01 -1.672524e-01
3.680000e-01 -1.681896e-01
3.690000e-01 -1.691265e-01
3.700000e-01 -1.700632e-01
3.710000e-01 -1.709993e-01
3.720000e-01 -1.719349e-01
3.730000e-01 -1.728699e-01
3.740000e-01 -1.738041e-01
3.750000e-01 -1.747374e-01
3.760000e-01 -1.756698e-01
3.770000e-01 -1.766011e-01
3.780000e-01 -1.775312e-01
3.790000e-01 -1.784600e-01
3.800000e-01 -1.793874e-01
3.810000e-01 -1.803133e-01
3.820000e-01 -1.812377e-01
3.830000e-01 -1.821603e-01
3.840000e-01 -1.830811e-01
3.850000e-01 -1.840000e-01
3.860000e-01 -1.849169e-01
3.870000e-01 -1.858316e-01
3.880000e-01 -1.867441e-01
3.890000e-01 -1.876543e-01
3.900000e-01 -1.885620e-01
3.910000e-01 -1.894672e-01
3.920000e-01 -1.903697e-01
3.930000e-01 -1.912695e-01
3.940000e-01 -1.921664e-01
3.950000e-01 -1.930604e-01
3.960000e-01 -1.939512e-01
3.970000e-01 -1.948389e-01
3.980000e-01 -1.957234e-01
3.990000e-01 -1.966044e-01
4.000000e-01 -1.974819e-01
4.010000e-01 -1.983559e-01
4.020000e-01 -1.992261e-01
4.030000e-01 -2.000926e-01
4.040000e-01 -2.009551e-01
4.050000e-01 -2.018136e-01
4.060000e-01 -2.026680e-01
4.070000e-01 -2.035181e-01
4.080000e-01 -2.043640e-01
4.090000e-01 -2.052054e-01
4.100000e-01 -2.060422e-01
4.110000e-01 -2.068744e-01
4.120000e-01 -2.077019e-01
4.130000e-01 -2.085245e-01
4.140000e-01 -2.093421e-01
4.150000e-01 -2.101547e-01
4.160000e-01 -2.109621e-01
4.170000e-01 -2.117642e-01
4.180000e-01 -2.125609e-01
4.190000e-01 -2.133522e-01
4.200000e-01 -2.141378e-01
4.210000e-01 -2.149178e-01
4.220000e-01 -2.156919e-01
4.230000e-01 -2.164602e-01
4.240000e-01 -2.172224e-01
4.250000e-01 -2.179786e-01
4.260000e-01 -2.187285e-01
4.270000e-01 -2.194721e-01
4.280000e-01 -2.202092e-01
4.290000e-01 -2.209398e-01
4.300000e-01 -2.216638e-01
4.310000e-01 -2.223810e-01
4.320000e-01 -2.230914e-01
4.330000e-01 -2.237948e-01
4.340000e-01 -2.244912e-01
4.350000e-01 -2.251804e-01
4.360000e-01 -2.258623e-01
4.370000e-01 -2.265368e-01
4.380000e-01 -2.272039e-01
4.390000e-01 -2.278633e-01
4.400000e-01 -2.285151e-01
4.410000e-01 -2.291591e-01
4.420000e-01 -2.297952e-01
4.430000e-01 -2.304233e-01
4.440000e-01 -2.310432e-01
4.450000e-01 -2.316550e-01
4.460000e-01 -2.322584e-01
4.470000e-01 -2.328534e-01
4.480000e-01 -2.334399e-01
4.490000e-01 -2.340177e-01
4.500000e-01 -2.345868e-01
4.510000e-01 -2.351471e-01
4.520000e-01 -2.356984e-01
4.530000e-01 -2.362406e-01
4.540000e-01 -2.367737e-01
4.550000e-01 -2.372975e-01
4.560000e-01 -2.378120e-01
4.570000e-01 -2.383169e-01
4.580000e-01 -2.388123e-01
4.590000e-01 -2.392980e-01
4.600000e-01 -2.397739e-01
4.610000e-01 -2.402399e-01
4.620000e-01 -2.406959e-01
4.630000e-01 -2.411418e-01
4.640000e-01 -2.415775e-01
4.650000e-01 -2.420029e-01
4.660000e-01 -2.424179e-01
4.670000e-01 -2.428223e-01
4.680000e-01 -2.432161e-01
4.690000e-01 -2.435992e-01
4.700000e-01 -2.439714e-01
4.710000e-01 -2.443327e-01
4.720000e-01 -2.446829e-01
4.730000e-01 -2.450220e-01
4.740000e-01 -2.453498e-01
4.750000e-01 -2.456662e-01
4.760000e-01 -2.459711e-01
4.770000e-01 -2.462644e-01
4.780000e-01 -2.465458e-01
4.790000e-01 -2.468154e-01
4.800000e-01 -2.470728e-01
4.810000e-01 -2.473181e-01
4.820000e-01 -2.475510e-01
4.830000e-01 -2.477714e-01
4.840000e-01 -2.479792e-01
4.850000e-01 -2.481742e-01
4.860000e-01 -2.483563e-01
4.870000e-01 -2.485254e-01
4.880000e-01 -2.486813e-01
4.890000e-01 -2.488238e-01
4.900000e-01 -2.489530e-01
4.910000e-01 -2.490685e-01
4.920000e-01 -2.491702e-01
4.930000e-01 -2.492581e-01
4.940000e-01 -2.493320e-01
4.950000e-01 -2.493918e-01
4.960000e-01 -2.494372e-01
4.970000e-01 -2.494682e-01
4.980000e-01 -2.494846e-01
4.990000e-01 -2.494863e-01
5.000000e-01 -2.494732e-01
5.010000e-01 -2.494451e-01
5.020000e-01 -2.494019e-01
5.030000e-01 -2.493434e-01
5.040000e-01 -2.492695e-01
5.050000e-01 -2.491800e-01
5.060000e-01 -2.490749e-01
5.070000e-01 -2.489539e-01
5.080000e-01 -2.488170e-01
5.090000e-01 -2.486640e-01
5.100000e-01 -2.484947e-01
5.110000e-01 -2.483091e-01
5.120000e-01 -2.481070e-01
5.130000e-01 -2.478882e-01
5.140000e-01 -2.476526e-01
5.150000e-01 -2.474000e-01
5.160000e-01 -2.471304e-01
5.170000e-01 -2.468436e-01
5.180000e-01 -2.465395e-01
5.190000e-01 -2.462179e-01
5.200000e-01 -2.458786e-01
5.210000e-01 -2.455216e-01
5.220000e-01 -2.451466e-01
5.230000e-01 -2.447536e-01
5.240000e-01 -2.443425e-01
5.250000e-01 -2.439130e-01
5.260000e-01 -2.434651e-01
5.270000e-01 -2.429985e-01
5.280000e-01 -2.425132e-01
5.290000e-01 -2.420091e-01
5.300000e-01 -2.414859e-01
5.310000e-01 -2.409436e-01
5.320000e-01 -2.403820e-01
5.330000e-01 -2.398009e-01
5.340000e-01 -2.392003e-01
5.350000e-01 -2.385800e-01
5.360000e-01 -2.379398e-01
5.370000e-01 -2.372797e-01
5.380000e-01 -2.365994e-01
5.390000e-01 -2.358988e-01
5.400000e-01 -2.351779e-01
5.410000e-01 -2.344364e-01
5.420000e-01 -2.336742e-01
5.430000e-01 -2.328912e-01
5.440000e-01 -2.320872e-01
5.450000e-01 -2.312622e-01
5.460000e-01 -2.304159e-01
5.470000e-01 -2.295482e-01
5.480000e-01 -2.286590e-01
5.490000e-01 -2.277482e-01
5.500000e-01 -2.268155e-01
5.510000e-01 -2.258610e-01
5.520000e-01 -2.248843e-01
5.530000e-01 -2.238855e-01
5.540000e-01 -2.228643e-01
5.550000e-01 -2.218206e-01
5.560000e-01 -2.207543e-01
5.570000e-01 -2.196653e-01
5.580000e-01 -2.185533e-01
5.590000e-01 -2.174183e-01
5.600000e-01 -2.162601e-01
5.610000e-01 -2.150785e-01
5.620000e-01 -2.138736e-01
5.630000e-01 -2.126450e-01
5.640000e-01 -2.113927e-01
5.650000e-01 -2.101165e-01
5.660000e-01 -2.088163e-01
5.670000e-01 -2.074919e-01
5.680000e-01 -2.061433e-01
5.690000e-01 -2.047702e-01
5.700000e-01 -2.033726e-01
5.710000e-01 -2.019502e-01
5.720000e-01 -2.005030e-01
5.730000e-01 -1.990308e-01
5.740000e-01 -1.975335e-01
5.750000e-01 -1.960109e-01
5.760000e-01 -1.944629e-01
5.770000e-01 -1.928894e-01
5.780000e-01 -1.912902e-01
5.790000e-01 -1.896651e-01
5.800000e-01 -1.880141e-01
5.810000e-01 -1.863367e-01
5.820000e-01 -1.846326e-01
5.830000e-01 -1.829015e-01
5.840000e-01 -1.811429e-01
5.850000e-01 -1.793565e-01
5.860000e-01 -1.775419e-01
5.870000e-01 -1.756987e-01
5.880000e-01 -1.738267e-01
5.890000e-01 -1.719253e-01
5.900000e-01 -1.699943e-01
5.910000e-01 -1.680333e-01
5.920000e-01 -1.660419e-01
5.930000e-01 -1.640198e-01
5.940000e-01 -1.619665e-01
5.950000e-01 -1.598817e-01
5.960000e-01 -1.577651e-01
5.970000e-01 -1.556162e-01
5.980000e-01 -1.534347e-01
5.990000e-01 -1.512203e-01
6.000000e-01 -1.489725e-01
6.010000e-01 -1.466911e-01
6.020000e-01 -1.443755e-01
6.030000e-01 -1.420255e-01
6.040000e-01 -1.396408e-01
6.050000e-01 -1.372208e-01
6.060000e-01 -1.347653e-01
6.070000e-01 -1.322739e-01
6.080000e-01 -1.297462e-01
6.090000e-01 -1.271819e-01
6.100000e-01 -1.245805e-01
6.110000e-01 -1.219418e-01
6.120000e-01 -1.192653e-01
6.130000e-01 -1.165507e-01
6.140000e-01 -1.137976e-01
6.150000e-01 -1.110056e-01
6.160000e-01 -1.081745e-01
6.170000e-01 -1.053037e-01
6.180000e-01 -1.023930e-01
6.190000e-01 -9.944193e-02
6.200000e-01 -9.645018e-02
6.210000e-01 -9.341737e-02
6.220000e-01 -9.034312e-02
6.230000e-01 -8.722707e-02
6.240000e-01 -8.406885e-02
6.250000e-01 -8.086810e-02
6.260000e-01 -7.762444e-02
6.270000e-01 -7.433751e-02
6.280000e-01 -7.100693e-02
6.290000e-01 -6.763235e-02
6.300000e-01 -6.421338e-02
6.310000e-01 -6.074968e-02
6.320000e-01 -5.724085e-02
6.330000e-01 -5.368655e-02
6.340000e-01 -5.008639e-02
6.350000e-01 -4.644002e-02
6.360000e-01 -4.274706e-02
6.370000e-01 -3.900714e-02
6.380000e-01 -3.521990e-02
6.390000e-01 -3.138497e-02
6.400000e-01 -2.750199e-02
6.410000e-01 -2.357057e-02
6.420000e-01 -1.959036e-02
6.430000e-01 -1.556098e-02
6.440000e-01 -1.148208e-02
6.450000e-01 -7.353269e-03
6.460000e-01 -3.174194e-03
6.470000e-01 1.055517e-03
6.480000e-01 5.336233e-03
6.490000e-01 9.668321e-03
6.500000e-01 1.405215e-02
6.510000e-01 1.848809e-02
6.520000e-01 2.297650e-02
6.530000e-01 2.751776e-02
6.540000e-01 3.211223e-02
6.550000e-01 3.676029e-02
6.560000e-01 4.146229e-02
6.570000e-01 4.621861e-02
6.580000e-01 5.102961e-02
6.590000e-01 5.589567e-02
6.600000e-01 6.081716e-02
6.610000e-01 6.579443e-02
6.620000e-01 7.082786e-02
6.630000e-01 7.591781e-02
6.640000e-01 8.106467e-02
6.650000e-01 8.626878e-02
6.660000e-01 9.153052e-02
6.670000e-01 9.685027e-02
6.680000e-01 1.022284e-01
6.690000e-01 1.076652e-01
6.700000e-01 1.131612e-01
6.710000e-01 1.187166e-01
6.720000e-01 1.243319e-01
6.730000e-01 1.300073e-01
6.740000e-01 1.357434e-01
6.750000e-01 1.415404e-01
6.760000e-01 1.473986e-01
6.770000e-01 1.533186e-01
6.780000e-01 1.593007e-01
6.790000e-01 1.653451e-01
6.800000e-01 1.714523e-01
6.810000e-01 1.776227e-01
6.820000e-01 1.838566e-01
6.830000e-01 1.901544e-01
6.840000e-01 1.965165e-01
6.850000e-01 2.029431e-01
6.860000e-01 2.094344e-01
6.870000e-01 2.159903e-01
6.880000e-01 2.226107e-01
6.890000e-01 2.292957e-01
6.900000e-01 2.360450e-01
6.910000e-01 2.428588e-01
6.920000e-01 2.497369e-01
6.930000e-01 2.566792e-01
6.940000e-01 2.636857e-01
6.950000e-01 2.707564e-01
6.960000e-01 2.778912e-01
6.970000e-01 2.850900e-01
6.980000e-01 2.923529e-01
6.990000e-01 2.996796e-01
7.000000e-01 3.070702e-01
7.010000e-01 3.145246e-01
7.020000e-01 3.220428e-01
7.030000e-01 3.296247e-01
7.040000e-01 3.372702e-01
7.050000e-01 3.449794e-01
7.060000e-01 3.527520e-01
7.070000e-01 3.605881e-01
7.080000e-01 3.684877e-01
7.090000e-01 3.764506e-01
7.100000e-01 3.844768e-01
7.110000e-01 3.925663e-01
7.120000e-01 4.007190e-01
7.130000e-01 4.089348e-01
7.140000e-01 4.172137e-01
7.150000e-01 4.255556e-01
7.160000e-01 4.339605e-01
7.170000e-01 4.424284e-01
7.180000e-01 4.509590e-01
7.190000e-01 4.595525e-01
7.200000e-01 4.682087e-01
7.210000e-01 4.769276e-01
7.220000e-01 4.857092e-01
7.230000e-01 4.945533e-01
7.240000e-01 5.034599e-01
7.250000e-01 5.124291e-01
7.260000e-01 5.214606e-01
7.270000e-01 5.305544e-01
7.280000e-01 5.397106e-01
7.290000e-01 5.489290e-01
7.300000e-01 5.582096e-01
7.310000e-01 5.675523e-01
7.320000e-01 5.769571e-01
7.330000e-01 5.864239e-01
7.340000e-01 5.959527e-01
7.350000e-01 6.055433e-01
7.360000e-01 6.151958e-01
7.370000e-01 6.249102e-01
7.380000e-01 6.346862e-01
7.390000e-01 6.445239e-01
7.400000e-01 6.544232e-01
7.410000e-01 6.643841e-01
7.420000e-01 6.744065e-01
7.430000e-01 6.844904e-01
7.440000e-01 6.946357e-01
7.450000e-01 7.048423e-01
7.460000e-01 7.151101e-01
7.470000e-01 7.254392e-01
7.480000e-01 7.358295e-01
7.490000e-01 7.462809e-01
7.500000e-01 7.567934e-01
7.510000e-01 7.673668e-01
7.520000e-01 7.780012e-01
7.530000e-01 7.886965e-01
7.540000e-01 7.994527e-01
7.550000e-01 8.102696e-01
7.560000e-01 8.211472e-01
7.570000e-01 8.320855e-01
7.580000e-01 8.430844e-01
7.590000e-01 8.541438e-01
7.600000e-01 8.652638e-01
7.610000e-01 8.764442e-01
7.620000e-01 8.876850e-01
7.630000e-01 8.989861e-01
7.640000e-01 9.103474e-01
7.650000e-01 9.217690e-01
7.660000e-01 9.332508e-01
7.670000e-01 9.447926e-01
7.680000e-01 9.563945e-01
7.690000e-01 9.680564e-01
7.700000e-01 9.797782e-01
7.710000e-01 9.915599e-01
7.720000e-01 1.003401e+00
7.730000e-01 1.015303e+00
7.740000e-01 1.027264e+00
7.750000e-01 1.039284e+00
7.760000e-01 1.051365e+00
7.770000e-01 1.063504e+00
7.780000e-01 1.075704e+00
7.790000e-01 1.087962e+00
7.800000e-01 1.100280e+00
7.810000e-01 1.112658e+00
7.820000e-01 1.125094e+00
7.830000e-01 1.137590e+00
7.840000e-01 1.150145e+00
7.850000e-01 1.162759e+00
7.860000e-01 1.175433e+00
7.870000e-01 1.188165e+00
7.880000e-01 1.200956e+00
7.890000e-01 1.213806e+00
7.900000e-01 1.226714e+00
7.910000e-01 1.239683e+00
7.920000e-01 1.252713e+00
7.930000e-01 1.265808e+00
7.940000e-01 1.278968e+00
7.950000e-01 1.292197e+00
7.960000e-01 1.305495e+00
7.970000e-01 1.318866e+00
7.980000e-01 1.332310e+00
7.990000e-01 1.345831e+00
8.000000e-01 1.359430e+00
8.010000e-01 1.373109e+00
8.020000e-01 1.386870e+00
8.030000e-01 1.400716e+00
8.040000e-01 1.414647e+00
8.050000e-01 1.428668e+00
8.060000e-01 1.442778e+00
8.070000e-01 1.456981e+00
8.080000e-01 1.471278e+00
8.090000e-01 1.485672e+00
8.100000e-01 1.500165e+00
8.110000e-01 1.514758e+00
8.120000e-01 1.529453e+00
8.130000e-01 1.544253e+00
8.140000e-01 1.559160e+00
8.150000e-01 1.574175e+00
8.160000e-01 1.589301e+00
8.170000e-01 1.604540e+00
8.180000e-01 1.619894e+00
8.190000e-01 1.635364e+00
8.200000e-01 1.650954e+00
8.210000e-01 1.666664e+00
8.220000e-01 1.682497e+00
8.230000e-01 1.698455e+00
8.240000e-01 1.714540e+00
8.250000e-01 1.730754e+00
8.260000e-01 1.747099e+00
8.270000e-01 1.763577e+00
8.280000e-01 1.780191e+00
8.290000e-01 1.796941e+00
8.300000e-01 1.813831e+00
8.310000e-01 1.830862e+00
8.320000e-01 1.848036e+00
8.330000e-01 1.865355e+00
8.340000e-01 1.882822e+00
8.350000e-01 1.900438e+00
8.360000e-01 1.918206e+00
8.370000e-01 1.936127e+00
8.380000e-01 1.954203e+00
8.390000e-01 1.972437e+00
8.400000e-01 1.990830e+00
8.410000e-01 2.009385e+00
8.420000e-01 2.028104e+00
8.430000e-01 2.046988e+00
8.440000e-01 2.066040e+00
8.450000e-01 2.085262e+00
8.460000e-01 2.104655e+00
8.470000e-01 2.124222e+00
8.480000e-01 2.143965e+00
8.490000e-01 2.163886e+00
8.500000e-01 2.183987e+00
8.510000e-01 2.204269e+00
8.520000e-01 2.224736e+00
8.530000e-01 2.245388e+00
8.540000e-01 2.266229e+00
8.550000e-01 2.287259e+00
8.560000e-01 2.308482e+00
8.570000e-01 2.329899e+00
8.580000e-01 2.351512e+00
8.590000e-01 2.373323e+00
8.600000e-01 2.395334e+00
8.610000e-01 2.417548e+00
8.620000e-01 2.439965e+00
8.630000e-01 2.462590e+00
8.640000e-01 2.485422e+00
8.650000e-01 2.508465e+00
8.660000e-01 2.531720e+00
8.670000e-01 2.555190e+00
8.680000e-01 2.578876e+00
8.690000e-01 2.602781e+00
8.700000e-01 2.626907e+00
8.710000e-01 2.651255e+00
8.720000e-01 2.675827e+00
8.730000e-01 2.700626e+00
8.740000e-01 2.725654e+00
8.750000e-01 2.750913e+00
8.760000e-01 2.776405e+00
8.770000e-01 2.802131e+00
8.780000e-01 2.828094e+00
8.790000e-01 2.854296e+00
8.800000e-01 2.880739e+00
8.810000e-01 2.907425e+00
8.820000e-01 2.934356e+00
8.830000e-01 2.961533e+00
8.840000e-01 2.988960e+00
8.850000e-01 3.016638e+00
8.860000e-01 3.044569e+00
8.870000e-01 3.072755e+00
8.880000e-01 3.101199e+00
8.890000e-01 3.129901e+00
8.900000e-01 3.158865e+00
8.910000e-01 3.188092e+00
8.920000e-01 3.217585e+00
8.930000e-01 3.247344e+00
8.940000e-01 3.277373e+00
8.950000e-01 3.307674e+00
8.960000e-01 3.338246e+00
8.970000e-01 3.369084e+00
8.980000e-01 3.400183e+00
8.990000e-01 3.431538e+00
9.000000e-01 3.463144e+00
9.010000e-01 3.494996e+00
9.020000e-01 3.527088e+00
9.030000e-01 3.559415e+00
9.040000e-01 3.591972e+00
9.050000e-01 3.624755e+00
9.060000e-01 3.657756e+00
9.070000e-01 3.690973e+00
9.080000e-01 3.724399e+00
9.090000e-01 3.758029e+00
9.100000e-01 3.791858e+00
9.110000e-01 3.825880e+00
9.120000e-01 3.860092e+00
9.130000e-01 3.894486e+00
9.140000e-01 3.929059e+00
9.150000e-01 3.963805e+00
9.160000e-01 3.998719e+00
9.170000e-01 4.033795e+00
9.180000e-01 4.069029e+00
9.190000e-01 4.104415e+00
9.200000e-01 4.139948e+00
9.210000e-01 4.175624e+00
9.220000e-01 4.211435e+00
9.230000e-01 4.247379e+00
9.240000e-01 4.283449e+00
9.250000e-01 4.319640e+00
9.260000e-01 4.355947e+00
9.270000e-01 4.392365e+00
9.280000e-01 4.428888e+00
9.290000e-01 4.465512e+00
9.300000e-01 4.502231e+00
9.310000e-01 4.539040e+00
9.320000e-01 4.575934e+00
9.330000e-01 4.612908e+00
9.340000e-01 4.649956e+00
9.350000e-01 4.687074e+00
9.360000e-01 4.724255e+00
9.370000e-01 4.761496e+00
9.380000e-01 4.798790e+00
9.390000e-01 4.836133e+00
9.400000e-01 4.873520e+00
9.410000e-01 4.910944e+00
9.420000e-01 4.948402e+00
9.430000e-01 4.985887e+00
9.440000e-01 5.023395e+00
9.450000e-01 5.060921e+00
9.460000e-01 5.098459e+00
9.470000e-01 5.136004e+00
9.480000e-01 5.173551e+00
9.490000e-01 5.211094e+00
9.500000e-01 5.248629e+00
9.510000e-01 5.286151e+00
9.520000e-01 5.323653e+00
9.530000e-01 5.361132e+00
9.540000e-01 5.398582e+00
9.550000e-01 5.435997e+00
9.560000e-01 5.473372e+00
9.570000e-01 5.510703e+00
9.580000e-01 5.547983e+00
9.590000e-01 5.585209e+00
9.600000e-01 5.622374e+00
9.610000e-01 5.659474e+00
9.620000e-01 5.696503e+00
9.630000e-01 5.733457e+00
9.640000e-01 5.770329e+00
9.650000e-01 5.807115e+00
9.660000e-01 5.843809e+00
9.670000e-01 5.880407e+00
9.680000e-01 5.916903e+00
9.690000e-01 5.953292e+00
9.700000e-01 5.989569e+00
9.710000e-01 6.025729e+00
9.720000e-01 6.061766e+00
9.730000e-01 6.097675e+00
9.740000e-01 6.133452e+00
9.750000e-01 6.169090e+00
9.760000e-01 6.204585e+00
9.770000e-01 6.239932e+00
9.780000e-01 6.275125e+00
9.790000e-01 6.310159e+00
9.800000e-01 6.345029e+00
9.810000e-01 6.379730e+00
9.820000e-01 6.414256e+00
9.830000e-01 6.448603e+00
9.840000e-01 6.482765e+00
9.850000e-01 6.516738e+00
9.860000e-01 6.550515e+00
9.870000e-01 6.584091e+00
9.880000e-01 6.617463e+00
9.890000e-01 6.650623e+00
9.900000e-01 6.683568e+00
9.910000e-01 6.716291e+00
9.920000e-01 6.748789e+00
9.930000e-01 6.781054e+00
9.940000e-01 6.813084e+00
9.950000e-01 6.844871e+00
9.960000e-01 6.876412e+00
9.970000e-01 6.907700e+00
9.980000e-01 6.938731e+00
9.990000e-01 6.969499e+00
