-1.000000e+00 -7.000000e+00
-9.990000e-01 -6.980255e+00
-9.980000e-01 -6.960321e+00
-9.970000e-01 -6.940199e+00
-9.960000e-01 -6.919892e+00
-9.950000e-01 -6.899400e+00
-9.940000e-01 -6.878727e+00
-9.930000e-01 -6.857873e+00
-9.920000e-01 -6.836841e+00
-9.910000e-01 -6.815631e+00
-9.900000e-01 -6.794246e+00
-9.890000e-01 -6.772687e+00
-9.880000e-01 -6.750956e+00
-9.870000e-01 -6.729056e+00
-9.860000e-01 -6.706986e+00
-9.850000e-01 -6.684750e+00
-9.840000e-01 -6.662349e+00
-9.830000e-01 -6.639785e+00
-9.820000e-01 -6.617059e+00
-9.810000e-01 -6.594173e+00
-9.800000e-01 -6.571129e+00
-9.790000e-01 -6.547929e+00
-9.780000e-01 -6.524574e+00
-9.770000e-01 -6.501065e+00
-9.760000e-01 -6.477406e+00
-9.750000e-01 -6.453597e+00
-9.740000e-01 -6.429640e+00
-9.730000e-01 -6.405537e+00
-9.720000e-01 -6.381289e+00
-9.710000e-01 -6.356899e+00
-9.700000e-01 -6.332368e+00
-9.690000e-01 -6.307697e+00
-9.680000e-01 -6.282889e+00
-9.670000e-01 -6.257945e+00
-9.660000e-01 -6.232867e+00
-9.650000e-01 -6.207657e+00
-9.640000e-01 -6.182316e+00
-9.630000e-01 -6.156845e+00
-9.620000e-01 -6.131248e+00
-9.610000e-01 -6.105525e+00
-9.600000e-01 -6.079678e+00
-9.590000e-01 -6.053709e+00
-9.580000e-01 -6.027620e+00
-9.570000e-01 -6.001412e+00
-9.560000e-01 -5.975087e+00
-9.550000e-01 -5.948647e+00
-9.540000e-01 -5.922093e+00
-9.530000e-01 -5.895428e+00
-9.520000e-01 -5.868652e+00
-9.510000e-01 -5.841769e+00
-9.500000e-01 -5.814778e+00
-9.490000e-01 -5.787682e+00
-9.480000e-01 -5.760484e+00
-9.470000e-01 -5.733184e+00
-9.460000e-01 -5.705783e+00
-9.450000e-01 -5.678285e+00
-9.440000e-01 -5.650691e+00
-9.430000e-01 -5.623002e+00
-9.420000e-01 -5.595220e+00
-9.410000e-01 -5.567347e+00
-9.400000e-01 -5.539384e+00
-9.390000e-01 -5.511334e+00
-9.380000e-01 -5.483197e+00
-9.370000e-01 -5.454976e+00
-9.360000e-01 -5.426673e+00
-9.350000e-01 -5.398289e+00
-9.340000e-01 -5.369825e+00
-9.330000e-01 -5.341284e+00
-9.320000e-01 -5.312667e+00
-9.310000e-01 -5.283977e+00
-9.300000e-01 -5.255214e+00
-9.290000e-01 -5.226380e+00
-9.280000e-01 -5.197477e+00
-9.270000e-01 -5.168508e+00
-9.260000e-01 -5.139473e+00
-9.250000e-01 -5.110374e+00
-9.240000e-01 -5.081213e+00
-9.230000e-01 -5.051992e+00
-9.220000e-01 -5.022712e+00
-9.210000e-01 -4.993376e+00
-9.200000e-01 -4.963984e+00
-9.190000e-01 -4.934539e+00
-9.180000e-01 -4.905042e+00
-9.170000e-01 -4.875495e+00
-9.160000e-01 -4.845900e+00
-9.150000e-01 -4.816258e+00
-9.140000e-01 -4.786572e+00
-9.130000e-01 -4.756842e+00
-9.120000e-01 -4.727071e+00
-9.110000e-01 -4.697260e+00
-9.100000e-01 -4.667412e+00
-9.090000e-01 -4.637527e+00
-9.080000e-01 -4.607607e+00
-9.070000e-01 -4.577655e+00
-9.060000e-01 -4.547672e+00
-9.050000e-01 -4.517659e+00
-9.040000e-01 -4.487619e+00
-9.030000e-01 -4.457552e+00
-9.020000e-01 -4.427462e+00
-9.010000e-01 -4.397349e+00
-9.000000e-01 -4.367215e+00
-8.990000e-01 -4.337062e+00
-8.980000e-01 -4.306891e+00
-8.970000e-01 -4.276705e+00
-8.960000e-01 -4.246505e+00
-8.950000e-01 -4.216293e+00
-8.940000e-01 -4.186071e+00
-8.930000e-01 -4.155839e+00
-8.920000e-01 -4.125601e+00
-8.910000e-01 -4.095357e+00
-8.900000e-01 -4.065110e+00
-8.890000e-01 -4.034860e+00
-8.880000e-01 -4.004611e+00
-8.870000e-01 -3.974363e+00
-8.860000e-01 -3.944118e+00
-8.850000e-01 -3.913878e+00
-8.840000e-01 -3.883645e+00
-8.830000e-01 -3.853420e+00
-8.820000e-01 -3.823206e+00
-8.810000e-01 -3.793003e+00
-8.800000e-01 -3.762814e+00
-8.790000e-01 -3.732640e+00
-8.780000e-01 -3.702483e+00
-8.770000e-01 -3.672345e+00
-8.760000e-01 -3.642227e+00
-8.750000e-01 -3.612131e+00
-8.740000e-01 -3.582059e+00
-8.730000e-01 -3.552013e+00
-8.720000e-01 -3.521994e+00
-8.710000e-01 -3.492004e+00
-8.700000e-01 -3.462044e+00
-8.690000e-01 -3.432117e+00
-8.680000e-01 -3.402225e+00
-8.670000e-01 -3.372368e+00
-8.660000e-01 -3.342549e+00
-8.650000e-01 -3.312769e+00
-8.640000e-01 -3.283030e+00
-8.630000e-01 -3.253333e+00
-8.620000e-01 -3.223682e+00
-8.610000e-01 -3.194076e+00
-8.600000e-01 -3.164518e+00
-8.590000e-01 -3.135010e+00
-8.580000e-01 -3.105554e+00
-8.570000e-01 -3.076150e+00
-8.560000e-01 -3.046801e+00
-8.550000e-01 -3.017508e+00
-8.540000e-01 -2.988274e+00
-8.530000e-01 -2.959100e+00
-8.520000e-01 -2.929987e+00
-8.510000e-01 -2.900937e+00
-8.500000e-01 -2.871953e+00
-8.490000e-01 -2.843035e+00
-8.480000e-01 -2.814186e+00
-8.470000e-01 -2.785407e+00
-8.460000e-01 -2.756700e+00
-8.450000e-01 -2.728067e+00
-8.440000e-01 -2.699509e+00
-8.430000e-01 -2.671028e+00
-8.420000e-01 -2.642626e+00
-8.410000e-01 -2.614305e+00
-8.400000e-01 -2.586065e+00
-8.390000e-01 -2.557910e+00
-8.380000e-01 -2.529840e+00
-8.370000e-01 -2.501858e+00
-8.360000e-01 -2.473965e+00
-8.350000e-01 -2.446162e+00
-8.340000e-01 -2.418453e+00
-8.330000e-01 -2.390837e+00
-8.320000e-01 -2.363317e+00
-8.310000e-01 -2.335895e+00
-8.300000e-01 -2.308573e+00
-8.290000e-01 -2.281351e+00
-8.280000e-01 -2.254233e+00
-8.270000e-01 -2.227219e+00
-8.260000e-01 -2.200311e+00
-8.250000e-01 -2.173511e+00
-8.240000e-01 -2.146821e+00
-8.230000e-01 -2.120242e+00
-8.220000e-01 -2.093777e+00
-8.210000e-01 -2.067426e+00
-8.200000e-01 -2.041192e+00
-8.190000e-01 -2.015076e+00
-8.180000e-01 -1.989081e+00
-8.170000e-01 -1.963207e+00
-8.160000e-01 -1.937456e+00
-8.150000e-01 -1.911831e+00
-8.140000e-01 -1.886332e+00
-8.130000e-01 -1.860962e+00
-8.120000e-01 -1.835722e+00
-8.110000e-01 -1.810615e+00
-8.100000e-01 -1.785641e+00
-8.090000e-01 -1.760802e+00
-8.080000e-01 -1.736101e+00
-8.070000e-01 -1.711539e+00
-8.060000e-01 -1.687117e+00
-8.050000e-01 -1.662838e+00
-8.040000e-01 -1.638702e+00
-8.030000e-01 -1.614713e+00
-8.020000e-01 -1.590871e+00
-8.010000e-01 -1.567178e+00
-8.000000e-01 -1.543636e+00
-7.990000e-01 -1.520246e+00
-7.980000e-01 -1.497011e+00
-7.970000e-01 -1.473933e+00
-7.960000e-01 -1.451011e+00
-7.950000e-01 -1.428250e+00
-7.940000e-01 -1.405649e+00
-7.930000e-01 -1.383212e+00
-7.920000e-01 -1.360939e+00
-7.910000e-01 -1.338833e+00
-7.900000e-01 -1.316894e+00
-7.890000e-01 -1.295126e+00
-7.880000e-01 -1.273529e+00
-7.870000e-01 -1.252105e+00
-7.860000e-01 -1.230856e+00
-7.850000e-01 -1.209784e+00
-7.840000e-01 -1.188890e+00
-7.830000e-01 -1.168176e+00
-7.820000e-01 -1.147645e+00
-7.810000e-01 -1.127296e+00
-7.800000e-01 -1.107133e+00
-7.790000e-01 -1.087157e+00
-7.780000e-01 -1.067370e+00
-7.770000e-01 -1.047773e+00
-7.760000e-01 -1.028366e+00
-7.750000e-01 -1.009148e+00
-7.740000e-01 -9.901184e-01
-7.730000e-01 -9.712763e-01
-7.720000e-01 -9.526207e-01
-7.710000e-01 -9.341508e-01
-7.700000e-01 -9.158657e-01
-7.690000e-01 -8.977644e-01
-7.680000e-01 -8.798461e-01
-7.670000e-01 -8.621098e-01
-7.660000e-01 -8.445548e-01
-7.650000e-01 -8.271800e-01
-7.640000e-01 -8.099847e-01
-7.630000e-01 -7.929679e-01
-7.620000e-01 -7.761287e-01
-7.610000e-01 -7.594662e-01
-7.600000e-01 -7.429796e-01
-7.590000e-01 -7.266680e-01
-7.580000e-01 -7.105304e-01
-7.570000e-01 -6.945660e-01
-7.560000e-01 -6.787739e-01
-7.550000e-01 -6.631531e-01
-7.540000e-01 -6.477029e-01
-7.530000e-01 -6.324222e-01
-7.520000e-01 -6.173103e-01
-7.510000e-01 -6.023662e-01
-7.500000e-01 -5.875891e-01
-7.490000e-01 -5.729780e-01
-7.480000e-01 -5.585320e-01
-7.470000e-01 -5.442503e-01
-7.460000e-01 -5.301320e-01
-7.450000e-01 -5.161762e-01
-7.440000e-01 -5.023819e-01
-7.430000e-01 -4.887484e-01
-7.420000e-01 -4.752746e-01
-7.410000e-01 -4.619598e-01
-7.400000e-01 -4.488030e-01
-7.390000e-01 -4.358033e-01
-7.380000e-01 -4.229599e-01
-7.370000e-01 -4.102719e-01
-7.360000e-01 -3.977382e-01
-7.350000e-01 -3.853582e-01
-7.340000e-01 -3.731309e-01
-7.330000e-01 -3.610553e-01
-7.320000e-01 -3.491307e-01
-7.310000e-01 -3.373560e-01
-7.300000e-01 -3.257305e-01
-7.290000e-01 -3.142532e-01
-7.280000e-01 -3.029232e-01
-7.270000e-01 -2.917396e-01
-7.260000e-01 -2.807017e-01
-7.250000e-01 -2.698084e-01
-7.240000e-01 -2.590588e-01
-7.230000e-01 -2.484521e-01
-7.220000e-01 -2.379875e-01
-7.210000e-01 -2.276639e-01
-7.200000e-01 -2.174805e-01
-7.190000e-01 -2.074365e-01
-7.180000e-01 -1.975308e-01
-7.170000e-01 -1.877628e-01
-7.160000e-01 -1.781313e-01
-7.150000e-01 -1.686356e-01
-7.140000e-01 -1.592748e-01
-7.130000e-01 -1.500479e-01
-7.120000e-01 -1.409541e-01
-7.110000e-01 -1.319925e-01
-7.100000e-01 -1.231622e-01
-7.090000e-01 -1.144623e-01
-7.080000e-01 -1.058920e-01
-7.070000e-01 -9.745021e-02
-7.060000e-01 -8.913620e-02
-7.050000e-01 -8.094902e-02
-7.040000e-01 -7.288780e-02
-7.030000e-01 -6.495164e-02
-7.020000e-01 -5.713965e-02
-7.010000e-01 -4.945094e-02
-7.000000e-01 -4.188462e-02
-6.990000e-01 -3.443980e-02
-6.980000e-01 -2.711558e-02
-6.970000e-01 -1.991108e-02
-6.960000e-01 -1.282540e-02
-6.950000e-01 -5.857652e-03
-6.940000e-01 9.930501e-04
-6.930000e-01 7.727601e-03
-6.920000e-01 1.434689e-02
-6.910000e-01 2.085181e-02
-6.900000e-01 2.724325e-02
-6.890000e-01 3.352211e-02
-6.880000e-01 3.968926e-02
-6.870000e-01 4.574561e-02
-6.860000e-01 5.169205e-02
-6.850000e-01 5.752946e-02
-6.840000e-01 6.325874e-02
-6.830000e-01 6.888078e-02
-6.820000e-01 7.439646e-02
-6.810000e-01 7.980669e-02
-6.800000e-01 8.511234e-02
-6.790000e-01 9.031432e-02
-6.780000e-01 9.541351e-02
-6.770000e-01 1.004108e-01
-6.760000e-01 1.053071e-01
-6.750000e-01 1.101033e-01
-6.740000e-01 1.148002e-01
-6.730000e-01 1.193988e-01
-6.720000e-01 1.239000e-01
-6.710000e-01 1.283046e-01
-6.700000e-01 1.326136e-01
-6.690000e-01 1.368278e-01
-6.680000e-01 1.409481e-01
-6.670000e-01 1.449755e-01
-6.660000e-01 1.489107e-01
-6.650000e-01 1.527547e-01
-6.640000e-01 1.565084e-01
-6.630000e-01 1.601727e-01
-6.620000e-01 1.637485e-01
-6.610000e-01 1.672366e-01
-6.600000e-01 1.706380e-01
-6.590000e-01 1.739535e-01
-6.580000e-01 1.771840e-01
-6.570000e-01 1.803305e-01
-6.560000e-01 1.833938e-01
-6.550000e-01 1.863748e-01
-6.540000e-01 1.892743e-01
-6.530000e-01 1.920934e-01
-6.520000e-01 1.948329e-01
-6.510000e-01 1.974936e-01
-6.500000e-01 2.000764e-01
-6.490000e-01 2.025824e-01
-6.480000e-01 2.050122e-01
-6.470000e-01 2.073669e-01
-6.460000e-01 2.096473e-01
-6.450000e-01 2.118544e-01
-6.440000e-01 2.139889e-01
-6.430000e-01 2.160518e-01
-6.420000e-01 2.180441e-01
-6.410000e-01 2.199665e-01
-6.400000e-01 2.218199e-01
-6.390000e-01 2.236053e-01
-6.380000e-01 2.253236e-01
-6.370000e-01 2.269756e-01
-6.360000e-01 2.285623e-01
-6.350000e-01 2.300845e-01
-6.340000e-01 2.315431e-01
-6.330000e-01 2.329390e-01
-6.320000e-01 2.342730e-01
-6.310000e-01 2.355462e-01
-6.300000e-01 2.367594e-01
-6.290000e-01 2.379134e-01
-6.280000e-01 2.390092e-01
-6.270000e-01 2.400476e-01
-6.260000e-01 2.410296e-01
-6.250000e-01 2.419560e-01
-6.240000e-01 2.428278e-01
-6.230000e-01 2.436457e-01
-6.220000e-01 2.444108e-01
-6.210000e-01 2.451238e-01
-6.200000e-01 2.457858e-01
-6.190000e-01 2.463975e-01
-6.180000e-01 2.469599e-01
-6.170000e-01 2.474738e-01
-6.160000e-01 2.479402e-01
-6.150000e-01 2.483600e-01
-6.140000e-01 2.487340e-01
-6.130000e-01 2.490631e-01
-6.120000e-01 2.493482e-01
-6.110000e-01 2.495902e-01
-6.100000e-01 2.497900e-01
-6.090000e-01 2.499486e-01
-6.080000e-01 2.500667e-01
-6.070000e-01 2.501452e-01
-6.060000e-01 2.501851e-01
-6.050000e-01 2.501873e-01
-6.040000e-01 2.501526e-01
-6.030000e-01 2.500820e-01
-6.020000e-01 2.499763e-01
-6.010000e-01 2.498364e-01
-6.000000e-01 2.496632e-01
-5.990000e-01 2.494576e-01
-5.980000e-01 2.492204e-01
-5.970000e-01 2.489527e-01
-5.960000e-01 2.486553e-01
-5.950000e-01 2.483290e-01
-5.940000e-01 2.479747e-01
-5.930000e-01 2.475934e-01
-5.920000e-01 2.471859e-01
-5.910000e-01 2.467532e-01
-5.900000e-01 2.462961e-01
-5.890000e-01 2.458154e-01
-5.880000e-01 2.453122e-01
-5.870000e-01 2.447873e-01
-5.860000e-01 2.442415e-01
-5.850000e-01 2.436759e-01
-5.840000e-01 2.430911e-01
-5.830000e-01 2.424883e-01
-5.820000e-01 2.418681e-01
-5.810000e-01 2.412317e-01
-5.800000e-01 2.405797e-01
-5.790000e-01 2.399132e-01
-5.780000e-01 2.392329e-01
-5.770000e-01 2.385399e-01
-5.760000e-01 2.378349e-01
-5.750000e-01 2.371190e-01
-5.740000e-01 2.363929e-01
-5.730000e-01 2.356575e-01
-5.720000e-01 2.349139e-01
-5.710000e-01 2.341627e-01
-5.700000e-01 2.334050e-01
-5.690000e-01 2.326417e-01
-5.680000e-01 2.318735e-01
-5.670000e-01 2.311015e-01
-5.660000e-01 2.303264e-01
-5.650000e-01 2.295493e-01
-5.640000e-01 2.287709e-01
-5.630000e-01 2.279922e-01
-5.620000e-01 2.272140e-01
-5.610000e-01 2.264374e-01
-5.600000e-01 2.256630e-01
-5.590000e-01 2.248919e-01
-5.580000e-01 2.241249e-01
-5.570000e-01 2.233630e-01
-5.560000e-01 2.226069e-01
-5.550000e-01 2.218576e-01
-5.540000e-01 2.211155e-01
-5.530000e-01 2.203805e-01
-5.520000e-01 2.196525e-01
-5.510000e-01 2.189316e-01
-5.500000e-01 2.182176e-01
-5.490000e-01 2.175105e-01
-5.480000e-01 2.168103e-01
-5.470000e-01 2.161168e-01
-5.460000e-01 2.154301e-01
-5.450000e-01 2.147501e-01
-5.440000e-01 2.140767e-01
-5.430000e-01 2.134098e-01
-5.420000e-01 2.127495e-01
-5.410000e-01 2.120957e-01
-5.400000e-01 2.114483e-01
-5.390000e-01 2.108073e-01
-5.380000e-01 2.101726e-01
-5.370000e-01 2.095441e-01
-5.360000e-01 2.089219e-01
-5.350000e-01 2.083058e-01
-5.340000e-01 2.076957e-01
-5.330000e-01 2.070918e-01
-5.320000e-01 2.064938e-01
-5.310000e-01 2.059018e-01
-5.300000e-01 2.053157e-01
-5.290000e-01 2.047354e-01
-5.280000e-01 2.041608e-01
-5.270000e-01 2.035920e-01
-5.260000e-01 2.030289e-01
-5.250000e-01 2.024714e-01
-5.240000e-01 2.019195e-01
-5.230000e-01 2.013730e-01
-5.220000e-01 2.008321e-01
-5.210000e-01 2.002965e-01
-5.200000e-01 1.997663e-01
-5.190000e-01 1.992414e-01
-5.180000e-01 1.987217e-01
-5.170000e-01 1.982072e-01
-5.160000e-01 1.976979e-01
-5.150000e-01 1.971937e-01
-5.140000e-01 1.966944e-01
-5.130000e-01 1.962002e-01
-5.120000e-01 1.957109e-01
-5.110000e-01 1.952265e-01
-5.100000e-01 1.947468e-01
-5.090000e-01 1.942720e-01
-5.080000e-01 1.938019e-01
-5.070000e-01 1.933364e-01
-5.060000e-01 1.928755e-01
-5.050000e-01 1.924192e-01
-5.040000e-01 1.919674e-01
-5.030000e-01 1.915200e-01
-5.020000e-01 1.910770e-01
-5.010000e-01 1.906384e-01
-5.000000e-01 1.902040e-01
-4.990000e-01 1.897739e-01
-4.980000e-01 1.893480e-01
-4.970000e-01 1.889261e-01
-4.960000e-01 1.885084e-01
-4.950000e-01 1.880947e-01
-4.940000e-01 1.876849e-01
-4.930000e-01 1.872791e-01
-4.920000e-01 1.868771e-01
-4.910000e-01 1.864789e-01
-4.900000e-01 1.860845e-01
-4.890000e-01 1.856937e-01
-4.880000e-01 1.853067e-01
-4.870000e-01 1.849232e-01
-4.860000e-01 1.845432e-01
-4.850000e-01 1.841668e-01
-4.840000e-01 1.837937e-01
-4.830000e-01 1.834241e-01
-4.820000e-01 1.830578e-01
-4.810000e-01 1.826947e-01
-4.800000e-01 1.823349e-01
-4.790000e-01 1.819782e-01
-4.780000e-01 1.816247e-01
-4.770000e-01 1.812742e-01
-4.760000e-01 1.809267e-01
-4.750000e-01 1.805821e-01
-4.740000e-01 1.802405e-01
-4.730000e-01 1.799017e-01
-4.720000e-01 1.795657e-01
-4.710000e-01 1.792325e-01
-4.700000e-01 1.789019e-01
-4.690000e-01 1.785740e-01
-4.680000e-01 1.782486e-01
-4.670000e-01 1.779258e-01
-4.660000e-01 1.776054e-01
-4.650000e-01 1.772875e-01
-4.640000e-01 1.769719e-01
-4.630000e-01 1.766586e-01
-4.620000e-01 1.763476e-01
-4.610000e-01 1.760388e-01
-4.600000e-01 1.757322e-01
-4.590000e-01 1.754277e-01
-4.580000e-01 1.751252e-01
-4.570000e-01 1.748247e-01
-4.560000e-01 1.745261e-01
-4.550000e-01 1.742294e-01
-4.540000e-01 1.739346e-01
-4.530000e-01 1.736415e-01
-4.520000e-01 1.733502e-01
-4.510000e-01 1.730605e-01
-4.500000e-01 1.727724e-01
-4.490000e-01 1.724860e-01
-4.480000e-01 1.722010e-01
-4.470000e-01 1.719175e-01
-4.460000e-01 1.716354e-01
-4.450000e-01 1.713546e-01
-4.440000e-01 1.710752e-01
-4.430000e-01 1.707970e-01
-4.420000e-01 1.705200e-01
-4.410000e-01 1.702441e-01
-4.400000e-01 1.699693e-01
-4.390000e-01 1.696955e-01
-4.380000e-01 1.694228e-01
-4.370000e-01 1.691509e-01
-4.360000e-01 1.688800e-01
-4.350000e-01 1.686098e-01
-4.340000e-01 1.683404e-01
-4.330000e-01 1.680717e-01
-4.320000e-01 1.678037e-01
-4.310000e-01 1.675363e-01
-4.300000e-01 1.672694e-01
-4.290000e-01 1.670031e-01
-4.280000e-01 1.667372e-01
-4.270000e-01 1.664717e-01
-4.260000e-01 1.662065e-01
-4.250000e-01 1.659416e-01
-4.240000e-01 1.656769e-01
-4.230000e-01 1.654124e-01
-4.220000e-01 1.651481e-01
-4.210000e-01 1.648838e-01
-4.200000e-01 1.646195e-01
-4.190000e-01 1.643552e-01
-4.180000e-01 1.640908e-01
-4.170000e-01 1.638263e-01
-4.160000e-01 1.635616e-01
-4.150000e-01 1.632966e-01
-4.140000e-01 1.630314e-01
-4.130000e-01 1.627657e-01
-4.120000e-01 1.624997e-01
-4.110000e-01 1.622332e-01
-4.100000e-01 1.619662e-01
-4.090000e-01 1.616987e-01
-4.080000e-01 1.614305e-01
-4.070000e-01 1.611616e-01
-4.060000e-01 1.608920e-01
-4.050000e-01 1.606216e-01
-4.040000e-01 1.603504e-01
-4.030000e-01 1.600783e-01
-4.020000e-01 1.598053e-01
-4.010000e-01 1.595313e-01
-4.000000e-01 1.592562e-01
-3.990000e-01 1.589800e-01
-3.980000e-01 1.587027e-01
-3.970000e-01 1.584242e-01
-3.960000e-01 1.581444e-01
-3.950000e-01 1.578633e-01
-3.940000e-01 1.575808e-01
-3.930000e-01 1.572969e-01
-3.920000e-01 1.570115e-01
-3.910000e-01 1.567246e-01
-3.900000e-01 1.564361e-01
-3.890000e-01 1.561460e-01
-3.880000e-01 1.558542e-01
-3.870000e-01 1.555607e-01
-3.860000e-01 1.552653e-01
-3.850000e-01 1.549682e-01
-3.840000e-01 1.546691e-01
-3.830000e-01 1.543680e-01
-3.820000e-01 1.540650e-01
-3.810000e-01 1.537599e-01
-3.800000e-01 1.534527e-01
-3.790000e-01 1.531433e-01
-3.780000e-01 1.528317e-01
-3.770000e-01 1.525178e-01
-3.760000e-01 1.522016e-01
-3.750000e-01 1.518830e-01
-3.740000e-01 1.515620e-01
-3.730000e-01 1.512385e-01
-3.720000e-01 1.509124e-01
-3.710000e-01 1.505838e-01
-3.700000e-01 1.502525e-01
-3.690000e-01 1.499185e-01
-3.680000e-01 1.495818e-01
-3.670000e-01 1.492422e-01
-3.660000e-01 1.488998e-01
-3.650000e-01 1.485545e-01
-3.640000e-01 1.482062e-01
-3.630000e-01 1.478549e-01
-3.620000e-01 1.475005e-01
-3.610000e-01 1.471430e-01
-3.600000e-01 1.467823e-01
-3.590000e-01 1.464183e-01
-3.580000e-01 1.460511e-01
-3.570000e-01 1.456806e-01
-3.560000e-01 1.453066e-01
-3.550000e-01 1.449292e-01
-3.540000e-01 1.445483e-01
-3.530000e-01 1.441639e-01
-3.520000e-01 1.437758e-01
-3.510000e-01 1.433841e-01
-3.500000e-01 1.429887e-01
-3.490000e-01 1.425895e-01
-3.480000e-01 1.421864e-01
-3.470000e-01 1.417795e-01
-3.460000e-01 1.413687e-01
-3.450000e-01 1.409539e-01
-3.440000e-01 1.405351e-01
-3.430000e-01 1.401121e-01
-3.420000e-01 1.396851e-01
-3.410000e-01 1.392538e-01
-3.400000e-01 1.388183e-01
-3.390000e-01 1.383785e-01
-3.380000e-01 1.379344e-01
-3.370000e-01 1.374858e-01
-3.360000e-01 1.370328e-01
-3.350000e-01 1.365752e-01
-3.340000e-01 1.361131e-01
-3.330000e-01 1.356464e-01
-3.320000e-01 1.351750e-01
-3.310000e-01 1.346991e-01
-3.300000e-01 1.342186e-01
-3.290000e-01 1.337336e-01
-3.280000e-01 1.332441e-01
-3.270000e-01 1.327503e-01
-3.260000e-01 1.322521e-01
-3.250000e-01 1.317497e-01
-3.240000e-01 1.312430e-01
-3.230000e-01 1.307320e-01
-3.220000e-01 1.302170e-01
-3.210000e-01 1.296978e-01
-3.200000e-01 1.291746e-01
-3.190000e-01 1.286474e-01
-3.180000e-01 1.281162e-01
-3.170000e-01 1.275811e-01
-3.160000e-01 1.270422e-01
-3.150000e-01 1.264995e-01
-3.140000e-01 1.259530e-01
-3.130000e-01 1.254028e-01
-3.120000e-01 1.248489e-01
-3.110000e-01 1.242915e-01
-3.100000e-01 1.237304e-01
-3.090000e-01 1.231659e-01
-3.080000e-01 1.225979e-01
-3.070000e-01 1.220265e-01
-3.060000e-01 1.214517e-01
-3.050000e-01 1.208736e-01
-3.040000e-01 1.202922e-01
-3.030000e-01 1.197076e-01
-3.020000e-01 1.191199e-01
-3.010000e-01 1.185290e-01
-3.000000e-01 1.179351e-01
-2.990000e-01 1.173381e-01
-2.980000e-01 1.167382e-01
-2.970000e-01 1.161353e-01
-2.960000e-01 1.155296e-01
-2.950000e-01 1.149211e-01
-2.940000e-01 1.143097e-01
-2.930000e-01 1.136957e-01
-2.920000e-01 1.130789e-01
-2.910000e-01 1.124596e-01
-2.900000e-01 1.118376e-01
-2.890000e-01 1.112132e-01
-2.880000e-01 1.105862e-01
-2.870000e-01 1.099568e-01
-2.860000e-01 1.093251e-01
-2.850000e-01 1.086909e-01
-2.840000e-01 1.080546e-01
-2.830000e-01 1.074159e-01
-2.820000e-01 1.067751e-01
-2.810000e-01 1.061322e-01
-2.800000e-01 1.054871e-01
-2.790000e-01 1.048400e-01
-2.780000e-01 1.041910e-01
-2.770000e-01 1.035399e-01
-2.760000e-01 1.028870e-01
-2.750000e-01 1.022323e-01
-2.740000e-01 1.015757e-01
-2.730000e-01 1.009174e-01
-2.720000e-01 1.002575e-01
-2.710000e-01 9.959581e-02
-2.700000e-01 9.893258e-02
-2.690000e-01 9.826779e-02
-2.680000e-01 9.760150e-02
-2.670000e-01 9.693376e-02
-2.660000e-01 9.626462e-02
-2.650000e-01 9.559412e-02
-2.640000e-01 9.492232e-02
-2.630000e-01 9.424927e-02
-2.620000e-01 9.357501e-02
-2.610000e-01 9.289959e-02
-2.600000e-01 9.222306e-02
-2.590000e-01 9.154547e-02
-2.580000e-01 9.086688e-02
-2.570000e-01 9.018732e-02
-2.560000e-01 8.950685e-02
-2.550000e-01 8.882551e-02
-2.540000e-01 8.814337e-02
-2.530000e-01 8.746045e-02
-2.520000e-01 8.677683e-02
-2.510000e-01 8.609253e-02
-2.500000e-01 8.540762e-02
-2.490000e-01 8.472214e-02
-2.480000e-01 8.403613e-02
-2.470000e-01 8.334966e-02
-2.460000e-01 8.266277e-02
-2.450000e-01 8.197550e-02
-2.440000e-01 8.128791e-02
-2.430000e-01 8.060005e-02
-2.420000e-01 7.991196e-02
-2.410000e-01 7.922369e-02
-2.400000e-01 7.853530e-02
-2.390000e-01 7.784682e-02
-2.380000e-01 7.715832e-02
-2.370000e-01 7.646984e-02
-2.360000e-01 7.578143e-02
-2.350000e-01 7.509313e-02
-2.340000e-01 7.440501e-02
-2.330000e-01 7.371709e-02
-2.320000e-01 7.302945e-02
-2.310000e-01 7.234211e-02
-2.300000e-01 7.165515e-02
-2.290000e-01 7.096859e-02
-2.280000e-01 7.028249e-02
-2.270000e-01 6.959691e-02
-2.260000e-01 6.891188e-02
-2.250000e-01 6.822746e-02
-2.240000e-01 6.754370e-02
-2.230000e-01 6.686065e-02
-2.220000e-01 6.617835e-02
-2.210000e-01 6.549685e-02
-2.200000e-01 6.481621e-02
-2.190000e-01 6.413647e-02
-2.180000e-01 6.345769e-02
-2.170000e-01 6.277990e-02
-2.160000e-01 6.210316e-02
-2.150000e-01 6.142753e-02
-2.140000e-01 6.075304e-02
-2.130000e-01 6.007975e-02
-2.120000e-01 5.940770e-02
-2.110000e-01 5.873695e-02
-2.100000e-01 5.806754e-02
-2.090000e-01 5.739953e-02
-2.080000e-01 5.673296e-02
-2.070000e-01 5.606787e-02
-2.060000e-01 5.540433e-02
-2.050000e-01 5.474238e-02
-2.040000e-01 5.408207e-02
-2.030000e-01 5.342344e-02
-2.020000e-01 5.276656e-02
-2.010000e-01 5.211145e-02
-2.000000e-01 5.145818e-02
-1.990000e-01 5.080680e-02
-1.980000e-01 5.015735e-02
-1.970000e-01 4.950987e-02
-1.960000e-01 4.886443e-02
-1.950000e-01 4.822107e-02
-1.940000e-01 4.757984e-02
-1.930000e-01 4.694079e-02
-1.920000e-01 4.630396e-02
-1.910000e-01 4.566941e-02
-1.900000e-01 4.503719e-02
-1.890000e-01 4.440733e-02
-1.880000e-01 4.377991e-02
-1.870000e-01 4.315495e-02
-1.860000e-01 4.253251e-02
-1.850000e-01 4.191265e-02
-1.840000e-01 4.129540e-02
-1.830000e-01 4.068083e-02
-1.820000e-01 4.006897e-02
-1.810000e-01 3.945987e-02
-1.800000e-01 3.885360e-02
-1.790000e-01 3.825018e-02
-1.780000e-01 3.764968e-02
-1.770000e-01 3.705215e-02
-1.760000e-01 3.645762e-02
-1.750000e-01 3.586616e-02
-1.740000e-01 3.527780e-02
-1.730000e-01 3.469260e-02
-1.720000e-01 3.411062e-02
-1.710000e-01 3.353189e-02
-1.700000e-01 3.295646e-02
-1.690000e-01 3.238439e-02
-1.680000e-01 3.181572e-02
-1.670000e-01 3.125051e-02
-1.660000e-01 3.068880e-02
-1.650000e-01 3.013064e-02
-1.640000e-01 2.957608e-02
-1.630000e-01 2.902517e-02
-1.620000e-01 2.847796e-02
-1.610000e-01 2.793450e-02
-1.600000e-01 2.739483e-02
-1.590000e-01 2.685901e-02
-1.580000e-01 2.632708e-02
-1.570000e-01 2.579909e-02
-1.560000e-01 2.527510e-02
-1.550000e-01 2.475515e-02
-1.540000e-01 2.423929e-02
-1.530000e-01 2.372757e-02
-1.520000e-01 2.322004e-02
-1.510000e-01 2.271675e-02
-1.500000e-01 2.221775e-02
-1.490000e-01 2.172308e-02
-1.480000e-01 2.123279e-02
-1.470000e-01 2.074694e-02
-1.460000e-01 2.026557e-02
-1.450000e-01 1.978874e-02
-1.440000e-01 1.931648e-02
-1.430000e-01 1.884886e-02
-1.420000e-01 1.838592e-02
-1.410000e-01 1.792770e-02
-1.400000e-01 1.747426e-02
-1.390000e-01 1.702565e-02
-1.380000e-01 1.658191e-02
-1.370000e-01 1.614310e-02
-1.360000e-01 1.570926e-02
-1.350000e-01 1.528044e-02
-1.340000e-01 1.485670e-02
-1.330000e-01 1.443808e-02
-1.320000e-01 1.402462e-02
-1.310000e-01 1.361639e-02
-1.300000e-01 1.321342e-02
-1.290000e-01 1.281577e-02
-1.280000e-01 1.242349e-02
-1.270000e-01 1.203662e-02
-1.260000e-01 1.165521e-02
-1.250000e-01 1.127932e-02
-1.240000e-01 1.090899e-02
-1.230000e-01 1.054427e-02
-1.220000e-01 1.018521e-02
-1.210000e-01 9.831866e-03
-1.200000e-01 9.484275e-03
-1.190000e-01 9.142492e-03
-1.180000e-01 8.806566e-03
-1.170000e-01 8.476544e-03
-1.160000e-01 8.152478e-03
-1.150000e-01 7.834415e-03
-1.140000e-01 7.522404e-03
-1.130000e-01 7.216496e-03
-1.120000e-01 6.916738e-03
-1.110000e-01 6.623180e-03
-1.100000e-01 6.335846e-03
-1.090000e-01 6.054694e-03
-1.080000e-01 5.779666e-03
-1.070000e-01 5.510707e-03
-1.060000e-01 5.247760e-03
-1.050000e-01 4.990770e-03
-1.040000e-01 4.739679e-03
-1.030000e-01 4.494433e-03
-1.020000e-01 4.254974e-03
-1.010000e-01 4.021246e-03
-1.000000e-01 3.793194e-03
-9.900000e-02 3.570760e-03
-9.800000e-02 3.353890e-03
-9.700000e-02 3.142526e-03
-9.600000e-02 2.936612e-03
-9.500000e-02 2.736093e-03
-9.400000e-02 2.540912e-03
-9.300000e-02 2.351013e-03
-9.200000e-02 2.166340e-03
-9.100000e-02 1.986836e-03
-9.000000e-02 1.812446e-03
-8.900000e-02 1.643112e-03
-8.800000e-02 1.478780e-03
-8.700000e-02 1.319392e-03
-8.600000e-02 1.164893e-03
-8.500000e-02 1.015226e-03
-8.400000e-02 8.703359e-04
-8.300000e-02 7.301654e-04
-8.200000e-02 5.946587e-04
-8.100000e-02 4.637596e-04
-8.000000e-02 3.374120e-04
-7.900000e-02 2.155596e-04
-7.800000e-02 9.814620e-05
-7.700000e-02 -1.488430e-05
-7.600000e-02 -1.235881e-04
-7.500000e-02 -2.280215e-04
-7.400000e-02 -3.282406e-04
-7.300000e-02 -4.243016e-04
-7.200000e-02 -5.162606e-04
-7.100000e-02 -6.041740e-04
-7.000000e-02 -6.880979e-04
-6.900000e-02 -7.680884e-04
-6.800000e-02 -8.442017e-04
-6.700000e-02 -9.164941e-04
-6.600000e-02 -9.850218e-04
-6.500000e-02 -1.049841e-03
-6.400000e-02 -1.111008e-03
-6.300000e-02 -1.168578e-03
-6.200000e-02 -1.222609e-03
-6.100000e-02 -1.273155e-03
-6.000000e-02 -1.320274e-03
-5.900000e-02 -1.364022e-03
-5.800000e-02 -1.404454e-03
-5.700000e-02 -1.441628e-03
-5.600000e-02 -1.475598e-03
-5.500000e-02 -1.506422e-03
-5.400000e-02 -1.534155e-03
-5.300000e-02 -1.558855e-03
-5.200000e-02 -1.580576e-03
-5.100000e-02 -1.599375e-03
-5.000000e-02 -1.615308e-03
-4.900000e-02 -1.628432e-03
-4.800000e-02 -1.638802e-03
-4.700000e-02 -1.646476e-03
-4.600000e-02 -1.651508e-03
-4.500000e-02 -1.653956e-03
-4.400000e-02 -1.653875e-03
-4.300000e-02 -1.651322e-03
-4.200000e-02 -1.646352e-03
-4.100000e-02 -1.639023e-03
-4.000000e-02 -1.629389e-03
-3.900000e-02 -1.617508e-03
-3.800000e-02 -1.603436e-03
-3.700000e-02 -1.587228e-03
-3.600000e-02 -1.568942e-03
-3.500000e-02 -1.548632e-03
-3.400000e-02 -1.526356e-03
-3.300000e-02 -1.502169e-03
-3.200000e-02 -1.476129e-03
-3.100000e-02 -1.448290e-03
-3.000000e-02 -1.418709e-03
-2.900000e-02 -1.387442e-03
-2.800000e-02 -1.354546e-03
-2.700000e-02 -1.320076e-03
-2.600000e-02 -1.284090e-03
-2.500000e-02 -1.246642e-03
-2.400000e-02 -1.207790e-03
-2.300000e-02 -1.167589e-03
-2.200000e-02 -1.126096e-03
-2.100000e-02 -1.083366e-03
-2.000000e-02 -1.039457e-03
-1.900000e-02 -9.944232e-04
-1.800000e-02 -9.483223e-04
-1.700000e-02 -9.012100e-04
-1.600000e-02 -8.531424e-04
-1.500000e-02 -8.041757e-04
-1.400000e-02 -7.543662e-04
-1.300000e-02 -7.037701e-04
-1.200000e-02 -6.524434e-04
-1.100000e-02 -6.004425e-04
-1.000000e-02 -5.478235e-04
-9.000000e-03 -4.946426e-04
-8.000000e-03 -4.409559e-04
-7.000000e-03 -3.868198e-04
-6.000000e-03 -3.322903e-04
-5.000000e-03 -2.774237e-04
-4.000000e-03 -2.222761e-04
-3.000000e-03 -1.669037e-04
-2.000000e-03 -1.113628e-04
-1.000000e-03 -5.570949e-05
8.812395e-16 5.984796e-17
1.000000e-03 5.570949e-05
2.000000e-03 1.113628e-04
3.000000e-03 1.669037e-04
4.000000e-03 2.222761e-04
5.000000e-03 2.774237e-04
6.000000e-03 3.322903e-04
7.000000e-03 3.868198e-04
8.000000e-03 4.409559e-04
9.000000e-03 4.946426e-04
1.000000e-02 5.478235e-04
1.100000e-02 6.004425e-04
1.200000e-02 6.524434e-04
1.300000e-02 7.037701e-04
1.400000e-02 7.543662e-04
1.500000e-02 8.041757e-04
1.600000e-02 8.531424e-04
1.700000e-02 9.012100e-04
1.800000e-02 9.483223e-04
1.900000e-02 9.944232e-04
2.000000e-02 1.039457e-03
2.100000e-02 1.083366e-03
2.200000e-02 1.126096e-03
2.300000e-02 1.167589e-03
2.400000e-02 1.207790e-03
2.500000e-02 1.246642e-03
2.600000e-02 1.284090e-03
2.700000e-02 1.320076e-03
2.800000e-02 1.354546e-03
2.900000e-02 1.387442e-03
3.000000e-02 1.418709e-03
3.100000e-02 1.448290e-03
3.200000e-02 1.476129e-03
3.300000e-02 1.502169e-03
3.400000e-02 1.526356e-03
3.500000e-02 1.548632e-03
3.600000e-02 1.568942e-03
3.700000e-02 1.587228e-03
3.800000e-02 1.603436e-03
3.900000e-02 1.617508e-03
4.000000e-02 1.629389e-03
4.100000e-02 1.639023e-03
4.200000e-02 1.646352e-03
4.300000e-02 1.651322e-03
4.400000e-02 1.653875e-03
4.500000e-02 1.653956e-03
4.600000e-02 1.651508e-03
4.700000e-02 1.646476e-03
4.800000e-02 1.638802e-03
4.900000e-02 1.628432e-03
5.000000e-02 1.615308e-03
5.100000e-02 1.599375e-03
5.200000e-02 1.580576e-03
5.300000e-02 1.558855e-03
5.400000e-02 1.534155e-03
5.500000e-02 1.506422e-03
5.600000e-02 1.475598e-03
5.700000e-02 1.441628e-03
5.800000e-02 1.404454e-03
5.900000e-02 1.364022e-03
6.000000e-02 1.320274e-03
6.100000e-02 1.273155e-03
6.200000e-02 1.222609e-03
6.300000e-02 1.168578e-03
6.400000e-02 1.111008e-03
6.500000e-02 1.049841e-03
6.600000e-02 9.850218e-04
6.700000e-02 9.164941e-04
6.800000e-02 8.442017e-04
6.900000e-02 7.680884e-04
7.000000e-02 6.880979e-04
7.100000e-02 6.041740e-04
7.200000e-02 5.162606e-04
7.300000e-02 4.243016e-04
7.400000e-02 3.282406e-04
7.500000e-02 2.280215e-04
7.600000e-02 1.235881e-04
7.700000e-02 1.488430e-05
7.800000e-02 -9.814620e-05
7.900000e-02 -2.155596e-04
8.000000e-02 -3.374120e-04
8.100000e-02 -4.637596e-04
8.200000e-02 -5.946587e-04
8.300000e-02 -7.301654e-04
8.400000e-02 -8.703359e-04
8.500000e-02 -1.015226e-03
8.600000e-02 -1.164893e-03
8.700000e-02 -1.319392e-03
8.800000e-02 -1.478780e-03
8.900000e-02 -1.643112e-03
9.000000e-02 -1.812446e-03
9.100000e-02 -1.986836e-03
9.200000e-02 -2.166340e-03
9.300000e-02 -2.351013e-03
9.400000e-02 -2.540912e-03
9.500000e-02 -2.736093e-03
9.600000e-02 -2.936612e-03
9.700000e-02 -3.142526e-03
9.800000e-02 -3.353890e-03
9.900000e-02 -3.570760e-03
1.000000e-01 -3.793194e-03
1.010000e-01 -4.021246e-03
1.020000e-01 -4.254974e-03
1.030000e-01 -4.494433e-03
1.040000e-01 -4.739679e-03
1.050000e-01 -4.990770e-03
1.060000e-01 -5.247760e-03
1.070000e-01 -5.510707e-03
1.080000e-01 -5.779666e-03
1.090000e-01 -6.054694e-03
1.100000e-01 -6.335846e-03
1.110000e-01 -6.623180e-03
1.120000e-01 -6.916738e-03
1.130000e-01 -7.216496e-03
1.140000e-01 -7.522404e-03
1.150000e-01 -7.834415e-03
1.160000e-01 -8.152478e-03
1.170000e-01 -8.476544e-03
1.180000e-01 -8.806566e-03
1.190000e-01 -9.142492e-03
1.200000e-01 -9.484275e-03
1.210000e-01 -9.831866e-03
1.220000e-01 -1.018521e-02
1.230000e-01 -1.054427e-02
1.240000e-01 -1.090899e-02
1.250000e-01 -1.127932e-02
1.260000e-01 -1.165521e-02
1.270000e-01 -1.203662e-02
1.280000e-01 -1.242349e-02
1.290000e-01 -1.281577e-02
1.300000e-01 -1.321342e-02
1.310000e-01 -1.361639e-02
1.320000e-01 -1.402462e-02
1.330000e-01 -1.443808e-02
1.340000e-01 -1.485670e-02
1.350000e-01 -1.528044e-02
1.360000e-01 -1.570926e-02
1.370000e-01 -1.614310e-02
1.380000e-01 -1.658191e-02
1.390000e-01 -1.702565e-02
1.400000e-01 -1.747426e-02
1.410000e-01 -1.792770e-02
1.420000e-01 -1.838592e-02
1.430000e-01 -1.884886e-02
1.440000e-01 -1.931648e-02
1.450000e-01 -1.978874e-02
1.460000e-01 -2.026557e-02
1.470000e-01 -2.074694e-02
1.480000e-01 -2.123279e-02
1.490000e-01 -2.172308e-02
1.500000e-01 -2.221775e-02
1.510000e-01 -2.271675e-02
1.520000e-01 -2.322004e-02
1.530000e-01 -2.372757e-02
1.540000e-01 -2.423929e-02
1.550000e-01 -2.475515e-02
1.560000e-01 -2.527510e-02
1.570000e-01 -2.579909e-02
1.580000e-01 -2.632708e-02
1.590000e-01 -2.685901e-02
1.600000e-01 -2.739483e-02
1.610000e-01 -2.793450e-02
1.620000e-01 -2.847796e-02
1.630000e-01 -2.902517e-02
1.640000e-01 -2.957608e-02
1.650000e-01 -3.013064e-02
1.660000e-01 -3.068880e-02
1.670000e-01 -3.125051e-02
1.680000e-01 -3.181572e-02
1.690000e-01 -3.238439e-02
1.700000e-01 -3.295646e-02
1.710000e-01 -3.353189e-02
1.720000e-01 -3.411062e-02
1.730000e-01 -3.469260e-02
1.740000e-01 -3.527780e-02
1.750000e-01 -3.586616e-02
1.760000e-01 -3.645762e-02
1.770000e-01 -3.705215e-02
1.780000e-01 -3.764968e-02
1.790000e-01 -3.825018e-02
1.800000e-01 -3.885360e-02
1.810000e-01 -3.945987e-02
1.820000e-01 -4.006897e-02
1.830000e-01 -4.068083e-02
1.840000e-01 -4.129540e-02
1.850000e-01 -4.191265e-02
1.860000e-01 -4.253251e-02
1.870000e-01 -4.315495e-02
1.880000e-01 -4.377991e-02
1.890000e-01 -4.440733e-02
1.900000e-01 -4.503719e-02
1.910000e-01 -4.566941e-02
1.920000e-01 -4.630396e-02
1.930000e-01 -4.694079e-02
1.940000e-01 -4.757984e-02
1.950000e-01 -4.822107e-02
1.960000e-01 -4.886443e-02
1.970000e-01 -4.950987e-02
1.980000e-01 -5.015735e-02
1.990000e-01 -5.080680e-02
2.000000e-01 -5.145818e-02
2.010000e-01 -5.211145e-02
2.020000e-01 -5.276656e-02
2.030000e-01 -5.342344e-02
2.040000e-01 -5.408207e-02
2.050000e-01 -5.474238e-02
2.060000e-01 -5.540433e-02
2.070000e-01 -5.606787e-02
2.080000e-01 -5.673296e-02
2.090000e-01 -5.739953e-02
2.100000e-01 -5.806754e-02
2.110000e-01 -5.873695e-02
2.120000e-01 -5.940770e-02
2.130000e-01 -6.007975e-02
2.140000e-01 -6.075304e-02
2.150000e-01 -6.142753e-02
2.160000e-01 -6.210316e-02
2.170000e-01 -6.277990e-02
2.180000e-01 -6.345769e-02
2.190000e-01 -6.413647e-02
2.200000e-01 -6.481621e-02
2.210000e-01 -6.549685e-02
2.220000e-01 -6.617835e-02
2.230000e-01 -6.686065e-02
2.240000e-01 -6.754370e-02
2.250000e-01 -6.822746e-02
2.260000e-01 -6.891188e-02
2.270000e-01 -6.959691e-02
2.280000e-01 -7.028249e-02
2.290000e-01 -7.096859e-02
2.300000e-01 -7.165515e-02
2.310000e-01 -7.234211e-02
2.320000e-01 -7.302945e-02
2.330000e-01 -7.371709e-02
2.340000e-01 -7.440501e-02
2.350000e-01 -7.509313e-02
2.360000e-01 -7.578143e-02
2.370000e-01 -7.646984e-02
2.380000e-01 -7.715832e-02
2.390000e-01 -7.784682e-02
2.400000e-01 -7.853530e-02
2.410000e-01 -7.922369e-02
2.420000e-01 -7.991196e-02
2.430000e-01 -8.060005e-02
2.440000e-01 -8.128791e-02
2.450000e-01 -8.197550e-02
2.460000e-01 -8.266277e-02
2.470000e-01 -8.334966e-02
2.480000e-01 -8.403613e-02
2.490000e-01 -8.472214e-02
2.500000e-01 -8.540762e-02
2.510000e-01 -8.609253e-02
2.520000e-01 -8.677683e-02
2.530000e-01 -8.746045e-02
2.540000e-01 -8.814337e-02
2.550000e-01 -8.882551e-02
2.560000e-01 -8.950685e-02
2.570000e-01 -9.018732e-02
2.580000e-01 -9.086688e-02
2.590000e-01 -9.154547e-02
2.600000e-01 -9.222306e-02
2.610000e-01 -9.289959e-02
2.620000e-01 -9.357501e-02
2.630000e-01 -9.424927e-02
2.640000e-01 -9.492232e-02
2.650000e-01 -9.559412e-02
2.660000e-01 -9.626462e-02
2.670000e-01 -9.693376e-02
2.680000e-01 -9.760150e-02
2.690000e-01 -9.826779e-02
2.700000e-01 -9.893258e-02
2.710000e-01 -9.959581e-02
2.720000e-01 -1.002575e-01
2.730000e-01 -1.009174e-01
2.740000e-01 -1.015757e-01
2.750000e-01 -1.022323e-01
2.760000e-01 -1.028870e-01
2.770000e-01 -1.035399e-01
2.780000e-01 -1.041910e-01
2.790000e-01 -1.048400e-01
2.800000e-01 -1.054871e-01
2.810000e-01 -1.061322e-01
2.820000e-01 -1.067751e-01
2.830000e-01 -1.074159e-01
2.840000e-01 -1.080546e-01
2.850000e-01 -1.086909e-01
2.860000e-01 -1.093251e-01
2.870000e-01 -1.099568e-01
2.880000e-01 -1.105862e-01
2.890000e-01 -1.112132e-01
2.900000e-01 -1.118376e-01
2.910000e-01 -1.124596e-01
2.920000e-01 -1.130789e-01
2.930000e-01 -1.136957e-01
2.940000e-01 -1.143097e-01
2.950000e-01 -1.149211e-01
2.960000e-01 -1.155296e-01
2.970000e-01 -1.161353e-01
2.980000e-01 -1.167382e-01
2.990000e-01 -1.173381e-01
3.000000e-01 -1.179351e-01
3.010000e-01 -1.185290e-01
3.020000e-01 -1.191199e-01
3.030000e-01 -1.197076e-01
3.040000e-01 -1.202922e-01
3.050000e-01 -1.208736e-01
3.060000e-01 -1.214517e-01
3.070000e-01 -1.220265e-01
3.080000e-01 -1.225979e-01
3.090000e-01 -1.231659e-01
3.100000e-01 -1.237304e-01
3.110000e-01 -1.242915e-01
3.120000e-01 -1.248489e-01
3.130000e-01 -1.254028e-01
3.140000e-01 -1.259530e-01
3.150000e-01 -1.264995e-01
3.160000e-01 -1.270422e-01
3.170000e-01 -1.275811e-01
3.180000e-01 -1.281162e-01
3.190000e-01 -1.286474e-01
3.200000e-01 -1.291746e-01
3.210000e-01 -1.296978e-01
3.220000e-01 -1.302170e-01
3.230000e-01 -1.307320e-01
3.240000e-01 -1.312430e-01
3.250000e-01 -1.317497e-01
3.260000e-01 -1.322521e-01
3.270000e-01 -1.327503e-01
3.280000e-01 -1.332441e-01
3.290000e-01 -1.337336e-01
3.300000e-01 -1.342186e-01
3.310000e-01 -1.346991e-01
3.320000e-01 -1.351750e-01
3.330000e-01 -1.356464e-01
3.340000e-01 -1.361131e-01
3.350000e-01 -1.365752e-01
3.360000e-01 -1.370328e-01
3.370000e-01 -1.374858e-01
3.380000e-01 -1.379344e-01
3.390000e-01 -1.383785e-01
3.400000e-01 -1.388183e-01
3.410000e-01 -1.392538e-01
3.420000e-01 -1.396851e-01
3.430000e-01 -1.401121e-01
3.440000e-01 -1.405351e-01
3.450000e-01 -1.409539e-01
3.460000e-01 -1.413687e-01
3.470000e-01 -1.417795e-01
3.480000e-01 -1.421864e-01
3.490000e-01 -1.425895e-01
3.500000e-01 -1.429887e-01
3.510000e-01 -1.433841e-01
3.520000e-01 -1.437758e-01
3.530000e-01 -1.441639e-01
3.540000e-01 -1.445483e-01
3.550000e-01 -1.449292e-01
3.560000e-01 -1.453066e-01
3.570000e-01 -1.456806e-01
3.580000e-01 -1.460511e-01
3.590000e-01 -1.464183e-01
3.600000e-01 -1.467823e-01
3.610000e-01 -1.471430e-01
3.620000e-01 -1.475005e-01
3.630000e-01 -1.478549e-01
3.640000e-01 -1.482062e-01
3.650000e-01 -1.485545e-01
3.660000e-01 -1.488998e-01
3.670000e-01 -1.492422e-01
3.680000e-01 -1.495818e-01
3.690000e-01 -1.499185e-01
3.700000e-01 -1.502525e-01
3.710000e-01 -1.505838e-01
3.720000e-01 -1.509124e-01
3.730000e-01 -1.512385e-01
3.740000e-01 -1.515620e-01
3.750000e-01 -1.518830e-01
3.760000e-01 -1.522016e-01
3.770000e-01 -1.525178e-01
3.780000e-01 -1.528317e-01
3.790000e-01 -1.531433e-01
3.800000e-01 -1.534527e-01
3.810000e-01 -1.537599e-01
3.820000e-01 -1.540650e-01
3.830000e-01 -1.543680e-01
3.840000e-01 -1.546691e-01
3.850000e-01 -1.549682e-01
3.860000e-01 -1.552653e-01
3.870000e-01 -1.555607e-01
3.880000e-01 -1.558542e-01
3.890000e-01 -1.561460e-01
3.900000e-01 -1.564361e-01
3.910000e-01 -1.567246e-01
3.920000e-01 -1.570115e-01
3.930000e-01 -1.572969e-01
3.940000e-01 -1.575808e-01
3.950000e-01 -1.578633e-01
3.960000e-01 -1.581444e-01
3.970000e-01 -1.584242e-01
3.980000e-01 -1.587027e-01
3.990000e-01 -1.589800e-01
4.000000e-01 -1.592562e-01
4.010000e-01 -1.595313e-01
4.020000e-01 -1.598053e-01
4.030000e-01 -1.600783e-01
4.040000e-01 -1.603504e-01
4.050000e-01 -1.606216e-01
4.060000e-01 -1.608920e-01
4.070000e-01 -1.611616e-01
4.080000e-01 -1.614305e-01
4.090000e-01 -1.616987e-01
4.100000e-01 -1.619662e-01
4.110000e-01 -1.622332e-01
4.120000e-01 -1.624997e-01
4.130000e-01 -1.627657e-01
4.140000e-01 -1.630314e-01
4.150000e-01 -1.632966e-01
4.160000e-01 -1.635616e-01
4.170000e-01 -1.638263e-01
4.180000e-01 -1.640908e-01
4.190000e-01 -1.643552e-01
4.200000e-01 -1.646195e-01
4.210000e-01 -1.648838e-01
4.220000e-01 -1.651481e-01
4.230000e-01 -1.654124e-01
4.240000e-01 -1.656769e-01
4.250000e-01 -1.659416e-01
4.260000e-01 -1.662065e-01
4.270000e-01 -1.664717e-01
4.280000e-01 -1.667372e-01
4.290000e-01 -1.670031e-01
4.300000e-01 -1.672694e-01
4.310000e-01 -1.675363e-01
4.320000e-01 -1.678037e-01
4.330000e-01 -1.680717e-01
4.340000e-01 -1.683404e-01
4.350000e-01 -1.686098e-01
4.360000e-01 -1.688800e-01
4.370000e-01 -1.691509e-01
4.380000e-01 -1.694228e-01
4.390000e-01 -1.696955e-01
4.400000e-01 -1.699693e-01
4.410000e-01 -1.702441e-01
4.420000e-01 -1.705200e-01
4.430000e-01 -1.707970e-01
4.440000e-01 -1.710752e-01
4.450000e-01 -1.713546e-01
4.460000e-01 -1.716354e-01
4.470000e-01 -1.719175e-01
4.480000e-01 -1.722010e-01
4.490000e-01 -1.724860e-01
4.500000e-01 -1.727724e-01
4.510000e-01 -1.730605e-01
4.520000e-01 -1.733502e-01
4.530000e-01 -1.736415e-01
4.540000e-01 -1.739346e-01
4.550000e-01 -1.742294e-01
4.560000e-01 -1.745261e-01
4.570000e-01 -1.748247e-01
4.580000e-01 -1.751252e-01
4.590000e-01 -1.754277e-01
4.600000e-01 -1.757322e-01
4.610000e-01 -1.760388e-01
4.620000e-01 -1.763476e-01
4.630000e-01 -1.766586e-01
4.640000e-01 -1.769719e-01
4.650000e-01 -1.772875e-01
4.660000e-01 -1.776054e-01
4.670000e-01 -1.779258e-01
4.680000e-01 -1.782486e-01
4.690000e-01 -1.785740e-01
4.700000e-01 -1.789019e-01
4.710000e-01 -1.792325e-01
4.720000e-01 -1.795657e-01
4.730000e-01 -1.799017e-01
4.740000e-01 -1.802405e-01
4.750000e-01 -1.805821e-01
4.760000e-01 -1.809267e-01
4.770000e-01 -1.812742e-01
4.780000e-01 -1.816247e-01
4.790000e-01 -1.819782e-01
4.800000e-01 -1.823349e-01
4.810000e-01 -1.826947e-01
4.820000e-01 -1.830578e-01
4.830000e-01 -1.834241e-01
4.840000e-01 -1.837937e-01
4.850000e-01 -1.841668e-01
4.860000e-01 -1.845432e-01
4.870000e-01 -1.849232e-01
4.880000e-01 -1.853067e-01
4.890000e-01 -1.856937e-01
4.900000e-01 -1.860845e-01
4.910000e-01 -1.864789e-01
4.920000e-01 -1.868771e-01
4.930000e-01 -1.872791e-01
4.940000e-01 -1.876849e-01
4.950000e-01 -1.880947e-01
4.960000e-01 -1.885084e-01
4.970000e-01 -1.889261e-01
4.980000e-01 -1.893480e-01
4.990000e-01 -1.897739e-01
5.000000e-01 -1.902040e-01
5.010000e-01 -1.906384e-01
5.020000e-01 -1.910770e-01
5.030000e-01 -1.915200e-01
5.040000e-01 -1.919674e-01
5.050000e-01 -1.924192e-01
5.060000e-01 -1.928755e-01
5.070000e-01 -1.933364e-01
5.080000e-01 -1.938019e-01
5.090000e-01 -1.942720e-01
5.100000e-01 -1.947468e-01
5.110000e-01 -1.952265e-01
5.120000e-01 -1.957109e-01
5.130000e-01 -1.962002e-01
5.140000e-01 -1.966944e-01
5.150000e-01 -1.971937e-01
5.160000e-01 -1.976979e-01
5.170000e-01 -1.982072e-01
5.180000e-01 -1.987217e-01
5.190000e-01 -1.992414e-01
5.200000e-01 -1.997663e-01
5.210000e-01 -2.002965e-01
5.220000e-01 -2.008321e-01
5.230000e-01 -2.013730e-01
5.240000e-01 -2.019195e-01
5.250000e-01 -2.024714e-01
5.260000e-01 -2.030289e-01
5.270000e-01 -2.035920e-01
5.280000e-01 -2.041608e-01
5.290000e-01 -2.047354e-01
5.300000e-01 -2.053157e-01
5.310000e-01 -2.059018e-01
5.320000e-01 -2.064938e-01
5.330000e-01 -2.070918e-01
5.340000e-01 -2.076957e-01
5.350000e-01 -2.083058e-01
5.360000e-01 -2.089219e-01
5.370000e-01 -2.095441e-01
5.380000e-01 -2.101726e-01
5.390000e-01 -2.108073e-01
5.400000e-01 -2.114483e-01
5.410000e-01 -2.120957e-01
5.420000e-01 -2.127495e-01
5.430000e-01 -2.134098e-01
5.440000e-01 -2.140767e-01
5.450000e-01 -2.147501e-01
5.460000e-01 -2.154301e-01
5.470000e-01 -2.161168e-01
5.480000e-01 -2.168103e-01
5.490000e-01 -2.175105e-01
5.500000e-01 -2.182176e-01
5.510000e-01 -2.189316e-01
5.520000e-01 -2.196525e-01
5.530000e-01 -2.203805e-01
5.540000e-01 -2.211155e-01
5.550000e-01 -2.218576e-01
5.560000e-01 -2.226069e-01
5.570000e-01 -2.233630e-01
5.580000e-01 -2.241249e-01
5.590000e-01 -2.248919e-01
5.600000e-01 -2.256630e-01
5.610000e-01 -2.264374e-01
5.620000e-01 -2.272140e-01
5.630000e-01 -2.279922e-01
5.640000e-01 -2.287709e-01
5.650000e-01 -2.295493e-01
5.660000e-01 -2.303264e-01
5.670000e-01 -2.311015e-01
5.680000e-01 -2.318735e-01
5.690000e-01 -2.326417e-01
5.700000e-01 -2.334050e-01
5.710000e-01 -2.341627e-01
5.720000e-01 -2.349139e-01
5.730000e-01 -2.356575e-01
5.740000e-01 -2.363929e-01
5.750000e-01 -2.371190e-01
5.760000e-01 -2.378349e-01
5.770000e-01 -2.385399e-01
5.780000e-01 -2.392329e-01
5.790000e-01 -2.399132e-01
5.800000e-01 -2.405797e-01
5.810000e-01 -2.412317e-01
5.820000e-01 -2.418681e-01
5.830000e-01 -2.424883e-01
5.840000e-01 -2.430911e-01
5.850000e-01 -2.436759e-01
5.860000e-01 -2.442415e-01
5.870000e-01 -2.447873e-01
5.880000e-01 -2.453122e-01
5.890000e-01 -2.458154e-01
5.900000e-01 -2.462961e-01
5.910000e-01 -2.467532e-01
5.920000e-01 -2.471859e-01
5.930000e-01 -2.475934e-01
5.940000e-01 -2.479747e-01
5.950000e-01 -2.483290e-01
5.960000e-01 -2.486553e-01
5.970000e-01 -2.489527e-01
5.980000e-01 -2.492204e-01
5.990000e-01 -2.494576e-01
6.000000e-01 -2.496632e-01
6.010000e-01 -2.498364e-01
6.020000e-01 -2.499763e-01
6.030000e-01 -2.500820e-01
6.040000e-01 -2.501526e-01
6.050000e-01 -2.501873e-01
6.060000e-01 -2.501851e-01
6.070000e-01 -2.501452e-01
6.080000e-01 -2.500667e-01
6.090000e-01 -2.499486e-01
6.100000e-01 -2.497900e-01
6.110000e-01 -2.495902e-01
6.120000e-01 -2.493482e-01
6.130000e-01 -2.490631e-01
6.140000e-01 -2.487340e-01
6.150000e-01 -2.483600e-01
6.160000e-01 -2.479402e-01
6.170000e-01 -2.474738e-01
6.180000e-01 -2.469599e-01
6.190000e-01 -2.463975e-01
6.200000e-01 -2.457858e-01
6.210000e-01 -2.451238e-01
6.220000e-01 -2.444108e-01
6.230000e-01 -2.436457e-01
6.240000e-01 -2.428278e-01
6.250000e-01 -2.419560e-01
6.260000e-01 -2.410296e-01
6.270000e-01 -2.400476e-01
6.280000e-01 -2.390092e-01
6.290000e-01 -2.379134e-01
6.300000e-01 -2.367594e-01
6.310000e-01 -2.355462e-01
6.320000e-01 -2.342730e-01
6.330000e-01 -2.329390e-01
6.340000e-01 -2.315431e-01
6.350000e-01 -2.300845e-01
6.360000e-01 -2.285623e-01
6.370000e-01 -2.269756e-01
6.380000e-01 -2.253236e-01
6.390000e-01 -2.236053e-01
6.400000e-01 -2.218199e-01
6.410000e-01 -2.199665e-01
6.420000e-01 -2.180441e-01
6.430000e-01 -2.160518e-01
6.440000e-01 -2.139889e-01
6.450000e-01 -2.118544e-01
6.460000e-01 -2.096473e-01
6.470000e-01 -2.073669e-01
6.480000e-01 -2.050122e-01
6.490000e-01 -2.025824e-01
6.500000e-01 -2.000764e-01
6.510000e-01 -1.974936e-01
6.520000e-01 -1.948329e-01
6.530000e-01 -1.920934e-01
6.540000e-01 -1.892743e-01
6.550000e-01 -1.863748e-01
6.560000e-01 -1.833938e-01
6.570000e-01 -1.803305e-01
6.580000e-01 -1.771840e-01
6.590000e-01 -1.739535e-01
6.600000e-01 -1.706380e-01
6.610000e-01 -1.672366e-01
6.620000e-01 -1.637485e-01
6.630000e-01 -1.601727e-01
6.640000e-01 -1.565084e-01
6.650000e-01 -1.527547e-01
6.660000e-01 -1.489107e-01
6.670000e-01 -1.449755e-01
6.680000e-01 -1.409481e-01
6.690000e-01 -1.368278e-01
6.700000e-01 -1.326136e-01
6.710000e-01 -1.283046e-01
6.720000e-01 -1.239000e-01
6.730000e-01 -1.193988e-01
6.740000e-01 -1.148002e-01
6.750000e-01 -1.101033e-01
6.760000e-01 -1.053071e-01
6.770000e-01 -1.004108e-01
6.780000e-01 -9.541351e-02
6.790000e-01 -9.031432e-02
6.800000e-01 -8.511234e-02
6.810000e-01 -7.980669e-02
6.820000e-01 -7.439646e-02
6.830000e-01 -6.888078e-02
6.840000e-01 -6.325874e-02
6.850000e-01 -5.752946e-02
6.860000e-01 -5.169205e-02
6.870000e-01 -4.574561e-02
6.880000e-01 -3.968926e-02
6.890000e-01 -3.352211e-02
6.900000e-01 -2.724325e-02
6.910000e-01 -2.085181e-02
6.920000e-01 -1.434689e-02
6.930000e-01 -7.727601e-03
6.940000e-01 -9.930501e-04
6.950000e-01 5.857652e-03
6.960000e-01 1.282540e-02
6.970000e-01 1.991108e-02
6.980000e-01 2.711558e-02
6.990000e-01 3.443980e-02
7.000000e-01 4.188462e-02
7.010000e-01 4.945094e-02
7.020000e-01 5.713965e-02
7.030000e-01 6.495164e-02
7.040000e-01 7.288780e-02
7.050000e-01 8.094902e-02
7.060000e-01 8.913620e-02
7.070000e-01 9.745021e-02
7.080000e-01 1.058920e-01
7.090000e-01 1.144623e-01
7.100000e-01 1.231622e-01
7.110000e-01 1.319925e-01
7.120000e-01 1.409541e-01
7.130000e-01 1.500479e-01
7.140000e-01 1.592748e-01
7.150000e-01 1.686356e-01
7.160000e-01 1.781313e-01
7.170000e-01 1.877628e-01
7.180000e-01 1.975308e-01
7.190000e-01 2.074365e-01
7.200000e-01 2.174805e-01
7.210000e-01 2.276639e-01
7.220000e-01 2.379875e-01
7.230000e-01 2.484521e-01
7.240000e-01 2.590588e-01
7.250000e-01 2.698084e-01
7.260000e-01 2.807017e-01
7.270000e-01 2.917396e-01
7.280000e-01 3.029232e-01
7.290000e-01 3.142532e-01
7.300000e-01 3.257305e-01
7.310000e-01 3.373560e-01
7.320000e-01 3.491307e-01
7.330000e-01 3.610553e-01
7.340000e-01 3.731309e-01
7.350000e-01 3.853582e-01
7.360000e-01 3.977382e-01
7.370000e-01 4.102719e-01
7.380000e-01 4.229599e-01
7.390000e-01 4.358033e-01
7.400000e-01 4.488030e-01
7.410000e-01 4.619598e-01
7.420000e-01 4.752746e-01
7.430000e-01 4.887484e-01
7.440000e-01 5.023819e-01
7.450000e-01 5.161762e-01
7.460000e-01 5.301320e-01
7.470000e-01 5.442503e-01
7.480000e-01 5.585320e-01
7.490000e-01 5.729780e-01
7.500000e-01 5.875891e-01
7.510000e-01 6.023662e-01
7.520000e-01 6.173103e-01
7.530000e-01 6.324222e-01
7.540000e-01 6.477029e-01
7.550000e-01 6.631531e-01
7.560000e-01 6.787739e-01
7.570000e-01 6.945660e-01
7.580000e-01 7.105304e-01
7.590000e-01 7.266680e-01
7.600000e-01 7.429796e-01
7.610000e-01 7.594662e-01
7.620000e-01 7.761287e-01
7.630000e-01 7.929679e-01
7.640000e-01 8.099847e-01
7.650000e-01 8.271800e-01
7.660000e-01 8.445548e-01
7.670000e-01 8.621098e-01
7.680000e-01 8.798461e-01
7.690000e-01 8.977644e-01
7.700000e-01 9.158657e-01
7.710000e-01 9.341508e-01
7.720000e-01 9.526207e-01
7.730000e-01 9.712763e-01
7.740000e-01 9.901184e-01
7.750000e-01 1.009148e+00
7.760000e-01 1.028366e+00
7.770000e-01 1.047773e+00
7.780000e-01 1.067370e+00
7.790000e-01 1.087157e+00
7.800000e-01 1.107133e+00
7.810000e-01 1.127296e+00
7.820000e-01 1.147645e+00
7.830000e-01 1.168176e+00
7.840000e-01 1.188890e+00
7.850000e-01 1.209784e+00
7.860000e-01 1.230856e+00
7.870000e-01 1.252105e+00
7.880000e-01 1.273529e+00
7.890000e-01 1.295126e+00
7.900000e-01 1.316894e+00
7.910000e-01 1.338833e+00
7.920000e-01 1.360939e+00
7.930000e-01 1.383212e+00
7.940000e-01 1.405649e+00
7.950000e-01 1.428250e+00
7.960000e-01 1.451011e+00
7.970000e-01 1.473933e+00
7.980000e-01 1.497011e+00
7.990000e-01 1.520246e+00
8.000000e-01 1.543636e+00
8.010000e-01 1.567178e+00
8.020000e-01 1.590871e+00
8.030000e-01 1.614713e+00
8.040000e-01 1.638702e+00
8.050000e-01 1.662838e+00
8.060000e-01 1.687117e+00
8.070000e-01 1.711539e+00
8.080000e-01 1.736101e+00
8.090000e-01 1.760802e+00
8.100000e-01 1.785641e+00
8.110000e-01 1.810615e+00
8.120000e-01 1.835722e+00
8.130000e-01 1.860962e+00
8.140000e-01 1.886332e+00
8.150000e-01 1.911831e+00
8.160000e-01 1.937456e+00
8.170000e-01 1.963207e+00
8.180000e-01 1.989081e+00
8.190000e-01 2.015076e+00
8.200000e-01 2.041192e+00
8.210000e-01 2.067426e+00
8.220000e-01 2.093777e+00
8.230000e-01 2.120242e+00
8.240000e-01 2.146821e+00
8.250000e-01 2.173511e+00
8.260000e-01 2.200311e+00
8.270000e-01 2.227219e+00
8.280000e-01 2.254233e+00
8.290000e-01 2.281351e+00
8.300000e-01 2.308573e+00
8.310000e-01 2.335895e+00
8.320000e-01 2.363317e+00
8.330000e-01 2.390837e+00
8.340000e-01 2.418453e+00
8.350000e-01 2.446162e+00
8.360000e-01 2.473965e+00
8.370000e-01 2.501858e+00
8.380000e-01 2.529840e+00
8.390000e-01 2.557910e+00
8.400000e-01 2.586065e+00
8.410000e-01 2.614305e+00
8.420000e-01 2.642626e+00
8.430000e-01 2.671028e+00
8.440000e-01 2.699509e+00
8.450000e-01 2.728067e+00
8.460000e-01 2.756700e+00
8.470000e-01 2.785407e+00
8.480000e-01 2.814186e+00
8.490000e-01 2.843035e+00
8.500000e-01 2.871953e+00
8.510000e-01 2.900937e+00
8.520000e-01 2.929987e+00
8.530000e-01 2.959100e+00
8.540000e-01 2.988274e+00
8.550000e-01 3.017508e+00
8.560000e-01 3.046801e+00
8.570000e-01 3.076150e+00
8.580000e-01 3.105554e+00
8.590000e-01 3.135010e+00
8.600000e-01 3.164518e+00
8.610000e-01 3.194076e+00
8.620000e-01 3.223682e+00
8.630000e-01 3.253333e+00
8.640000e-01 3.283030e+00
8.650000e-01 3.312769e+00
8.660000e-01 3.342549e+00
8.670000e-01 3.372368e+00
8.680000e-01 3.402225e+00
8.690000e-01 3.432117e+00
8.700000e-01 3.462044e+00
8.710000e-01 3.492004e+00
8.720000e-01 3.521994e+00
8.730000e-01 3.552013e+00
8.740000e-01 3.582059e+00
8.750000e-01 3.612131e+00
8.760000e-01 3.642227e+00
8.770000e-01 3.672345e+00
8.780000e-01 3.702483e+00
8.790000e-01 3.732640e+00
8.800000e-01 3.762814e+00
8.810000e-01 3.793003e+00
8.820000e-01 3.823206e+00
8.830000e-01 3.853420e+00
8.840000e-01 3.883645e+00
8.850000e-01 3.913878e+00
8.860000e-01 3.944118e+00
8.870000e-01 3.974363e+00
8.880000e-01 4.004611e+00
8.890000e-01 4.034860e+00
8.900000e-01 4.065110e+00
8.910000e-01 4.095357e+00
8.920000e-01 4.125601e+00
8.930000e-01 4.155839e+00
8.940000e-01 4.186071e+00
8.950000e-01 4.216293e+00
8.960000e-01 4.246505e+00
8.970000e-01 4.276705e+00
8.980000e-01 4.306891e+00
8.990000e-01 4.337062e+00
9.000000e-01 4.367215e+00
9.010000e-01 4.397349e+00
9.020000e-01 4.427462e+00
9.030000e-01 4.457552e+00
9.040000e-01 4.487619e+00
9.050000e-01 4.517659e+00
9.060000e-01 4.547672e+00
9.070000e-01 4.577655e+00
9.080000e-01 4.607607e+00
9.090000e-01 4.637527e+00
9.100000e-01 4.667412e+00
9.110000e-01 4.697260e+00
9.120000e-01 4.727071e+00
9.130000e-01 4.756842e+00
9.140000e-01 4.786572e+00
9.150000e-01 4.816258e+00
9.160000e-01 4.845900e+00
9.170000e-01 4.875495e+00
9.180000e-01 4.905042e+00
9.190000e-01 4.934539e+00
9.200000e-01 4.963984e+00
9.210000e-01 4.993376e+00
9.220000e-01 5.022712e+00
9.230000e-01 5.051992e+00
9.240000e-01 5.081213e+00
9.250000e-01 5.110374e+00
9.260000e-01 5.139473e+00
9.270000e-01 5.168508e+00
9.280000e-01 5.197477e+00
9.290000e-01 5.226380e+00
9.300000e-01 5.255214e+00
9.310000e-01 5.283977e+00
9.320000e-01 5.312667e+00
9.330000e-01 5.341284e+00
9.340000e-01 5.369825e+00
9.350000e-01 5.398289e+00
9.360000e-01 5.426673e+00
9.370000e-01 5.454976e+00
9.380000e-01 5.483197e+00
9.390000e-01 5.511334e+00
9.400000e-01 5.539384e+00
9.410000e-01 5.567347e+00
9.420000e-01 5.595220e+00
9.430000e-01 5.623002e+00
9.440000e-01 5.650691e+00
9.450000e-01 5.678285e+00
9.460000e-01 5.705783e+00
9.470000e-01 5.733184e+00
9.480000e-01 5.760484e+00
9.490000e-01 5.787682e+00
9.500000e-01 5.814778e+00
9.510000e-01 5.841769e+00
9.520000e-01 5.868652e+00
9.530000e-01 5.895428e+00
9.540000e-01 5.922093e+00
9.550000e-01 5.948647e+00
9.560000e-01 5.975087e+00
9.570000e-01 6.001412e+00
9.580000e-01 6.027620e+00
9.590000e-01 6.053709e+00
9.600000e-01 6.079678e+00
9.610000e-01 6.105525e+00
9.620000e-01 6.131248e+00
9.630000e-01 6.156845e+00
9.640000e-01 6.182316e+00
9.650000e-01 6.207657e+00
9.660000e-01 6.232867e+00
9.670000e-01 6.257945e+00
9.680000e-01 6.282889e+00
9.690000e-01 6.307697e+00
9.700000e-01 6.332368e+00
9.710000e-01 6.356899e+00
9.720000e-01 6.381289e+00
9.730000e-01 6.405537e+00
9.740000e-01 6.429640e+00
9.750000e-01 6.453597e+00
9.760000e-01 6.477406e+00
9.770000e-01 6.501065e+00
9.780000e-01 6.524574e+00
9.790000e-01 6.547929e+00
9.800000e-01 6.571129e+00
9.810000e-01 6.594173e+00
9.820000e-01 6.617059e+00
9.830000e-01 6.639785e+00
9.840000e-01 6.662349e+00
9.850000e-01 6.684750e+00
9.860000e-01 6.706986e+00
9.870000e-01 6.729056e+00
9.880000e-01 6.750956e+00
9.890000e-01 6.772687e+00
9.900000e-01 6.794246e+00
9.910000e-01 6.815631e+00
9.920000e-01 6.836841e+00
9.930000e-01 6.857873e+00
9.940000e-01 6.878727e+00
9.950000e-01 6.899400e+00
9.960000e-01 6.919892e+00
9.970000e-01 6.940199e+00
9.980000e-01 6.960321e+00
9.990000e-01 6.980255e+00
