-1.000000e+00 -7.000000e+00
-9.990000e-01 -6.965040e+00
-9.980000e-01 -6.929785e+00
-9.970000e-01 -6.894247e+00
-9.960000e-01 -6.858432e+00
-9.950000e-01 -6.822349e+00
-9.940000e-01 -6.786009e+00
-9.930000e-01 -6.749418e+00
-9.920000e-01 -6.712587e+00
-9.910000e-01 -6.675523e+00
-9.900000e-01 -6.638236e+00
-9.890000e-01 -6.600734e+00
-9.880000e-01 -6.563026e+00
-9.870000e-01 -6.525121e+00
-9.860000e-01 -6.487028e+00
-9.850000e-01 -6.448755e+00
-9.840000e-01 -6.410312e+00
-9.830000e-01 -6.371706e+00
-9.820000e-01 -6.332947e+00
-9.810000e-01 -6.294043e+00
-9.800000e-01 -6.255004e+00
-9.790000e-01 -6.215838e+00
-9.780000e-01 -6.176553e+00
-9.770000e-01 -6.137159e+00
-9.760000e-01 -6.097664e+00
-9.750000e-01 -6.058078e+00
-9.740000e-01 -6.018408e+00
-9.730000e-01 -5.978664e+00
-9.720000e-01 -5.938854e+00
-9.710000e-01 -5.898987e+00
-9.700000e-01 -5.859073e+00
-9.690000e-01 -5.819119e+00
-9.680000e-01 -5.779134e+00
-9.670000e-01 -5.739128e+00
-9.660000e-01 -5.699109e+00
-9.650000e-01 -5.659085e+00
-9.640000e-01 -5.619066e+00
-9.630000e-01 -5.579060e+00
-9.620000e-01 -5.539077e+00
-9.610000e-01 -5.499124e+00
-9.600000e-01 -5.459211e+00
-9.590000e-01 -5.419346e+00
-9.580000e-01 -5.379538e+00
-9.570000e-01 -5.339797e+00
-9.560000e-01 -5.300130e+00
-9.550000e-01 -5.260546e+00
-9.540000e-01 -5.221055e+00
-9.530000e-01 -5.181664e+00
-9.520000e-01 -5.142384e+00
-9.510000e-01 -5.103222e+00
-9.500000e-01 -5.064187e+00
-9.490000e-01 -5.025288e+00
-9.480000e-01 -4.986534e+00
-9.470000e-01 -4.947934e+00
-9.460000e-01 -4.909496e+00
-9.450000e-01 -4.871229e+00
-9.440000e-01 -4.833142e+00
-9.430000e-01 -4.795244e+00
-9.420000e-01 -4.757543e+00
-9.410000e-01 -4.720049e+00
-9.400000e-01 -4.682769e+00
-9.390000e-01 -4.645713e+00
-9.380000e-01 -4.608890e+00
-9.370000e-01 -4.572308e+00
-9.360000e-01 -4.535976e+00
-9.350000e-01 -4.499903e+00
-9.340000e-01 -4.464097e+00
-9.330000e-01 -4.428568e+00
-9.320000e-01 -4.393324e+00
-9.310000e-01 -4.358374e+00
-9.300000e-01 -4.323724e+00
-9.290000e-01 -4.289373e+00
-9.280000e-01 -4.255319e+00
-9.270000e-01 -4.221558e+00
-9.260000e-01 -4.188086e+00
-9.250000e-01 -4.154902e+00
-9.240000e-01 -4.122001e+00
-9.230000e-01 -4.089381e+00
-9.220000e-01 -4.057039e+00
-9.210000e-01 -4.024972e+00
-9.200000e-01 -3.993176e+00
-9.190000e-01 -3.961648e+00
-9.180000e-01 -3.930386e+00
-9.170000e-01 -3.899386e+00
-9.160000e-01 -3.868646e+00
-9.150000e-01 -3.838162e+00
-9.140000e-01 -3.807931e+00
-9.130000e-01 -3.777950e+00
-9.120000e-01 -3.748216e+00
-9.110000e-01 -3.718726e+00
-9.100000e-01 -3.689476e+00
-9.090000e-01 -3.660465e+00
-9.080000e-01 -3.631688e+00
-9.070000e-01 -3.603143e+00
-9.060000e-01 -3.574827e+00
-9.050000e-01 -3.546736e+00
-9.040000e-01 -3.518867e+00
-9.030000e-01 -3.491218e+00
-9.020000e-01 -3.463785e+00
-9.010000e-01 -3.436566e+00
-9.000000e-01 -3.409556e+00
-8.990000e-01 -3.382754e+00
-8.980000e-01 -3.356156e+00
-8.970000e-01 -3.329758e+00
-8.960000e-01 -3.303559e+00
-8.950000e-01 -3.277554e+00
-8.940000e-01 -3.251741e+00
-8.930000e-01 -3.226117e+00
-8.920000e-01 -3.200678e+00
-8.910000e-01 -3.175422e+00
-8.900000e-01 -3.150346e+00
-8.890000e-01 -3.125446e+00
-8.880000e-01 -3.100719e+00
-8.870000e-01 -3.076162e+00
-8.860000e-01 -3.051773e+00
-8.850000e-01 -3.027547e+00
-8.840000e-01 -3.003483e+00
-8.830000e-01 -2.979577e+00
-8.820000e-01 -2.955825e+00
-8.810000e-01 -2.932226e+00
-8.800000e-01 -2.908775e+00
-8.790000e-01 -2.885470e+00
-8.780000e-01 -2.862308e+00
-8.770000e-01 -2.839285e+00
-8.760000e-01 -2.816398e+00
-8.750000e-01 -2.793645e+00
-8.740000e-01 -2.771023e+00
-8.730000e-01 -2.748528e+00
-8.720000e-01 -2.726156e+00
-8.710000e-01 -2.703907e+00
-8.700000e-01 -2.681775e+00
-8.690000e-01 -2.659758e+00
-8.680000e-01 -2.637853e+00
-8.670000e-01 -2.616057e+00
-8.660000e-01 -2.594366e+00
-8.650000e-01 -2.572779e+00
-8.640000e-01 -2.551291e+00
-8.630000e-01 -2.529900e+00
-8.620000e-01 -2.508602e+00
-8.610000e-01 -2.487395e+00
-8.600000e-01 -2.466279e+00
-8.590000e-01 -2.445255e+00
-8.580000e-01 -2.424321e+00
-8.570000e-01 -2.403480e+00
-8.560000e-01 -2.382729e+00
-8.550000e-01 -2.362071e+00
-8.540000e-01 -2.341505e+00
-8.530000e-01 -2.321032e+00
-8.520000e-01 -2.300651e+00
-8.510000e-01 -2.280362e+00
-8.500000e-01 -2.260167e+00
-8.490000e-01 -2.240065e+00
-8.480000e-01 -2.220057e+00
-8.470000e-01 -2.200142e+00
-8.460000e-01 -2.180321e+00
-8.450000e-01 -2.160594e+00
-8.440000e-01 -2.140961e+00
-8.430000e-01 -2.121423e+00
-8.420000e-01 -2.101979e+00
-8.410000e-01 -2.082631e+00
-8.400000e-01 -2.063377e+00
-8.390000e-01 -2.044219e+00
-8.380000e-01 -2.025157e+00
-8.370000e-01 -2.006190e+00
-8.360000e-01 -1.987320e+00
-8.350000e-01 -1.968545e+00
-8.340000e-01 -1.949867e+00
-8.330000e-01 -1.931285e+00
-8.320000e-01 -1.912801e+00
-8.310000e-01 -1.894413e+00
-8.300000e-01 -1.876123e+00
-8.290000e-01 -1.857930e+00
-8.280000e-01 -1.839835e+00
-8.270000e-01 -1.821838e+00
-8.260000e-01 -1.803939e+00
-8.250000e-01 -1.786138e+00
-8.240000e-01 -1.768436e+00
-8.230000e-01 -1.750832e+00
-8.220000e-01 -1.733328e+00
-8.210000e-01 -1.715923e+00
-8.200000e-01 -1.698617e+00
-8.190000e-01 -1.681410e+00
-8.180000e-01 -1.664304e+00
-8.170000e-01 -1.647297e+00
-8.160000e-01 -1.630391e+00
-8.150000e-01 -1.613586e+00
-8.140000e-01 -1.596880e+00
-8.130000e-01 -1.580276e+00
-8.120000e-01 -1.563773e+00
-8.110000e-01 -1.547371e+00
-8.100000e-01 -1.531071e+00
-8.090000e-01 -1.514873e+00
-8.080000e-01 -1.498776e+00
-8.070000e-01 -1.482782e+00
-8.060000e-01 -1.466890e+00
-8.050000e-01 -1.451100e+00
-8.040000e-01 -1.435413e+00
-8.030000e-01 -1.419830e+00
-8.020000e-01 -1.404349e+00
-8.010000e-01 -1.388972e+00
-8.000000e-01 -1.373699e+00
-7.990000e-01 -1.358530e+00
-7.980000e-01 -1.343464e+00
-7.970000e-01 -1.328503e+00
-7.960000e-01 -1.313647e+00
-7.950000e-01 -1.298895e+00
-7.940000e-01 -1.284248e+00
-7.930000e-01 -1.269706e+00
-7.920000e-01 -1.255269e+00
-7.910000e-01 -1.240937e+00
-7.900000e-01 -1.226709e+00
-7.890000e-01 -1.212585e+00
-7.880000e-01 -1.198564e+00
-7.870000e-01 -1.184645e+00
-7.860000e-01 -1.170828e+00
-7.850000e-01 -1.157113e+00
-7.840000e-01 -1.143498e+00
-7.830000e-01 -1.129983e+00
-7.820000e-01 -1.116568e+00
-7.810000e-01 -1.103252e+00
-7.800000e-01 -1.090035e+00
-7.790000e-01 -1.076915e+00
-7.780000e-01 -1.063893e+00
-7.770000e-01 -1.050968e+00
-7.760000e-01 -1.038138e+00
-7.750000e-01 -1.025405e+00
-7.740000e-01 -1.012767e+00
-7.730000e-01 -1.000223e+00
-7.720000e-01 -9.877728e-01
-7.710000e-01 -9.754163e-01
-7.700000e-01 -9.631526e-01
-7.690000e-01 -9.509813e-01
-7.680000e-01 -9.389016e-01
-7.670000e-01 -9.269130e-01
-7.660000e-01 -9.150151e-01
-7.650000e-01 -9.032071e-01
-7.640000e-01 -8.914887e-01
-7.630000e-01 -8.798590e-01
-7.620000e-01 -8.683177e-01
-7.610000e-01 -8.568642e-01
-7.600000e-01 -8.454979e-01
-7.590000e-01 -8.342181e-01
-7.580000e-01 -8.230245e-01
-7.570000e-01 -8.119163e-01
-7.560000e-01 -8.008930e-01
-7.550000e-01 -7.899541e-01
-7.540000e-01 -7.790990e-01
-7.530000e-01 -7.683272e-01
-7.520000e-01 -7.576380e-01
-7.510000e-01 -7.470309e-01
-7.500000e-01 -7.365053e-01
-7.490000e-01 -7.260608e-01
-7.480000e-01 -7.156966e-01
-7.470000e-01 -7.054123e-01
-7.460000e-01 -6.952072e-01
-7.450000e-01 -6.850809e-01
-7.440000e-01 -6.750327e-01
-7.430000e-01 -6.650620e-01
-7.420000e-01 -6.551684e-01
-7.410000e-01 -6.453513e-01
-7.400000e-01 -6.356100e-01
-7.390000e-01 -6.259441e-01
-7.380000e-01 -6.163529e-01
-7.370000e-01 -6.068359e-01
-7.360000e-01 -5.973925e-01
-7.350000e-01 -5.880222e-01
-7.340000e-01 -5.787244e-01
-7.330000e-01 -5.694985e-01
-7.320000e-01 -5.603440e-01
-7.310000e-01 -5.512603e-01
-7.300000e-01 -5.422468e-01
-7.290000e-01 -5.333030e-01
-7.280000e-01 -5.244283e-01
-7.270000e-01 -5.156221e-01
-7.260000e-01 -5.068839e-01
-7.250000e-01 -4.982131e-01
-7.240000e-01 -4.896092e-01
-7.230000e-01 -4.810716e-01
-7.220000e-01 -4.726000e-01
-7.210000e-01 -4.641943e-01
-7.200000e-01 -4.558541e-01
-7.190000e-01 -4.475792e-01
-7.180000e-01 -4.393692e-01
-7.170000e-01 -4.312240e-01
-7.160000e-01 -4.231433e-01
-7.150000e-01 -4.151268e-01
-7.140000e-01 -4.071742e-01
-7.130000e-01 -3.992853e-01
-7.120000e-01 -3.914599e-01
-7.110000e-01 -3.836976e-01
-7.100000e-01 -3.759982e-01
-7.090000e-01 -3.683614e-01
-7.080000e-01 -3.607870e-01
-7.070000e-01 -3.532746e-01
-7.060000e-01 -3.458242e-01
-7.050000e-01 -3.384353e-01
-7.040000e-01 -3.311077e-01
-7.030000e-01 -3.238411e-01
-7.020000e-01 -3.166354e-01
-7.010000e-01 -3.094902e-01
-7.000000e-01 -3.024052e-01
-6.990000e-01 -2.953802e-01
-6.980000e-01 -2.884149e-01
-6.970000e-01 -2.815091e-01
-6.960000e-01 -2.746626e-01
-6.950000e-01 -2.678749e-01
-6.940000e-01 -2.611459e-01
-6.930000e-01 -2.544754e-01
-6.920000e-01 -2.478630e-01
-6.910000e-01 -2.413084e-01
-6.900000e-01 -2.348115e-01
-6.890000e-01 -2.283720e-01
-6.880000e-01 -2.219895e-01
-6.870000e-01 -2.156639e-01
-6.860000e-01 -2.093948e-01
-6.850000e-01 -2.031820e-01
-6.840000e-01 -1.970253e-01
-6.830000e-01 -1.909243e-01
-6.820000e-01 -1.848789e-01
-6.810000e-01 -1.788887e-01
-6.800000e-01 -1.729535e-01
-6.790000e-01 -1.670730e-01
-6.780000e-01 -1.612470e-01
-6.770000e-01 -1.554751e-01
-6.760000e-01 -1.497572e-01
-6.750000e-01 -1.440929e-01
-6.740000e-01 -1.384821e-01
-6.730000e-01 -1.329244e-01
-6.720000e-01 -1.274195e-01
-6.710000e-01 -1.219673e-01
-6.700000e-01 -1.165674e-01
-6.690000e-01 -1.112196e-01
-6.680000e-01 -1.059237e-01
-6.670000e-01 -1.006793e-01
-6.660000e-01 -9.548612e-02
-6.650000e-01 -9.034402e-02
-6.640000e-01 -8.525269e-02
-6.630000e-01 -8.021186e-02
-6.620000e-01 -7.522126e-02
-6.610000e-01 -7.028064e-02
-6.600000e-01 -6.538973e-02
-6.590000e-01 -6.054826e-02
-6.580000e-01 -5.575598e-02
-6.570000e-01 -5.101262e-02
-6.560000e-01 -4.631791e-02
-6.550000e-01 -4.167160e-02
-6.540000e-01 -3.707341e-02
-6.530000e-01 -3.252309e-02
-6.520000e-01 -2.802039e-02
-6.510000e-01 -2.356503e-02
-6.500000e-01 -1.915676e-02
-6.490000e-01 -1.479531e-02
-6.480000e-01 -1.048044e-02
-6.470000e-01 -6.211874e-03
-6.460000e-01 -1.989357e-03
-6.450000e-01 2.187372e-03
-6.440000e-01 6.318574e-03
-6.430000e-01 1.040451e-02
-6.420000e-01 1.444543e-02
-6.410000e-01 1.844161e-02
-6.400000e-01 2.239330e-02
-6.390000e-01 2.630076e-02
-6.380000e-01 3.016426e-02
-6.370000e-01 3.398405e-02
-6.360000e-01 3.776039e-02
-6.350000e-01 4.149354e-02
-6.340000e-01 4.518377e-02
-6.330000e-01 4.883133e-02
-6.320000e-01 5.243648e-02
-6.310000e-01 5.599949e-02
-6.300000e-01 5.952061e-02
-6.290000e-01 6.300010e-02
-6.280000e-01 6.643823e-02
-6.270000e-01 6.983525e-02
-6.260000e-01 7.319142e-02
-6.250000e-01 7.650701e-02
-6.240000e-01 7.978227e-02
-6.230000e-01 8.301747e-02
-6.220000e-01 8.621286e-02
-6.210000e-01 8.936870e-02
-6.200000e-01 9.248526e-02
-6.190000e-01 9.556279e-02
-6.180000e-01 9.860156e-02
-6.170000e-01 1.016018e-01
-6.160000e-01 1.045638e-01
-6.150000e-01 1.074879e-01
-6.140000e-01 1.103742e-01
-6.130000e-01 1.132230e-01
-6.120000e-01 1.160346e-01
-6.110000e-01 1.188093e-01
-6.100000e-01 1.215473e-01
-6.090000e-01 1.242489e-01
-6.080000e-01 1.269143e-01
-6.070000e-01 1.295439e-01
-6.060000e-01 1.321377e-01
-6.050000e-01 1.346962e-01
-6.040000e-01 1.372196e-01
-6.030000e-01 1.397081e-01
-6.020000e-01 1.421620e-01
-6.010000e-01 1.445815e-01
-6.000000e-01 1.469670e-01
-5.990000e-01 1.493186e-01
-5.980000e-01 1.516367e-01
-5.970000e-01 1.539215e-01
-5.960000e-01 1.561732e-01
-5.950000e-01 1.583921e-01
-5.940000e-01 1.605786e-01
-5.930000e-01 1.627327e-01
-5.920000e-01 1.648549e-01
-5.910000e-01 1.669453e-01
-5.900000e-01 1.690042e-01
-5.890000e-01 1.710319e-01
-5.880000e-01 1.730287e-01
-5.870000e-01 1.749947e-01
-5.860000e-01 1.769303e-01
-5.850000e-01 1.788357e-01
-5.840000e-01 1.807111e-01
-5.830000e-01 1.825567e-01
-5.820000e-01 1.843726e-01
-5.810000e-01 1.861590e-01
-5.800000e-01 1.879162e-01
-5.790000e-01 1.896443e-01
-5.780000e-01 1.913435e-01
-5.770000e-01 1.930140e-01
-5.760000e-01 1.946560e-01
-5.750000e-01 1.962696e-01
-5.740000e-01 1.978550e-01
-5.730000e-01 1.994125e-01
-5.720000e-01 2.009422e-01
-5.710000e-01 2.024443e-01
-5.700000e-01 2.039190e-01
-5.690000e-01 2.053664e-01
-5.680000e-01 2.067868e-01
-5.670000e-01 2.081804e-01
-5.660000e-01 2.095472e-01
-5.650000e-01 2.108876e-01
-5.640000e-01 2.122017e-01
-5.630000e-01 2.134896e-01
-5.620000e-01 2.147517e-01
-5.610000e-01 2.159879e-01
-5.600000e-01 2.171986e-01
-5.590000e-01 2.183840e-01
-5.580000e-01 2.195441e-01
-5.570000e-01 2.206792e-01
-5.560000e-01 2.217895e-01
-5.550000e-01 2.228752e-01
-5.540000e-01 2.239364e-01
-5.530000e-01 2.249734e-01
-5.520000e-01 2.259863e-01
-5.510000e-01 2.269752e-01
-5.500000e-01 2.279405e-01
-5.490000e-01 2.288823e-01
-5.480000e-01 2.298007e-01
-5.470000e-01 2.306959e-01
-5.460000e-01 2.315682e-01
-5.450000e-01 2.324177e-01
-5.440000e-01 2.332447e-01
-5.430000e-01 2.340492e-01
-5.420000e-01 2.348314e-01
-5.410000e-01 2.355917e-01
-5.400000e-01 2.363301e-01
-5.390000e-01 2.370468e-01
-5.380000e-01 2.377420e-01
-5.370000e-01 2.384159e-01
-5.360000e-01 2.390688e-01
-5.350000e-01 2.397006e-01
-5.340000e-01 2.403118e-01
-5.330000e-01 2.409024e-01
-5.320000e-01 2.414726e-01
-5.310000e-01 2.420226e-01
-5.300000e-01 2.425527e-01
-5.290000e-01 2.430629e-01
-5.280000e-01 2.435535e-01
-5.270000e-01 2.440246e-01
-5.260000e-01 2.444765e-01
-5.250000e-01 2.449093e-01
-5.240000e-01 2.453232e-01
-5.230000e-01 2.457184e-01
-5.220000e-01 2.460951e-01
-5.210000e-01 2.464535e-01
-5.200000e-01 2.467937e-01
-5.190000e-01 2.471160e-01
-5.180000e-01 2.474205e-01
-5.170000e-01 2.477074e-01
-5.160000e-01 2.479768e-01
-5.150000e-01 2.482290e-01
-5.140000e-01 2.484641e-01
-5.130000e-01 2.486821e-01
-5.120000e-01 2.488833e-01
-5.110000e-01 2.490678e-01
-5.100000e-01 2.492357e-01
-5.090000e-01 2.493871e-01
-5.080000e-01 2.495222e-01
-5.070000e-01 2.496412e-01
-5.060000e-01 2.497441e-01
-5.050000e-01 2.498311e-01
-5.040000e-01 2.499024e-01
-5.030000e-01 2.499581e-01
-5.020000e-01 2.499982e-01
-5.010000e-01 2.500231e-01
-5.000000e-01 2.500327e-01
-4.990000e-01 2.500273e-01
-4.980000e-01 2.500069e-01
-4.970000e-01 2.499718e-01
-4.960000e-01 2.499220e-01
-4.950000e-01 2.498577e-01
-4.940000e-01 2.497790e-01
-4.930000e-01 2.496861e-01
-4.920000e-01 2.495792e-01
-4.910000e-01 2.494582e-01
-4.900000e-01 2.493234e-01
-4.890000e-01 2.491750e-01
-4.880000e-01 2.490130e-01
-4.870000e-01 2.488376e-01
-4.860000e-01 2.486490e-01
-4.850000e-01 2.484472e-01
-4.840000e-01 2.482325e-01
-4.830000e-01 2.480049e-01
-4.820000e-01 2.477645e-01
-4.810000e-01 2.475117e-01
-4.800000e-01 2.472463e-01
-4.790000e-01 2.469687e-01
-4.780000e-01 2.466790e-01
-4.770000e-01 2.463772e-01
-4.760000e-01 2.460635e-01
-4.750000e-01 2.457381e-01
-4.740000e-01 2.454011e-01
-4.730000e-01 2.450526e-01
-4.720000e-01 2.446928e-01
-4.710000e-01 2.443219e-01
-4.700000e-01 2.439398e-01
-4.690000e-01 2.435469e-01
-4.680000e-01 2.431432e-01
-4.670000e-01 2.427288e-01
-4.660000e-01 2.423040e-01
-4.650000e-01 2.418688e-01
-4.640000e-01 2.414234e-01
-4.630000e-01 2.409679e-01
-4.620000e-01 2.405025e-01
-4.610000e-01 2.400273e-01
-4.600000e-01 2.395424e-01
-4.590000e-01 2.390480e-01
-4.580000e-01 2.385441e-01
-4.570000e-01 2.380311e-01
-4.560000e-01 2.375089e-01
-4.550000e-01 2.369778e-01
-4.540000e-01 2.364378e-01
-4.530000e-01 2.358892e-01
-4.520000e-01 2.353320e-01
-4.510000e-01 2.347663e-01
-4.500000e-01 2.341924e-01
-4.490000e-01 2.336104e-01
-4.480000e-01 2.330203e-01
-4.470000e-01 2.324224e-01
-4.460000e-01 2.318166e-01
-4.450000e-01 2.312032e-01
-4.440000e-01 2.305822e-01
-4.430000e-01 2.299537e-01
-4.420000e-01 2.293178e-01
-4.410000e-01 2.286745e-01
-4.400000e-01 2.280241e-01
-4.390000e-01 2.273665e-01
-4.380000e-01 2.267018e-01
-4.370000e-01 2.260302e-01
-4.360000e-01 2.253518e-01
-4.350000e-01 2.246666e-01
-4.340000e-01 2.239747e-01
-4.330000e-01 2.232762e-01
-4.320000e-01 2.225713e-01
-4.310000e-01 2.218599e-01
-4.300000e-01 2.211423e-01
-4.290000e-01 2.204184e-01
-4.280000e-01 2.196885e-01
-4.270000e-01 2.189525e-01
-4.260000e-01 2.182106e-01
-4.250000e-01 2.174628e-01
-4.240000e-01 2.167093e-01
-4.230000e-01 2.159502e-01
-4.220000e-01 2.151855e-01
-4.210000e-01 2.144153e-01
-4.200000e-01 2.136398e-01
-4.190000e-01 2.128590e-01
-4.180000e-01 2.120730e-01
-4.170000e-01 2.112819e-01
-4.160000e-01 2.104858e-01
-4.150000e-01 2.096848e-01
-4.140000e-01 2.088789e-01
-4.130000e-01 2.080684e-01
-4.120000e-01 2.072532e-01
-4.110000e-01 2.064335e-01
-4.100000e-01 2.056094e-01
-4.090000e-01 2.047808e-01
-4.080000e-01 2.039481e-01
-4.070000e-01 2.031111e-01
-4.060000e-01 2.022701e-01
-4.050000e-01 2.014252e-01
-4.040000e-01 2.005763e-01
-4.030000e-01 1.997236e-01
-4.020000e-01 1.988672e-01
-4.010000e-01 1.980072e-01
-4.000000e-01 1.971437e-01
-3.990000e-01 1.962768e-01
-3.980000e-01 1.954066e-01
-3.970000e-01 1.945331e-01
-3.960000e-01 1.936564e-01
-3.950000e-01 1.927767e-01
-3.940000e-01 1.918941e-01
-3.930000e-01 1.910085e-01
-3.920000e-01 1.901202e-01
-3.910000e-01 1.892293e-01
-3.900000e-01 1.883357e-01
-3.890000e-01 1.874396e-01
-3.880000e-01 1.865411e-01
-3.870000e-01 1.856404e-01
-3.860000e-01 1.847373e-01
-3.850000e-01 1.838322e-01
-3.840000e-01 1.829251e-01
-3.830000e-01 1.820159e-01
-3.820000e-01 1.811050e-01
-3.810000e-01 1.801923e-01
-3.800000e-01 1.792779e-01
-3.790000e-01 1.783620e-01
-3.780000e-01 1.774446e-01
-3.770000e-01 1.765257e-01
-3.760000e-01 1.756055e-01
-3.750000e-01 1.746839e-01
-3.740000e-01 1.737611e-01
-3.730000e-01 1.728370e-01
-3.720000e-01 1.719118e-01
-3.710000e-01 1.709855e-01
-3.700000e-01 1.700582e-01
-3.690000e-01 1.691299e-01
-3.680000e-01 1.682006e-01
-3.670000e-01 1.672704e-01
-3.660000e-01 1.663395e-01
-3.650000e-01 1.654077e-01
-3.640000e-01 1.644753e-01
-3.630000e-01 1.635422e-01
-3.620000e-01 1.626085e-01
-3.610000e-01 1.616742e-01
-3.600000e-01 1.607395e-01
-3.590000e-01 1.598043e-01
-3.580000e-01 1.588687e-01
-3.570000e-01 1.579328e-01
-3.560000e-01 1.569967e-01
-3.550000e-01 1.560603e-01
-3.540000e-01 1.551238e-01
-3.530000e-01 1.541871e-01
-3.520000e-01 1.532505e-01
-3.510000e-01 1.523138e-01
-3.500000e-01 1.513772e-01
-3.490000e-01 1.504407e-01
-3.480000e-01 1.495044e-01
-3.470000e-01 1.485683e-01
-3.460000e-01 1.476325e-01
-3.450000e-01 1.466970e-01
-3.440000e-01 1.457619e-01
-3.430000e-01 1.448273e-01
-3.420000e-01 1.438932e-01
-3.410000e-01 1.429596e-01
-3.400000e-01 1.420267e-01
-3.390000e-01 1.410944e-01
-3.380000e-01 1.401629e-01
-3.370000e-01 1.392321e-01
-3.360000e-01 1.383022e-01
-3.350000e-01 1.373732e-01
-3.340000e-01 1.364451e-01
-3.330000e-01 1.355180e-01
-3.320000e-01 1.345920e-01
-3.310000e-01 1.336671e-01
-3.300000e-01 1.327434e-01
-3.290000e-01 1.318209e-01
-3.280000e-01 1.308997e-01
-3.270000e-01 1.299798e-01
-3.260000e-01 1.290613e-01
-3.250000e-01 1.281442e-01
-3.240000e-01 1.272287e-01
-3.230000e-01 1.263147e-01
-3.220000e-01 1.254023e-01
-3.210000e-01 1.244916e-01
-3.200000e-01 1.235827e-01
-3.190000e-01 1.226755e-01
-3.180000e-01 1.217701e-01
-3.170000e-01 1.208667e-01
-3.160000e-01 1.199651e-01
-3.150000e-01 1.190656e-01
-3.140000e-01 1.181681e-01
-3.130000e-01 1.172728e-01
-3.120000e-01 1.163796e-01
-3.110000e-01 1.154886e-01
-3.100000e-01 1.146000e-01
-3.090000e-01 1.137136e-01
-3.080000e-01 1.128296e-01
-3.070000e-01 1.119479e-01
-3.060000e-01 1.110687e-01
-3.050000e-01 1.101919e-01
-3.040000e-01 1.093175e-01
-3.030000e-01 1.084456e-01
-3.020000e-01 1.075762e-01
-3.010000e-01 1.067093e-01
-3.000000e-01 1.058449e-01
-2.990000e-01 1.049831e-01
-2.980000e-01 1.041240e-01
-2.970000e-01 1.032674e-01
-2.960000e-01 1.024134e-01
-2.950000e-01 1.015622e-01
-2.940000e-01 1.007136e-01
-2.930000e-01 9.986775e-02
-2.920000e-01 9.902463e-02
-2.910000e-01 9.818427e-02
-2.900000e-01 9.734670e-02
-2.890000e-01 9.651194e-02
-2.880000e-01 9.568003e-02
-2.870000e-01 9.485097e-02
-2.860000e-01 9.402480e-02
-2.850000e-01 9.320154e-02
-2.840000e-01 9.238122e-02
-2.830000e-01 9.156385e-02
-2.820000e-01 9.074947e-02
-2.810000e-01 8.993810e-02
-2.800000e-01 8.912977e-02
-2.790000e-01 8.832449e-02
-2.780000e-01 8.752229e-02
-2.770000e-01 8.672320e-02
-2.760000e-01 8.592724e-02
-2.750000e-01 8.513444e-02
-2.740000e-01 8.434481e-02
-2.730000e-01 8.355840e-02
-2.720000e-01 8.277521e-02
-2.710000e-01 8.199527e-02
-2.700000e-01 8.121862e-02
-2.690000e-01 8.044526e-02
-2.680000e-01 7.967523e-02
-2.670000e-01 7.890856e-02
-2.660000e-01 7.814526e-02
-2.650000e-01 7.738536e-02
-2.640000e-01 7.662889e-02
-2.630000e-01 7.587586e-02
-2.620000e-01 7.512631e-02
-2.610000e-01 7.438026e-02
-2.600000e-01 7.363774e-02
-2.590000e-01 7.289876e-02
-2.580000e-01 7.216335e-02
-2.570000e-01 7.143154e-02
-2.560000e-01 7.070335e-02
-2.550000e-01 6.997880e-02
-2.540000e-01 6.925793e-02
-2.530000e-01 6.854075e-02
-2.520000e-01 6.782728e-02
-2.510000e-01 6.711757e-02
-2.500000e-01 6.641162e-02
-2.490000e-01 6.570946e-02
-2.480000e-01 6.501112e-02
-2.470000e-01 6.431662e-02
-2.460000e-01 6.362599e-02
-2.450000e-01 6.293924e-02
-2.440000e-01 6.225642e-02
-2.430000e-01 6.157753e-02
-2.420000e-01 6.090260e-02
-2.410000e-01 6.023167e-02
-2.400000e-01 5.956473e-02
-2.390000e-01 5.890181e-02
-2.380000e-01 5.824288e-02
-2.370000e-01 5.758796e-02
-2.360000e-01 5.693705e-02
-2.350000e-01 5.629014e-02
-2.340000e-01 5.564724e-02
-2.330000e-01 5.500835e-02
-2.320000e-01 5.437347e-02
-2.310000e-01 5.374260e-02
-2.300000e-01 5.311573e-02
-2.290000e-01 5.249287e-02
-2.280000e-01 5.187403e-02
-2.270000e-01 5.125919e-02
-2.260000e-01 5.064837e-02
-2.250000e-01 5.004156e-02
-2.240000e-01 4.943876e-02
-2.230000e-01 4.883997e-02
-2.220000e-01 4.824520e-02
-2.210000e-01 4.765444e-02
-2.200000e-01 4.706770e-02
-2.190000e-01 4.648497e-02
-2.180000e-01 4.590626e-02
-2.170000e-01 4.533156e-02
-2.160000e-01 4.476088e-02
-2.150000e-01 4.419422e-02
-2.140000e-01 4.363157e-02
-2.130000e-01 4.307294e-02
-2.120000e-01 4.251834e-02
-2.110000e-01 4.196775e-02
-2.100000e-01 4.142118e-02
-2.090000e-01 4.087863e-02
-2.080000e-01 4.034011e-02
-2.070000e-01 3.980560e-02
-2.060000e-01 3.927512e-02
-2.050000e-01 3.874866e-02
-2.040000e-01 3.822622e-02
-2.030000e-01 3.770781e-02
-2.020000e-01 3.719342e-02
-2.010000e-01 3.668305e-02
-2.000000e-01 3.617671e-02
-1.990000e-01 3.567440e-02
-1.980000e-01 3.517612e-02
-1.970000e-01 3.468186e-02
-1.960000e-01 3.419162e-02
-1.950000e-01 3.370542e-02
-1.940000e-01 3.322325e-02
-1.930000e-01 3.274510e-02
-1.920000e-01 3.227098e-02
-1.910000e-01 3.180090e-02
-1.900000e-01 3.133484e-02
-1.890000e-01 3.087282e-02
-1.880000e-01 3.041483e-02
-1.870000e-01 2.996087e-02
-1.860000e-01 2.951094e-02
-1.850000e-01 2.906505e-02
-1.840000e-01 2.862319e-02
-1.830000e-01 2.818537e-02
-1.820000e-01 2.775158e-02
-1.810000e-01 2.732182e-02
-1.800000e-01 2.689611e-02
-1.790000e-01 2.647442e-02
-1.780000e-01 2.605678e-02
-1.770000e-01 2.564318e-02
-1.760000e-01 2.523361e-02
-1.750000e-01 2.482808e-02
-1.740000e-01 2.442659e-02
-1.730000e-01 2.402914e-02
-1.720000e-01 2.363573e-02
-1.710000e-01 2.324636e-02
-1.700000e-01 2.286100e-02
-1.690000e-01 2.247964e-02
-1.680000e-01 2.210227e-02
-1.670000e-01 2.172886e-02
-1.660000e-01 2.135941e-02
-1.650000e-01 2.099389e-02
-1.640000e-01 2.063229e-02
-1.630000e-01 2.027459e-02
-1.620000e-01 1.992077e-02
-1.610000e-01 1.957082e-02
-1.600000e-01 1.922473e-02
-1.590000e-01 1.888246e-02
-1.580000e-01 1.854402e-02
-1.570000e-01 1.820938e-02
-1.560000e-01 1.787852e-02
-1.550000e-01 1.755144e-02
-1.540000e-01 1.722810e-02
-1.530000e-01 1.690850e-02
-1.520000e-01 1.659262e-02
-1.510000e-01 1.628044e-02
-1.500000e-01 1.597194e-02
-1.490000e-01 1.566712e-02
-1.480000e-01 1.536595e-02
-1.470000e-01 1.506841e-02
-1.460000e-01 1.477449e-02
-1.450000e-01 1.448418e-02
-1.440000e-01 1.419745e-02
-1.430000e-01 1.391429e-02
-1.420000e-01 1.363468e-02
-1.410000e-01 1.335861e-02
-1.400000e-01 1.308606e-02
-1.390000e-01 1.281701e-02
-1.380000e-01 1.255145e-02
-1.370000e-01 1.228936e-02
-1.360000e-01 1.203072e-02
-1.350000e-01 1.177552e-02
-1.340000e-01 1.152374e-02
-1.330000e-01 1.127537e-02
-1.320000e-01 1.103038e-02
-1.310000e-01 1.078876e-02
-1.300000e-01 1.055049e-02
-1.290000e-01 1.031556e-02
-1.280000e-01 1.008395e-02
-1.270000e-01 9.855651e-03
-1.260000e-01 9.630634e-03
-1.250000e-01 9.408889e-03
-1.240000e-01 9.190398e-03
-1.230000e-01 8.975144e-03
-1.220000e-01 8.763112e-03
-1.210000e-01 8.554284e-03
-1.200000e-01 8.348644e-03
-1.190000e-01 8.146176e-03
-1.180000e-01 7.946862e-03
-1.170000e-01 7.750687e-03
-1.160000e-01 7.557633e-03
-1.150000e-01 7.367684e-03
-1.140000e-01 7.180823e-03
-1.130000e-01 6.997034e-03
-1.120000e-01 6.816301e-03
-1.110000e-01 6.638606e-03
-1.100000e-01 6.463933e-03
-1.090000e-01 6.292266e-03
-1.080000e-01 6.123587e-03
-1.070000e-01 5.957881e-03
-1.060000e-01 5.795130e-03
-1.050000e-01 5.635319e-03
-1.040000e-01 5.478430e-03
-1.030000e-01 5.324447e-03
-1.020000e-01 5.173348e-03
-1.010000e-01 5.025108e-03
-1.000000e-01 4.879698e-03
-9.900000e-02 4.737092e-03
-9.800000e-02 4.597264e-03
-9.700000e-02 4.460186e-03
-9.600000e-02 4.325832e-03
-9.500000e-02 4.194174e-03
-9.400000e-02 4.065186e-03
-9.300000e-02 3.938842e-03
-9.200000e-02 3.815113e-03
-9.100000e-02 3.693974e-03
-9.000000e-02 3.575397e-03
-8.900000e-02 3.459355e-03
-8.800000e-02 3.345823e-03
-8.700000e-02 3.234772e-03
-8.600000e-02 3.126176e-03
-8.500000e-02 3.020008e-03
-8.400000e-02 2.916242e-03
-8.300000e-02 2.814849e-03
-8.200000e-02 2.715805e-03
-8.100000e-02 2.619081e-03
-8.000000e-02 2.524651e-03
-7.900000e-02 2.432488e-03
-7.800000e-02 2.342564e-03
-7.700000e-02 2.254855e-03
-7.600000e-02 2.169331e-03
-7.500000e-02 2.085967e-03
-7.400000e-02 2.004736e-03
-7.300000e-02 1.925610e-03
-7.200000e-02 1.848563e-03
-7.100000e-02 1.773569e-03
-7.000000e-02 1.700599e-03
-6.900000e-02 1.629628e-03
-6.800000e-02 1.560629e-03
-6.700000e-02 1.493574e-03
-6.600000e-02 1.428437e-03
-6.500000e-02 1.365190e-03
-6.400000e-02 1.303808e-03
-6.300000e-02 1.244263e-03
-6.200000e-02 1.186528e-03
-6.100000e-02 1.130577e-03
-6.000000e-02 1.076382e-03
-5.900000e-02 1.023917e-03
-5.800000e-02 9.731550e-04
-5.700000e-02 9.240690e-04
-5.600000e-02 8.766320e-04
-5.500000e-02 8.308174e-04
-5.400000e-02 7.865982e-04
-5.300000e-02 7.439475e-04
-5.200000e-02 7.028386e-04
-5.100000e-02 6.632445e-04
-5.000000e-02 6.251384e-04
-4.900000e-02 5.884935e-04
-4.800000e-02 5.532828e-04
-4.700000e-02 5.194795e-04
-4.600000e-02 4.870568e-04
-4.500000e-02 4.559878e-04
-4.400000e-02 4.262456e-04
-4.300000e-02 3.978033e-04
-4.200000e-02 3.706342e-04
-4.100000e-02 3.447113e-04
-4.000000e-02 3.200078e-04
-3.900000e-02 2.964968e-04
-3.800000e-02 2.741515e-04
-3.700000e-02 2.529450e-04
-3.600000e-02 2.328504e-04
-3.500000e-02 2.138410e-04
-3.400000e-02 1.958896e-04
-3.300000e-02 1.789680e-04
-3.200000e-02 1.630457e-04
-3.100000e-02 1.480926e-04
-3.000000e-02 1.340783e-04
-2.900000e-02 1.209726e-04
-2.800000e-02 1.087452e-04
-2.700000e-02 9.736572e-05
-2.600000e-02 8.680400e-05
-2.500000e-02 7.702970e-05
-2.400000e-02 6.801255e-05
-2.300000e-02 5.972224e-05
-2.200000e-02 5.212850e-05
-2.100000e-02 4.520105e-05
-2.000000e-02 3.890959e-05
-1.900000e-02 3.322385e-05
-1.800000e-02 2.811353e-05
-1.700000e-02 2.354835e-05
-1.600000e-02 1.949802e-05
-1.500000e-02 1.593226e-05
-1.400000e-02 1.282079e-05
-1.300000e-02 1.013331e-05
-1.200000e-02 7.839549e-06
-1.100000e-02 5.909212e-06
-1.000000e-02 4.312017e-06
-9.000000e-03 3.017676e-06
-8.000000e-03 1.995906e-06
-7.000000e-03 1.216421e-06
-6.000000e-03 6.489341e-07
-5.000000e-03 2.631608e-07
-4.000000e-03 2.881530e-08
-3.000000e-03 -8.438798e-08
-2.000000e-03 -1.067346e-07
-1.000000e-03 -6.851007e-08
8.812395e-16 4.607859e-19
1.000000e-03 6.851007e-08
2.000000e-03 1.067346e-07
3.000000e-03 8.438798e-08
4.000000e-03 -2.881530e-08
5.000000e-03 -2.631608e-07
6.000000e-03 -6.489341e-07
7.000000e-03 -1.216421e-06
8.000000e-03 -1.995906e-06
9.000000e-03 -3.017676e-06
1.000000e-02 -4.312017e-06
1.100000e-02 -5.909212e-06
1.200000e-02 -7.839549e-06
1.300000e-02 -1.013331e-05
1.400000e-02 -1.282079e-05
1.500000e-02 -1.593226e-05
1.600000e-02 -1.949802e-05
1.700000e-02 -2.354835e-05
1.800000e-02 -2.811353e-05
1.900000e-02 -3.322385e-05
2.000000e-02 -3.890959e-05
2.100000e-02 -4.520105e-05
2.200000e-02 -5.212850e-05
2.300000e-02 -5.972224e-05
2.400000e-02 -6.801255e-05
2.500000e-02 -7.702970e-05
2.600000e-02 -8.680400e-05
2.700000e-02 -9.736572e-05
2.800000e-02 -1.087452e-04
2.900000e-02 -1.209726e-04
3.000000e-02 -1.340783e-04
3.100000e-02 -1.480926e-04
3.200000e-02 -1.630457e-04
3.300000e-02 -1.789680e-04
3.400000e-02 -1.958896e-04
3.500000e-02 -2.138410e-04
3.600000e-02 -2.328504e-04
3.700000e-02 -2.529450e-04
3.800000e-02 -2.741515e-04
3.900000e-02 -2.964968e-04
4.000000e-02 -3.200078e-04
4.100000e-02 -3.447113e-04
4.200000e-02 -3.706342e-04
4.300000e-02 -3.978033e-04
4.400000e-02 -4.262456e-04
4.500000e-02 -4.559878e-04
4.600000e-02 -4.870568e-04
4.700000e-02 -5.194795e-04
4.800000e-02 -5.532828e-04
4.900000e-02 -5.884935e-04
5.000000e-02 -6.251384e-04
5.100000e-02 -6.632445e-04
5.200000e-02 -7.028386e-04
5.300000e-02 -7.439475e-04
5.400000e-02 -7.865982e-04
5.500000e-02 -8.308174e-04
5.600000e-02 -8.766320e-04
5.700000e-02 -9.240690e-04
5.800000e-02 -9.731550e-04
5.900000e-02 -1.023917e-03
6.000000e-02 -1.076382e-03
6.100000e-02 -1.130577e-03
6.200000e-02 -1.186528e-03
6.300000e-02 -1.244263e-03
6.400000e-02 -1.303808e-03
6.500000e-02 -1.365190e-03
6.600000e-02 -1.428437e-03
6.700000e-02 -1.493574e-03
6.800000e-02 -1.560629e-03
6.900000e-02 -1.629628e-03
7.000000e-02 -1.700599e-03
7.100000e-02 -1.773569e-03
7.200000e-02 -1.848563e-03
7.300000e-02 -1.925610e-03
7.400000e-02 -2.004736e-03
7.500000e-02 -2.085967e-03
7.600000e-02 -2.169331e-03
7.700000e-02 -2.254855e-03
7.800000e-02 -2.342564e-03
7.900000e-02 -2.432488e-03
8.000000e-02 -2.524651e-03
8.100000e-02 -2.619081e-03
8.200000e-02 -2.715805e-03
8.300000e-02 -2.814849e-03
8.400000e-02 -2.916242e-03
8.500000e-02 -3.020008e-03
8.600000e-02 -3.126176e-03
8.700000e-02 -3.234772e-03
8.800000e-02 -3.345823e-03
8.900000e-02 -3.459355e-03
9.000000e-02 -3.575397e-03
9.100000e-02 -3.693974e-03
9.200000e-02 -3.815113e-03
9.300000e-02 -3.938842e-03
9.400000e-02 -4.065186e-03
9.500000e-02 -4.194174e-03
9.600000e-02 -4.325832e-03
9.700000e-02 -4.460186e-03
9.800000e-02 -4.597264e-03
9.900000e-02 -4.737092e-03
1.000000e-01 -4.879698e-03
1.010000e-01 -5.025108e-03
1.020000e-01 -5.173348e-03
1.030000e-01 -5.324447e-03
1.040000e-01 -5.478430e-03
1.050000e-01 -5.635319e-03
1.060000e-01 -5.795130e-03
1.070000e-01 -5.957881e-03
1.080000e-01 -6.123587e-03
1.090000e-01 -6.292266e-03
1.100000e-01 -6.463933e-03
1.110000e-01 -6.638606e-03
1.120000e-01 -6.816301e-03
1.130000e-01 -6.997034e-03
1.140000e-01 -7.180823e-03
1.150000e-01 -7.367684e-03
1.160000e-01 -7.557633e-03
1.170000e-01 -7.750687e-03
1.180000e-01 -7.946862e-03
1.190000e-01 -8.146176e-03
1.200000e-01 -8.348644e-03
1.210000e-01 -8.554284e-03
1.220000e-01 -8.763112e-03
1.230000e-01 -8.975144e-03
1.240000e-01 -9.190398e-03
1.250000e-01 -9.408889e-03
1.260000e-01 -9.630634e-03
1.270000e-01 -9.855651e-03
1.280000e-01 -1.008395e-02
1.290000e-01 -1.031556e-02
1.300000e-01 -1.055049e-02
1.310000e-01 -1.078876e-02
1.320000e-01 -1.103038e-02
1.330000e-01 -1.127537e-02
1.340000e-01 -1.152374e-02
1.350000e-01 -1.177552e-02
1.360000e-01 -1.203072e-02
1.370000e-01 -1.228936e-02
1.380000e-01 -1.255145e-02
1.390000e-01 -1.281701e-02
1.400000e-01 -1.308606e-02
1.410000e-01 -1.335861e-02
1.420000e-01 -1.363468e-02
1.430000e-01 -1.391429e-02
1.440000e-01 -1.419745e-02
1.450000e-01 -1.448418e-02
1.460000e-01 -1.477449e-02
1.470000e-01 -1.506841e-02
1.480000e-01 -1.536595e-02
1.490000e-01 -1.566712e-02
1.500000e-01 -1.597194e-02
1.510000e-01 -1.628044e-02
1.520000e-01 -1.659262e-02
1.530000e-01 -1.690850e-02
1.540000e-01 -1.722810e-02
1.550000e-01 -1.755144e-02
1.560000e-01 -1.787852e-02
1.570000e-01 -1.820938e-02
1.580000e-01 -1.854402e-02
1.590000e-01 -1.888246e-02
1.600000e-01 -1.922473e-02
1.610000e-01 -1.957082e-02
1.620000e-01 -1.992077e-02
1.630000e-01 -2.027459e-02
1.640000e-01 -2.063229e-02
1.650000e-01 -2.099389e-02
1.660000e-01 -2.135941e-02
1.670000e-01 -2.172886e-02
1.680000e-01 -2.210227e-02
1.690000e-01 -2.247964e-02
1.700000e-01 -2.286100e-02
1.710000e-01 -2.324636e-02
1.720000e-01 -2.363573e-02
1.730000e-01 -2.402914e-02
1.740000e-01 -2.442659e-02
1.750000e-01 -2.482808e-02
1.760000e-01 -2.523361e-02
1.770000e-01 -2.564318e-02
1.780000e-01 -2.605678e-02
1.790000e-01 -2.647442e-02
1.800000e-01 -2.689611e-02
1.810000e-01 -2.732182e-02
1.820000e-01 -2.775158e-02
1.830000e-01 -2.818537e-02
1.840000e-01 -2.862319e-02
1.850000e-01 -2.906505e-02
1.860000e-01 -2.951094e-02
1.870000e-01 -2.996087e-02
1.880000e-01 -3.041483e-02
1.890000e-01 -3.087282e-02
1.900000e-01 -3.133484e-02
1.910000e-01 -3.180090e-02
1.920000e-01 -3.227098e-02
1.930000e-01 -3.274510e-02
1.940000e-01 -3.322325e-02
1.950000e-01 -3.370542e-02
1.960000e-01 -3.419162e-02
1.970000e-01 -3.468186e-02
1.980000e-01 -3.517612e-02
1.990000e-01 -3.567440e-02
2.000000e-01 -3.617671e-02
2.010000e-01 -3.668305e-02
2.020000e-01 -3.719342e-02
2.030000e-01 -3.770781e-02
2.040000e-01 -3.822622e-02
2.050000e-01 -3.874866e-02
2.060000e-01 -3.927512e-02
2.070000e-01 -3.980560e-02
2.080000e-01 -4.034011e-02
2.090000e-01 -4.087863e-02
2.100000e-01 -4.142118e-02
2.110000e-01 -4.196775e-02
2.120000e-01 -4.251834e-02
2.130000e-01 -4.307294e-02
2.140000e-01 -4.363157e-02
2.150000e-01 -4.419422e-02
2.160000e-01 -4.476088e-02
2.170000e-01 -4.533156e-02
2.180000e-01 -4.590626e-02
2.190000e-01 -4.648497e-02
2.200000e-01 -4.706770e-02
2.210000e-01 -4.765444e-02
2.220000e-01 -4.824520e-02
2.230000e-01 -4.883997e-02
2.240000e-01 -4.943876e-02
2.250000e-01 -5.004156e-02
2.260000e-01 -5.064837e-02
2.270000e-01 -5.125919e-02
2.280000e-01 -5.187403e-02
2.290000e-01 -5.249287e-02
2.300000e-01 -5.311573e-02
2.310000e-01 -5.374260e-02
2.320000e-01 -5.437347e-02
2.330000e-01 -5.500835e-02
2.340000e-01 -5.564724e-02
2.350000e-01 -5.629014e-02
2.360000e-01 -5.693705e-02
2.370000e-01 -5.758796e-02
2.380000e-01 -5.824288e-02
2.390000e-01 -5.890181e-02
2.400000e-01 -5.956473e-02
2.410000e-01 -6.023167e-02
2.420000e-01 -6.090260e-02
2.430000e-01 -6.157753e-02
2.440000e-01 -6.225642e-02
2.450000e-01 -6.293924e-02
2.460000e-01 -6.362599e-02
2.470000e-01 -6.431662e-02
2.480000e-01 -6.501112e-02
2.490000e-01 -6.570946e-02
2.500000e-01 -6.641162e-02
2.510000e-01 -6.711757e-02
2.520000e-01 -6.782728e-02
2.530000e-01 -6.854075e-02
2.540000e-01 -6.925793e-02
2.550000e-01 -6.997880e-02
2.560000e-01 -7.070335e-02
2.570000e-01 -7.143154e-02
2.580000e-01 -7.216335e-02
2.590000e-01 -7.289876e-02
2.600000e-01 -7.363774e-02
2.610000e-01 -7.438026e-02
2.620000e-01 -7.512631e-02
2.630000e-01 -7.587586e-02
2.640000e-01 -7.662889e-02
2.650000e-01 -7.738536e-02
2.660000e-01 -7.814526e-02
2.670000e-01 -7.890856e-02
2.680000e-01 -7.967523e-02
2.690000e-01 -8.044526e-02
2.700000e-01 -8.121862e-02
2.710000e-01 -8.199527e-02
2.720000e-01 -8.277521e-02
2.730000e-01 -8.355840e-02
2.740000e-01 -8.434481e-02
2.750000e-01 -8.513444e-02
2.760000e-01 -8.592724e-02
2.770000e-01 -8.672320e-02
2.780000e-01 -8.752229e-02
2.790000e-01 -8.832449e-02
2.800000e-01 -8.912977e-02
2.810000e-01 -8.993810e-02
2.820000e-01 -9.074947e-02
2.830000e-01 -9.156385e-02
2.840000e-01 -9.238122e-02
2.850000e-01 -9.320154e-02
2.860000e-01 -9.402480e-02
2.870000e-01 -9.485097e-02
2.880000e-01 -9.568003e-02
2.890000e-01 -9.651194e-02
2.900000e-01 -9.734670e-02
2.910000e-01 -9.818427e-02
2.920000e-01 -9.902463e-02
2.930000e-01 -9.986775e-02
2.940000e-01 -1.007136e-01
2.950000e-01 -1.015622e-01
2.960000e-01 -1.024134e-01
2.970000e-01 -1.032674e-01
2.980000e-01 -1.041240e-01
2.990000e-01 -1.049831e-01
3.000000e-01 -1.058449e-01
3.010000e-01 -1.067093e-01
3.020000e-01 -1.075762e-01
3.030000e-01 -1.084456e-01
3.040000e-01 -1.093175e-01
3.050000e-01 -1.101919e-01
3.060000e-01 -1.110687e-01
3.070000e-01 -1.119479e-01
3.080000e-01 -1.128296e-01
3.090000e-01 -1.137136e-01
3.100000e-01 -1.146000e-01
3.110000e-01 -1.154886e-01
3.120000e-01 -1.163796e-01
3.130000e-01 -1.172728e-01
3.140000e-01 -1.181681e-01
3.150000e-01 -1.190656e-01
3.160000e-01 -1.199651e-01
3.170000e-01 -1.208667e-01
3.180000e-01 -1.217701e-01
3.190000e-01 -1.226755e-01
3.200000e-01 -1.235827e-01
3.210000e-01 -1.244916e-01
3.220000e-01 -1.254023e-01
3.230000e-01 -1.263147e-01
3.240000e-01 -1.272287e-01
3.250000e-01 -1.281442e-01
3.260000e-01 -1.290613e-01
3.270000e-01 -1.299798e-01
3.280000e-01 -1.308997e-01
3.290000e-01 -1.318209e-01
3.300000e-01 -1.327434e-01
3.310000e-01 -1.336671e-01
3.320000e-01 -1.345920e-01
3.330000e-01 -1.355180e-01
3.340000e-01 -1.364451e-01
3.350000e-01 -1.373732e-01
3.360000e-01 -1.383022e-01
3.370000e-01 -1.392321e-01
3.380000e-01 -1.401629e-01
3.390000e-01 -1.410944e-01
3.400000e-01 -1.420267e-01
3.410000e-01 -1.429596e-01
3.420000e-01 -1.438932e-01
3.430000e-01 -1.448273e-01
3.440000e-01 -1.457619e-01
3.450000e-01 -1.466970e-01
3.460000e-01 -1.476325e-01
3.470000e-01 -1.485683e-01
3.480000e-01 -1.495044e-01
3.490000e-01 -1.504407e-01
3.500000e-01 -1.513772e-01
3.510000e-01 -1.523138e-01
3.520000e-01 -1.532505e-01
3.530000e-01 -1.541871e-01
3.540000e-01 -1.551238e-01
3.550000e-01 -1.560603e-01
3.560000e-01 -1.569967e-01
3.570000e-01 -1.579328e-01
3.580000e-01 -1.588687e-01
3.590000e-01 -1.598043e-01
3.600000e-01 -1.607395e-01
3.610000e-01 -1.616742e-01
3.620000e-01 -1.626085e-01
3.630000e-01 -1.635422e-01
3.640000e-01 -1.644753e-01
3.650000e-01 -1.654077e-01
3.660000e-01 -1.663395e-01
3.670000e-01 -1.672704e-01
3.680000e-01 -1.682006e-01
3.690000e-01 -1.691299e-01
3.700000e-01 -1.700582e-01
3.710000e-01 -1.709855e-01
3.720000e-01 -1.719118e-01
3.730000e-01 -1.728370e-01
3.740000e-01 -1.737611e-01
3.750000e-01 -1.746839e-01
3.760000e-01 -1.756055e-01
3.770000e-01 -1.765257e-01
3.780000e-01 -1.774446e-01
3.790000e-01 -1.783620e-01
3.800000e-01 -1.792779e-01
3.810000e-01 -1.801923e-01
3.820000e-01 -1.811050e-01
3.830000e-01 -1.820159e-01
3.840000e-01 -1.829251e-01
3.850000e-01 -1.838322e-01
3.860000e-01 -1.847373e-01
3.870000e-01 -1.856404e-01
3.880000e-01 -1.865411e-01
3.890000e-01 -1.874396e-01
3.900000e-01 -1.883357e-01
3.910000e-01 -1.892293e-01
3.920000e-01 -1.901202e-01
3.930000e-01 -1.910085e-01
3.940000e-01 -1.918941e-01
3.950000e-01 -1.927767e-01
3.960000e-01 -1.936564e-01
3.970000e-01 -1.945331e-01
3.980000e-01 -1.954066e-01
3.990000e-01 -1.962768e-01
4.000000e-01 -1.971437e-01
4.010000e-01 -1.980072e-01
4.020000e-01 -1.988672e-01
4.030000e-01 -1.997236e-01
4.040000e-01 -2.005763e-01
4.050000e-01 -2.014252e-01
4.060000e-01 -2.022701e-01
4.070000e-01 -2.031111e-01
4.080000e-01 -2.039481e-01
4.090000e-01 -2.047808e-01
4.100000e-01 -2.056094e-01
4.110000e-01 -2.064335e-01
4.120000e-01 -2.072532e-01
4.130000e-01 -2.080684e-01
4.140000e-01 -2.088789e-01
4.150000e-01 -2.096848e-01
4.160000e-01 -2.104858e-01
4.170000e-01 -2.112819e-01
4.180000e-01 -2.120730e-01
4.190000e-01 -2.128590e-01
4.200000e-01 -2.136398e-01
4.210000e-01 -2.144153e-01
4.220000e-01 -2.151855e-01
4.230000e-01 -2.159502e-01
4.240000e-01 -2.167093e-01
4.250000e-01 -2.174628e-01
4.260000e-01 -2.182106e-01
4.270000e-01 -2.189525e-01
4.280000e-01 -2.196885e-01
4.290000e-01 -2.204184e-01
4.300000e-01 -2.211423e-01
4.310000e-01 -2.218599e-01
4.320000e-01 -2.225713e-01
4.330000e-01 -2.232762e-01
4.340000e-01 -2.239747e-01
4.350000e-01 -2.246666e-01
4.360000e-01 -2.253518e-01
4.370000e-01 -2.260302e-01
4.380000e-01 -2.267018e-01
4.390000e-01 -2.273665e-01
4.400000e-01 -2.280241e-01
4.410000e-01 -2.286745e-01
4.420000e-01 -2.293178e-01
4.430000e-01 -2.299537e-01
4.440000e-01 -2.305822e-01
4.450000e-01 -2.312032e-01
4.460000e-01 -2.318166e-01
4.470000e-01 -2.324224e-01
4.480000e-01 -2.330203e-01
4.490000e-01 -2.336104e-01
4.500000e-01 -2.341924e-01
4.510000e-01 -2.347663e-01
4.520000e-01 -2.353320e-01
4.530000e-01 -2.358892e-01
4.540000e-01 -2.364378e-01
4.550000e-01 -2.369778e-01
4.560000e-01 -2.375089e-01
4.570000e-01 -2.380311e-01
4.580000e-01 -2.385441e-01
4.590000e-01 -2.390480e-01
4.600000e-01 -2.395424e-01
4.610000e-01 -2.400273e-01
4.620000e-01 -2.405025e-01
4.630000e-01 -2.409679e-01
4.640000e-01 -2.414234e-01
4.650000e-01 -2.418688e-01
4.660000e-01 -2.423040e-01
4.670000e-01 -2.427288e-01
4.680000e-01 -2.431432e-01
4.690000e-01 -2.435469e-01
4.700000e-01 -2.439398e-01
4.710000e-01 -2.443219e-01
4.720000e-01 -2.446928e-01
4.730000e-01 -2.450526e-01
4.740000e-01 -2.454011e-01
4.750000e-01 -2.457381e-01
4.760000e-01 -2.460635e-01
4.770000e-01 -2.463772e-01
4.780000e-01 -2.466790e-01
4.790000e-01 -2.469687e-01
4.800000e-01 -2.472463e-01
4.810000e-01 -2.475117e-01
4.820000e-01 -2.477645e-01
4.830000e-01 -2.480049e-01
4.840000e-01 -2.482325e-01
4.850000e-01 -2.484472e-01
4.860000e-01 -2.486490e-01
4.870000e-01 -2.488376e-01
4.880000e-01 -2.490130e-01
4.890000e-01 -2.491750e-01
4.900000e-01 -2.493234e-01
4.910000e-01 -2.494582e-01
4.920000e-01 -2.495792e-01
4.930000e-01 -2.496861e-01
4.940000e-01 -2.497790e-01
4.950000e-01 -2.498577e-01
4.960000e-01 -2.499220e-01
4.970000e-01 -2.499718e-01
4.980000e-01 -2.500069e-01
4.990000e-01 -2.500273e-01
5.000000e-01 -2.500327e-01
5.010000e-01 -2.500231e-01
5.020000e-01 -2.499982e-01
5.030000e-01 -2.499581e-01
5.040000e-01 -2.499024e-01
5.050000e-01 -2.498311e-01
5.060000e-01 -2.497441e-01
5.070000e-01 -2.496412e-01
5.080000e-01 -2.495222e-01
5.090000e-01 -2.493871e-01
5.100000e-01 -2.492357e-01
5.110000e-01 -2.490678e-01
5.120000e-01 -2.488833e-01
5.130000e-01 -2.486821e-01
5.140000e-01 -2.484641e-01
5.150000e-01 -2.482290e-01
5.160000e-01 -2.479768e-01
5.170000e-01 -2.477074e-01
5.180000e-01 -2.474205e-01
5.190000e-01 -2.471160e-01
5.200000e-01 -2.467937e-01
5.210000e-01 -2.464535e-01
5.220000e-01 -2.460951e-01
5.230000e-01 -2.457184e-01
5.240000e-01 -2.453232e-01
5.250000e-01 -2.449093e-01
5.260000e-01 -2.444765e-01
5.270000e-01 -2.440246e-01
5.280000e-01 -2.435535e-01
5.290000e-01 -2.430629e-01
5.300000e-01 -2.425527e-01
5.310000e-01 -2.420226e-01
5.320000e-01 -2.414726e-01
5.330000e-01 -2.409024e-01
5.340000e-01 -2.403118e-01
5.350000e-01 -2.397006e-01
5.360000e-01 -2.390688e-01
5.370000e-01 -2.384159e-01
5.380000e-01 -2.377420e-01
5.390000e-01 -2.370468e-01
5.400000e-01 -2.363301e-01
5.410000e-01 -2.355917e-01
5.420000e-01 -2.348314e-01
5.430000e-01 -2.340492e-01
5.440000e-01 -2.332447e-01
5.450000e-01 -2.324177e-01
5.460000e-01 -2.315682e-01
5.470000e-01 -2.306959e-01
5.480000e-01 -2.298007e-01
5.490000e-01 -2.288823e-01
5.500000e-01 -2.279405e-01
5.510000e-01 -2.269752e-01
5.520000e-01 -2.259863e-01
5.530000e-01 -2.249734e-01
5.540000e-01 -2.239364e-01
5.550000e-01 -2.228752e-01
5.560000e-01 -2.217895e-01
5.570000e-01 -2.206792e-01
5.580000e-01 -2.195441e-01
5.590000e-01 -2.183840e-01
5.600000e-01 -2.171986e-01
5.610000e-01 -2.159879e-01
5.620000e-01 -2.147517e-01
5.630000e-01 -2.134896e-01
5.640000e-01 -2.122017e-01
5.650000e-01 -2.108876e-01
5.660000e-01 -2.095472e-01
5.670000e-01 -2.081804e-01
5.680000e-01 -2.067868e-01
5.690000e-01 -2.053664e-01
5.700000e-01 -2.039190e-01
5.710000e-01 -2.024443e-01
5.720000e-01 -2.009422e-01
5.730000e-01 -1.994125e-01
5.740000e-01 -1.978550e-01
5.750000e-01 -1.962696e-01
5.760000e-01 -1.946560e-01
5.770000e-01 -1.930140e-01
5.780000e-01 -1.913435e-01
5.790000e-01 -1.896443e-01
5.800000e-01 -1.879162e-01
5.810000e-01 -1.861590e-01
5.820000e-01 -1.843726e-01
5.830000e-01 -1.825567e-01
5.840000e-01 -1.807111e-01
5.850000e-01 -1.788357e-01
5.860000e-01 -1.769303e-01
5.870000e-01 -1.749947e-01
5.880000e-01 -1.730287e-01
5.890000e-01 -1.710319e-01
5.900000e-01 -1.690042e-01
5.910000e-01 -1.669453e-01
5.920000e-01 -1.648549e-01
5.930000e-01 -1.627327e-01
5.940000e-01 -1.605786e-01
5.950000e-01 -1.583921e-01
5.960000e-01 -1.561732e-01
5.970000e-01 -1.539215e-01
5.980000e-01 -1.516367e-01
5.990000e-01 -1.493186e-01
6.000000e-01 -1.469670e-01
6.010000e-01 -1.445815e-01
6.020000e-01 -1.421620e-01
6.030000e-01 -1.397081e-01
6.040000e-01 -1.372196e-01
6.050000e-01 -1.346962e-01
6.060000e-01 -1.321377e-01
6.070000e-01 -1.295439e-01
6.080000e-01 -1.269143e-01
6.090000e-01 -1.242489e-01
6.100000e-01 -1.215473e-01
6.110000e-01 -1.188093e-01
6.120000e-01 -1.160346e-01
6.130000e-01 -1.132230e-01
6.140000e-01 -1.103742e-01
6.150000e-01 -1.074879e-01
6.160000e-01 -1.045638e-01
6.170000e-01 -1.016018e-01
6.180000e-01 -9.860156e-02
6.190000e-01 -9.556279e-02
6.200000e-01 -9.248526e-02
6.210000e-01 -8.936870e-02
6.220000e-01 -8.621286e-02
6.230000e-01 -8.301747e-02
6.240000e-01 -7.978227e-02
6.250000e-01 -7.650701e-02
6.260000e-01 -7.319142e-02
6.270000e-01 -6.983525e-02
6.280000e-01 -6.643823e-02
6.290000e-01 -6.300010e-02
6.300000e-01 -5.952061e-02
6.310000e-01 -5.599949e-02
6.320000e-01 -5.243648e-02
6.330000e-01 -4.883133e-02
6.340000e-01 -4.518377e-02
6.350000e-01 -4.149354e-02
6.360000e-01 -3.776039e-02
6.370000e-01 -3.398405e-02
6.380000e-01 -3.016426e-02
6.390000e-01 -2.630076e-02
6.400000e-01 -2.239330e-02
6.410000e-01 -1.844161e-02
6.420000e-01 -1.444543e-02
6.430000e-01 -1.040451e-02
6.440000e-01 -6.318574e-03
6.450000e-01 -2.187372e-03
6.460000e-01 1.989357e-03
6.470000e-01 6.211874e-03
6.480000e-01 1.048044e-02
6.490000e-01 1.479531e-02
6.500000e-01 1.915676e-02
6.510000e-01 2.356503e-02
6.520000e-01 2.802039e-02
6.530000e-01 3.252309e-02
6.540000e-01 3.707341e-02
6.550000e-01 4.167160e-02
6.560000e-01 4.631791e-02
6.570000e-01 5.101262e-02
6.580000e-01 5.575598e-02
6.590000e-01 6.054826e-02
6.600000e-01 6.538973e-02
6.610000e-01 7.028064e-02
6.620000e-01 7.522126e-02
6.630000e-01 8.021186e-02
6.640000e-01 8.525269e-02
6.650000e-01 9.034402e-02
6.660000e-01 9.548612e-02
6.670000e-01 1.006793e-01
6.680000e-01 1.059237e-01
6.690000e-01 1.112196e-01
6.700000e-01 1.165674e-01
6.710000e-01 1.219673e-01
6.720000e-01 1.274195e-01
6.730000e-01 1.329244e-01
6.740000e-01 1.384821e-01
6.750000e-01 1.440929e-01
6.760000e-01 1.497572e-01
6.770000e-01 1.554751e-01
6.780000e-01 1.612470e-01
6.790000e-01 1.670730e-01
6.800000e-01 1.729535e-01
6.810000e-01 1.788887e-01
6.820000e-01 1.848789e-01
6.830000e-01 1.909243e-01
6.840000e-01 1.970253e-01
6.850000e-01 2.031820e-01
6.860000e-01 2.093948e-01
6.870000e-01 2.156639e-01
6.880000e-01 2.219895e-01
6.890000e-01 2.283720e-01
6.900000e-01 2.348115e-01
6.910000e-01 2.413084e-01
6.920000e-01 2.478630e-01
6.930000e-01 2.544754e-01
6.940000e-01 2.611459e-01
6.950000e-01 2.678749e-01
6.960000e-01 2.746626e-01
6.970000e-01 2.815091e-01
6.980000e-01 2.884149e-01
6.990000e-01 2.953802e-01
7.000000e-01 3.024052e-01
7.010000e-01 3.094902e-01
7.020000e-01 3.166354e-01
7.030000e-01 3.238411e-01
7.040000e-01 3.311077e-01
7.050000e-01 3.384353e-01
7.060000e-01 3.458242e-01
7.070000e-01 3.532746e-01
7.080000e-01 3.607870e-01
7.090000e-01 3.683614e-01
7.100000e-01 3.759982e-01
7.110000e-01 3.836976e-01
7.120000e-01 3.914599e-01
7.130000e-01 3.992853e-01
7.140000e-01 4.071742e-01
7.150000e-01 4.151268e-01
7.160000e-01 4.231433e-01
7.170000e-01 4.312240e-01
7.180000e-01 4.393692e-01
7.190000e-01 4.475792e-01
7.200000e-01 4.558541e-01
7.210000e-01 4.641943e-01
7.220000e-01 4.726000e-01
7.230000e-01 4.810716e-01
7.240000e-01 4.896092e-01
7.250000e-01 4.982131e-01
7.260000e-01 5.068839e-01
7.270000e-01 5.156221e-01
7.280000e-01 5.244283e-01
7.290000e-01 5.333030e-01
7.300000e-01 5.422468e-01
7.310000e-01 5.512603e-01
7.320000e-01 5.603440e-01
7.330000e-01 5.694985e-01
7.340000e-01 5.787244e-01
7.350000e-01 5.880222e-01
7.360000e-01 5.973925e-01
7.370000e-01 6.068359e-01
7.380000e-01 6.163529e-01
7.390000e-01 6.259441e-01
7.400000e-01 6.356100e-01
7.410000e-01 6.453513e-01
7.420000e-01 6.551684e-01
7.430000e-01 6.650620e-01
7.440000e-01 6.750327e-01
7.450000e-01 6.850809e-01
7.460000e-01 6.952072e-01
7.470000e-01 7.054123e-01
7.480000e-01 7.156966e-01
7.490000e-01 7.260608e-01
7.500000e-01 7.365053e-01
7.510000e-01 7.470309e-01
7.520000e-01 7.576380e-01
7.530000e-01 7.683272e-01
7.540000e-01 7.790990e-01
7.550000e-01 7.899541e-01
7.560000e-01 8.008930e-01
7.570000e-01 8.119163e-01
7.580000e-01 8.230245e-01
7.590000e-01 8.342181e-01
7.600000e-01 8.454979e-01
7.610000e-01 8.568642e-01
7.620000e-01 8.683177e-01
7.630000e-01 8.798590e-01
7.640000e-01 8.914887e-01
7.650000e-01 9.032071e-01
7.660000e-01 9.150151e-01
7.670000e-01 9.269130e-01
7.680000e-01 9.389016e-01
7.690000e-01 9.509813e-01
7.700000e-01 9.631526e-01
7.710000e-01 9.754163e-01
7.720000e-01 9.877728e-01
7.730000e-01 1.000223e+00
7.740000e-01 1.012767e+00
7.750000e-01 1.025405e+00
7.760000e-01 1.038138e+00
7.770000e-01 1.050968e+00
7.780000e-01 1.063893e+00
7.790000e-01 1.076915e+00
7.800000e-01 1.090035e+00
7.810000e-01 1.103252e+00
7.820000e-01 1.116568e+00
7.830000e-01 1.129983e+00
7.840000e-01 1.143498e+00
7.850000e-01 1.157113e+00
7.860000e-01 1.170828e+00
7.870000e-01 1.184645e+00
7.880000e-01 1.198564e+00
7.890000e-01 1.212585e+00
7.900000e-01 1.226709e+00
7.910000e-01 1.240937e+00
7.920000e-01 1.255269e+00
7.930000e-01 1.269706e+00
7.940000e-01 1.284248e+00
7.950000e-01 1.298895e+00
7.960000e-01 1.313647e+00
7.970000e-01 1.328503e+00
7.980000e-01 1.343464e+00
7.990000e-01 1.358530e+00
8.000000e-01 1.373699e+00
8.010000e-01 1.388972e+00
8.020000e-01 1.404349e+00
8.030000e-01 1.419830e+00
8.040000e-01 1.435413e+00
8.050000e-01 1.451100e+00
8.060000e-01 1.466890e+00
8.070000e-01 1.482782e+00
8.080000e-01 1.498776e+00
8.090000e-01 1.514873e+00
8.100000e-01 1.531071e+00
8.110000e-01 1.547371e+00
8.120000e-01 1.563773e+00
8.130000e-01 1.580276e+00
8.140000e-01 1.596880e+00
8.150000e-01 1.613586e+00
8.160000e-01 1.630391e+00
8.170000e-01 1.647297e+00
8.180000e-01 1.664304e+00
8.190000e-01 1.681410e+00
8.200000e-01 1.698617e+00
8.210000e-01 1.715923e+00
8.220000e-01 1.733328e+00
8.230000e-01 1.750832e+00
8.240000e-01 1.768436e+00
8.250000e-01 1.786138e+00
8.260000e-01 1.803939e+00
8.270000e-01 1.821838e+00
8.280000e-01 1.839835e+00
8.290000e-01 1.857930e+00
8.300000e-01 1.876123e+00
8.310000e-01 1.894413e+00
8.320000e-01 1.912801e+00
8.330000e-01 1.931285e+00
8.340000e-01 1.949867e+00
8.350000e-01 1.968545e+00
8.360000e-01 1.987320e+00
8.370000e-01 2.006190e+00
8.380000e-01 2.025157e+00
8.390000e-01 2.044219e+00
8.400000e-01 2.063377e+00
8.410000e-01 2.082631e+00
8.420000e-01 2.101979e+00
8.430000e-01 2.121423e+00
8.440000e-01 2.140961e+00
8.450000e-01 2.160594e+00
8.460000e-01 2.180321e+00
8.470000e-01 2.200142e+00
8.480000e-01 2.220057e+00
8.490000e-01 2.240065e+00
8.500000e-01 2.260167e+00
8.510000e-01 2.280362e+00
8.520000e-01 2.300651e+00
8.530000e-01 2.321032e+00
8.540000e-01 2.341505e+00
8.550000e-01 2.362071e+00
8.560000e-01 2.382729e+00
8.570000e-01 2.403480e+00
8.580000e-01 2.424321e+00
8.590000e-01 2.445255e+00
8.600000e-01 2.466279e+00
8.610000e-01 2.487395e+00
8.620000e-01 2.508602e+00
8.630000e-01 2.529900e+00
8.640000e-01 2.551291e+00
8.650000e-01 2.572779e+00
8.660000e-01 2.594366e+00
8.670000e-01 2.616057e+00
8.680000e-01 2.637853e+00
8.690000e-01 2.659758e+00
8.700000e-01 2.681775e+00
8.710000e-01 2.703907e+00
8.720000e-01 2.726156e+00
8.730000e-01 2.748528e+00
8.740000e-01 2.771023e+00
8.750000e-01 2.793645e+00
8.760000e-01 2.816398e+00
8.770000e-01 2.839285e+00
8.780000e-01 2.862308e+00
8.790000e-01 2.885470e+00
8.800000e-01 2.908775e+00
8.810000e-01 2.932226e+00
8.820000e-01 2.955825e+00
8.830000e-01 2.979577e+00
8.840000e-01 3.003483e+00
8.850000e-01 3.027547e+00
8.860000e-01 3.051773e+00
8.870000e-01 3.076162e+00
8.880000e-01 3.100719e+00
8.890000e-01 3.125446e+00
8.900000e-01 3.150346e+00
8.910000e-01 3.175422e+00
8.920000e-01 3.200678e+00
8.930000e-01 3.226117e+00
8.940000e-01 3.251741e+00
8.950000e-01 3.277554e+00
8.960000e-01 3.303559e+00
8.970000e-01 3.329758e+00
8.980000e-01 3.356156e+00
8.990000e-01 3.382754e+00
9.000000e-01 3.409556e+00
9.010000e-01 3.436566e+00
9.020000e-01 3.463785e+00
9.030000e-01 3.491218e+00
9.040000e-01 3.518867e+00
9.050000e-01 3.546736e+00
9.060000e-01 3.574827e+00
9.070000e-01 3.603143e+00
9.080000e-01 3.631688e+00
9.090000e-01 3.660465e+00
9.100000e-01 3.689476e+00
9.110000e-01 3.718726e+00
9.120000e-01 3.748216e+00
9.130000e-01 3.777950e+00
9.140000e-01 3.807931e+00
9.150000e-01 3.838162e+00
9.160000e-01 3.868646e+00
9.170000e-01 3.899386e+00
9.180000e-01 3.930386e+00
9.190000e-01 3.961648e+00
9.200000e-01 3.993176e+00
9.210000e-01 4.024972e+00
9.220000e-01 4.057039e+00
9.230000e-01 4.089381e+00
9.240000e-01 4.122001e+00
9.250000e-01 4.154902e+00
9.260000e-01 4.188086e+00
9.270000e-01 4.221558e+00
9.280000e-01 4.255319e+00
9.290000e-01 4.289373e+00
9.300000e-01 4.323724e+00
9.310000e-01 4.358374e+00
9.320000e-01 4.393324e+00
9.330000e-01 4.428568e+00
9.340000e-01 4.464097e+00
9.350000e-01 4.499903e+00
9.360000e-01 4.535976e+00
9.370000e-01 4.572308e+00
9.380000e-01 4.608890e+00
9.390000e-01 4.645713e+00
9.400000e-01 4.682769e+00
9.410000e-01 4.720049e+00
9.420000e-01 4.757543e+00
9.430000e-01 4.795244e+00
9.440000e-01 4.833142e+00
9.450000e-01 4.871229e+00
9.460000e-01 4.909496e+00
9.470000e-01 4.947934e+00
9.480000e-01 4.986534e+00
9.490000e-01 5.025288e+00
9.500000e-01 5.064187e+00
9.510000e-01 5.103222e+00
9.520000e-01 5.142384e+00
9.530000e-01 5.181664e+00
9.540000e-01 5.221055e+00
9.550000e-01 5.260546e+00
9.560000e-01 5.300130e+00
9.570000e-01 5.339797e+00
9.580000e-01 5.379538e+00
9.590000e-01 5.419346e+00
9.600000e-01 5.459211e+00
9.610000e-01 5.499124e+00
9.620000e-01 5.539077e+00
9.630000e-01 5.579060e+00
9.640000e-01 5.619066e+00
9.650000e-01 5.659085e+00
9.660000e-01 5.699109e+00
9.670000e-01 5.739128e+00
9.680000e-01 5.779134e+00
9.690000e-01 5.819119e+00
9.700000e-01 5.859073e+00
9.710000e-01 5.898987e+00
9.720000e-01 5.938854e+00
9.730000e-01 5.978664e+00
9.740000e-01 6.018408e+00
9.750000e-01 6.058078e+00
9.760000e-01 6.097664e+00
9.770000e-01 6.137159e+00
9.780000e-01 6.176553e+00
9.790000e-01 6.215838e+00
9.800000e-01 6.255004e+00
9.810000e-01 6.294043e+00
9.820000e-01 6.332947e+00
9.830000e-01 6.371706e+00
9.840000e-01 6.410312e+00
9.850000e-01 6.448755e+00
9.860000e-01 6.487028e+00
9.870000e-01 6.525121e+00
9.880000e-01 6.563026e+00
9.890000e-01 6.600734e+00
9.900000e-01 6.638236e+00
9.910000e-01 6.675523e+00
9.920000e-01 6.712587e+00
9.930000e-01 6.749418e+00
9.940000e-01 6.786009e+00
9.950000e-01 6.822349e+00
9.960000e-01 6.858432e+00
9.970000e-01 6.894247e+00
9.980000e-01 6.929785e+00
9.990000e-01 6.965040e+00
