-1.000000e+00 9.090909e-02
-9.990000e-01 9.110067e-02
-9.980000e-01 9.129137e-02
-9.970000e-01 9.148121e-02
-9.960000e-01 9.167022e-02
-9.950000e-01 9.185843e-02
-9.940000e-01 9.204586e-02
-9.930000e-01 9.223253e-02
-9.920000e-01 9.241848e-02
-9.910000e-01 9.260374e-02
-9.900000e-01 9.278832e-02
-9.890000e-01 9.297225e-02
-9.880000e-01 9.315556e-02
-9.870000e-01 9.333828e-02
-9.860000e-01 9.352044e-02
-9.850000e-01 9.370205e-02
-9.840000e-01 9.388315e-02
-9.830000e-01 9.406376e-02
-9.820000e-01 9.424390e-02
-9.810000e-01 9.442362e-02
-9.800000e-01 9.460292e-02
-9.790000e-01 9.478185e-02
-9.780000e-01 9.496041e-02
-9.770000e-01 9.513865e-02
-9.760000e-01 9.531659e-02
-9.750000e-01 9.549424e-02
-9.740000e-01 9.567165e-02
-9.730000e-01 9.584884e-02
-9.720000e-01 9.602582e-02
-9.710000e-01 9.620264e-02
-9.700000e-01 9.637931e-02
-9.690000e-01 9.655586e-02
-9.680000e-01 9.673232e-02
-9.670000e-01 9.690871e-02
-9.660000e-01 9.708507e-02
-9.650000e-01 9.726141e-02
-9.640000e-01 9.743777e-02
-9.630000e-01 9.761417e-02
-9.620000e-01 9.779063e-02
-9.610000e-01 9.796719e-02
-9.600000e-01 9.814386e-02
-9.590000e-01 9.832068e-02
-9.580000e-01 9.849767e-02
-9.570000e-01 9.867486e-02
-9.560000e-01 9.885228e-02
-9.550000e-01 9.902995e-02
-9.540000e-01 9.920789e-02
-9.530000e-01 9.938614e-02
-9.520000e-01 9.956472e-02
-9.510000e-01 9.974366e-02
-9.500000e-01 9.992297e-02
-9.490000e-01 1.001027e-01
-9.480000e-01 1.002829e-01
-9.470000e-01 1.004635e-01
-9.460000e-01 1.006446e-01
-9.450000e-01 1.008262e-01
-9.440000e-01 1.010084e-01
-9.430000e-01 1.011912e-01
-9.420000e-01 1.013745e-01
-9.410000e-01 1.015584e-01
-9.400000e-01 1.017430e-01
-9.390000e-01 1.019283e-01
-9.380000e-01 1.021143e-01
-9.370000e-01 1.023010e-01
-9.360000e-01 1.024884e-01
-9.350000e-01 1.026767e-01
-9.340000e-01 1.028657e-01
-9.330000e-01 1.030556e-01
-9.320000e-01 1.032463e-01
-9.310000e-01 1.034379e-01
-9.300000e-01 1.036305e-01
-9.290000e-01 1.038239e-01
-9.280000e-01 1.040182e-01
-9.270000e-01 1.042134e-01
-9.260000e-01 1.044095e-01
-9.250000e-01 1.046065e-01
-9.240000e-01 1.048044e-01
-9.230000e-01 1.050032e-01
-9.220000e-01 1.052028e-01
-9.210000e-01 1.054034e-01
-9.200000e-01 1.056047e-01
-9.190000e-01 1.058070e-01
-9.180000e-01 1.060101e-01
-9.170000e-01 1.062140e-01
-9.160000e-01 1.064188e-01
-9.150000e-01 1.066245e-01
-9.140000e-01 1.068309e-01
-9.130000e-01 1.070383e-01
-9.120000e-01 1.072464e-01
-9.110000e-01 1.074554e-01
-9.100000e-01 1.076652e-01
-9.090000e-01 1.078758e-01
-9.080000e-01 1.080873e-01
-9.070000e-01 1.082995e-01
-9.060000e-01 1.085126e-01
-9.050000e-01 1.087264e-01
-9.040000e-01 1.089411e-01
-9.030000e-01 1.091565e-01
-9.020000e-01 1.093727e-01
-9.010000e-01 1.095897e-01
-9.000000e-01 1.098075e-01
-8.990000e-01 1.100261e-01
-8.980000e-01 1.102454e-01
-8.970000e-01 1.104655e-01
-8.960000e-01 1.106864e-01
-8.950000e-01 1.109080e-01
-8.940000e-01 1.111304e-01
-8.930000e-01 1.113535e-01
-8.920000e-01 1.115774e-01
-8.910000e-01 1.118020e-01
-8.900000e-01 1.120273e-01
-8.890000e-01 1.122534e-01
-8.880000e-01 1.124802e-01
-8.870000e-01 1.127077e-01
-8.860000e-01 1.129360e-01
-8.850000e-01 1.131649e-01
-8.840000e-01 1.133946e-01
-8.830000e-01 1.136250e-01
-8.820000e-01 1.138560e-01
-8.810000e-01 1.140878e-01
-8.800000e-01 1.143203e-01
-8.790000e-01 1.145534e-01
-8.780000e-01 1.147872e-01
-8.770000e-01 1.150217e-01
-8.760000e-01 1.152569e-01
-8.750000e-01 1.154928e-01
-8.740000e-01 1.157293e-01
-8.730000e-01 1.159665e-01
-8.720000e-01 1.162043e-01
-8.710000e-01 1.164428e-01
-8.700000e-01 1.166820e-01
-8.690000e-01 1.169217e-01
-8.680000e-01 1.171622e-01
-8.670000e-01 1.174032e-01
-8.660000e-01 1.176449e-01
-8.650000e-01 1.178872e-01
-8.640000e-01 1.181302e-01
-8.630000e-01 1.183737e-01
-8.620000e-01 1.186179e-01
-8.610000e-01 1.188627e-01
-8.600000e-01 1.191081e-01
-8.590000e-01 1.193541e-01
-8.580000e-01 1.196007e-01
-8.570000e-01 1.198480e-01
-8.560000e-01 1.200959e-01
-8.550000e-01 1.203445e-01
-8.540000e-01 1.205936e-01
-8.530000e-01 1.208435e-01
-8.520000e-01 1.210940e-01
-8.510000e-01 1.213451e-01
-8.500000e-01 1.215969e-01
-8.490000e-01 1.218494e-01
-8.480000e-01 1.221025e-01
-8.470000e-01 1.223564e-01
-8.460000e-01 1.226109e-01
-8.450000e-01 1.228661e-01
-8.440000e-01 1.231220e-01
-8.430000e-01 1.233785e-01
-8.420000e-01 1.236358e-01
-8.410000e-01 1.238938e-01
-8.400000e-01 1.241525e-01
-8.390000e-01 1.244120e-01
-8.380000e-01 1.246721e-01
-8.370000e-01 1.249330e-01
-8.360000e-01 1.251946e-01
-8.350000e-01 1.254569e-01
-8.340000e-01 1.257200e-01
-8.330000e-01 1.259838e-01
-8.320000e-01 1.262483e-01
-8.310000e-01 1.265137e-01
-8.300000e-01 1.267797e-01
-8.290000e-01 1.270466e-01
-8.280000e-01 1.273142e-01
-8.270000e-01 1.275826e-01
-8.260000e-01 1.278517e-01
-8.250000e-01 1.281217e-01
-8.240000e-01 1.283924e-01
-8.230000e-01 1.286640e-01
-8.220000e-01 1.289363e-01
-8.210000e-01 1.292094e-01
-8.200000e-01 1.294834e-01
-8.190000e-01 1.297581e-01
-8.180000e-01 1.300337e-01
-8.170000e-01 1.303101e-01
-8.160000e-01 1.305873e-01
-8.150000e-01 1.308653e-01
-8.140000e-01 1.311442e-01
-8.130000e-01 1.314239e-01
-8.120000e-01 1.317045e-01
-8.110000e-01 1.319859e-01
-8.100000e-01 1.322682e-01
-8.090000e-01 1.325514e-01
-8.080000e-01 1.328354e-01
-8.070000e-01 1.331202e-01
-8.060000e-01 1.334060e-01
-8.050000e-01 1.336926e-01
-8.040000e-01 1.339801e-01
-8.030000e-01 1.342685e-01
-8.020000e-01 1.345578e-01
-8.010000e-01 1.348480e-01
-8.000000e-01 1.351391e-01
-7.990000e-01 1.354312e-01
-7.980000e-01 1.357241e-01
-7.970000e-01 1.360179e-01
-7.960000e-01 1.363127e-01
-7.950000e-01 1.366084e-01
-7.940000e-01 1.369050e-01
-7.930000e-01 1.372026e-01
-7.920000e-01 1.375011e-01
-7.910000e-01 1.378005e-01
-7.900000e-01 1.381009e-01
-7.890000e-01 1.384023e-01
-7.880000e-01 1.387046e-01
-7.870000e-01 1.390079e-01
-7.860000e-01 1.393121e-01
-7.850000e-01 1.396173e-01
-7.840000e-01 1.399235e-01
-7.830000e-01 1.402307e-01
-7.820000e-01 1.405388e-01
-7.810000e-01 1.408479e-01
-7.800000e-01 1.411580e-01
-7.790000e-01 1.414691e-01
-7.780000e-01 1.417812e-01
-7.770000e-01 1.420943e-01
-7.760000e-01 1.424084e-01
-7.750000e-01 1.427235e-01
-7.740000e-01 1.430396e-01
-7.730000e-01 1.433567e-01
-7.720000e-01 1.436748e-01
-7.710000e-01 1.439939e-01
-7.700000e-01 1.443141e-01
-7.690000e-01 1.446353e-01
-7.680000e-01 1.449575e-01
-7.670000e-01 1.452808e-01
-7.660000e-01 1.456051e-01
-7.650000e-01 1.459304e-01
-7.640000e-01 1.462568e-01
-7.630000e-01 1.465842e-01
-7.620000e-01 1.469127e-01
-7.610000e-01 1.472423e-01
-7.600000e-01 1.475729e-01
-7.590000e-01 1.479045e-01
-7.580000e-01 1.482373e-01
-7.570000e-01 1.485711e-01
-7.560000e-01 1.489059e-01
-7.550000e-01 1.492419e-01
-7.540000e-01 1.495789e-01
-7.530000e-01 1.499171e-01
-7.520000e-01 1.502563e-01
-7.510000e-01 1.505966e-01
-7.500000e-01 1.509380e-01
-7.490000e-01 1.512805e-01
-7.480000e-01 1.516241e-01
-7.470000e-01 1.519688e-01
-7.460000e-01 1.523146e-01
-7.450000e-01 1.526616e-01
-7.440000e-01 1.530096e-01
-7.430000e-01 1.533588e-01
-7.420000e-01 1.537091e-01
-7.410000e-01 1.540605e-01
-7.400000e-01 1.544131e-01
-7.390000e-01 1.547668e-01
-7.380000e-01 1.551216e-01
-7.370000e-01 1.554776e-01
-7.360000e-01 1.558348e-01
-7.350000e-01 1.561930e-01
-7.340000e-01 1.565525e-01
-7.330000e-01 1.569131e-01
-7.320000e-01 1.572749e-01
-7.310000e-01 1.576378e-01
-7.300000e-01 1.580019e-01
-7.290000e-01 1.583672e-01
-7.280000e-01 1.587336e-01
-7.270000e-01 1.591012e-01
-7.260000e-01 1.594700e-01
-7.250000e-01 1.598400e-01
-7.240000e-01 1.602112e-01
-7.230000e-01 1.605836e-01
-7.220000e-01 1.609572e-01
-7.210000e-01 1.613320e-01
-7.200000e-01 1.617080e-01
-7.190000e-01 1.620853e-01
-7.180000e-01 1.624637e-01
-7.170000e-01 1.628434e-01
-7.160000e-01 1.632243e-01
-7.150000e-01 1.636065e-01
-7.140000e-01 1.639899e-01
-7.130000e-01 1.643746e-01
-7.120000e-01 1.647605e-01
-7.110000e-01 1.651477e-01
-7.100000e-01 1.655361e-01
-7.090000e-01 1.659259e-01
-7.080000e-01 1.663169e-01
-7.070000e-01 1.667092e-01
-7.060000e-01 1.671028e-01
-7.050000e-01 1.674977e-01
-7.040000e-01 1.678939e-01
-7.030000e-01 1.682914e-01
-7.020000e-01 1.686902e-01
-7.010000e-01 1.690904e-01
-7.000000e-01 1.694919e-01
-6.990000e-01 1.698947e-01
-6.980000e-01 1.702988e-01
-6.970000e-01 1.707043e-01
-6.960000e-01 1.711112e-01
-6.950000e-01 1.715194e-01
-6.940000e-01 1.719290e-01
-6.930000e-01 1.723399e-01
-6.920000e-01 1.727522e-01
-6.910000e-01 1.731659e-01
-6.900000e-01 1.735810e-01
-6.890000e-01 1.739975e-01
-6.880000e-01 1.744154e-01
-6.870000e-01 1.748346e-01
-6.860000e-01 1.752553e-01
-6.850000e-01 1.756774e-01
-6.840000e-01 1.761009e-01
-6.830000e-01 1.765259e-01
-6.820000e-01 1.769523e-01
-6.810000e-01 1.773801e-01
-6.800000e-01 1.778094e-01
-6.790000e-01 1.782401e-01
-6.780000e-01 1.786722e-01
-6.770000e-01 1.791059e-01
-6.760000e-01 1.795410e-01
-6.750000e-01 1.799775e-01
-6.740000e-01 1.804156e-01
-6.730000e-01 1.808551e-01
-6.720000e-01 1.812961e-01
-6.710000e-01 1.817386e-01
-6.700000e-01 1.821826e-01
-6.690000e-01 1.826282e-01
-6.680000e-01 1.830752e-01
-6.670000e-01 1.835238e-01
-6.660000e-01 1.839738e-01
-6.650000e-01 1.844254e-01
-6.640000e-01 1.848786e-01
-6.630000e-01 1.853333e-01
-6.620000e-01 1.857895e-01
-6.610000e-01 1.862473e-01
-6.600000e-01 1.867066e-01
-6.590000e-01 1.871676e-01
-6.580000e-01 1.876300e-01
-6.570000e-01 1.880941e-01
-6.560000e-01 1.885597e-01
-6.550000e-01 1.890270e-01
-6.540000e-01 1.894958e-01
-6.530000e-01 1.899662e-01
-6.520000e-01 1.904383e-01
-6.510000e-01 1.909119e-01
-6.500000e-01 1.913872e-01
-6.490000e-01 1.918641e-01
-6.480000e-01 1.923426e-01
-6.470000e-01 1.928228e-01
-6.460000e-01 1.933047e-01
-6.450000e-01 1.937882e-01
-6.440000e-01 1.942734e-01
-6.430000e-01 1.947602e-01
-6.420000e-01 1.952488e-01
-6.410000e-01 1.957390e-01
-6.400000e-01 1.962310e-01
-6.390000e-01 1.967246e-01
-6.380000e-01 1.972200e-01
-6.370000e-01 1.977171e-01
-6.360000e-01 1.982159e-01
-6.350000e-01 1.987164e-01
-6.340000e-01 1.992188e-01
-6.330000e-01 1.997228e-01
-6.320000e-01 2.002286e-01
-6.310000e-01 2.007362e-01
-6.300000e-01 2.012456e-01
-6.290000e-01 2.017567e-01
-6.280000e-01 2.022697e-01
-6.270000e-01 2.027844e-01
-6.260000e-01 2.033010e-01
-6.250000e-01 2.038193e-01
-6.240000e-01 2.043395e-01
-6.230000e-01 2.048615e-01
-6.220000e-01 2.053854e-01
-6.210000e-01 2.059111e-01
-6.200000e-01 2.064386e-01
-6.190000e-01 2.069680e-01
-6.180000e-01 2.074993e-01
-6.170000e-01 2.080325e-01
-6.160000e-01 2.085675e-01
-6.150000e-01 2.091044e-01
-6.140000e-01 2.096432e-01
-6.130000e-01 2.101840e-01
-6.120000e-01 2.107266e-01
-6.110000e-01 2.112712e-01
-6.100000e-01 2.118177e-01
-6.090000e-01 2.123661e-01
-6.080000e-01 2.129165e-01
-6.070000e-01 2.134688e-01
-6.060000e-01 2.140231e-01
-6.050000e-01 2.145794e-01
-6.040000e-01 2.151376e-01
-6.030000e-01 2.156978e-01
-6.020000e-01 2.162600e-01
-6.010000e-01 2.168242e-01
-6.000000e-01 2.173904e-01
-5.990000e-01 2.179586e-01
-5.980000e-01 2.185289e-01
-5.970000e-01 2.191011e-01
-5.960000e-01 2.196754e-01
-5.950000e-01 2.202518e-01
-5.940000e-01 2.208302e-01
-5.930000e-01 2.214106e-01
-5.920000e-01 2.219931e-01
-5.910000e-01 2.225777e-01
-5.900000e-01 2.231644e-01
-5.890000e-01 2.237531e-01
-5.880000e-01 2.243440e-01
-5.870000e-01 2.249370e-01
-5.860000e-01 2.255320e-01
-5.850000e-01 2.261292e-01
-5.840000e-01 2.267285e-01
-5.830000e-01 2.273300e-01
-5.820000e-01 2.279336e-01
-5.810000e-01 2.285394e-01
-5.800000e-01 2.291473e-01
-5.790000e-01 2.297574e-01
-5.780000e-01 2.303698e-01
-5.770000e-01 2.309843e-01
-5.760000e-01 2.316010e-01
-5.750000e-01 2.322199e-01
-5.740000e-01 2.328411e-01
-5.730000e-01 2.334645e-01
-5.720000e-01 2.340902e-01
-5.710000e-01 2.347181e-01
-5.700000e-01 2.353483e-01
-5.690000e-01 2.359808e-01
-5.680000e-01 2.366156e-01
-5.670000e-01 2.372527e-01
-5.660000e-01 2.378920e-01
-5.650000e-01 2.385338e-01
-5.640000e-01 2.391778e-01
-5.630000e-01 2.398242e-01
-5.620000e-01 2.404729e-01
-5.610000e-01 2.411240e-01
-5.600000e-01 2.417775e-01
-5.590000e-01 2.424334e-01
-5.580000e-01 2.430916e-01
-5.570000e-01 2.437523e-01
-5.560000e-01 2.444153e-01
-5.550000e-01 2.450808e-01
-5.540000e-01 2.457487e-01
-5.530000e-01 2.464191e-01
-5.520000e-01 2.470919e-01
-5.510000e-01 2.477672e-01
-5.500000e-01 2.484450e-01
-5.490000e-01 2.491252e-01
-5.480000e-01 2.498079e-01
-5.470000e-01 2.504932e-01
-5.460000e-01 2.511809e-01
-5.450000e-01 2.518712e-01
-5.440000e-01 2.525640e-01
-5.430000e-01 2.532594e-01
-5.420000e-01 2.539573e-01
-5.410000e-01 2.546578e-01
-5.400000e-01 2.553608e-01
-5.390000e-01 2.560665e-01
-5.380000e-01 2.567747e-01
-5.370000e-01 2.574855e-01
-5.360000e-01 2.581990e-01
-5.350000e-01 2.589151e-01
-5.340000e-01 2.596338e-01
-5.330000e-01 2.603552e-01
-5.320000e-01 2.610792e-01
-5.310000e-01 2.618059e-01
-5.300000e-01 2.625352e-01
-5.290000e-01 2.632673e-01
-5.280000e-01 2.640020e-01
-5.270000e-01 2.647395e-01
-5.260000e-01 2.654797e-01
-5.250000e-01 2.662226e-01
-5.240000e-01 2.669682e-01
-5.230000e-01 2.677166e-01
-5.220000e-01 2.684677e-01
-5.210000e-01 2.692216e-01
-5.200000e-01 2.699783e-01
-5.190000e-01 2.707378e-01
-5.180000e-01 2.715001e-01
-5.170000e-01 2.722652e-01
-5.160000e-01 2.730331e-01
-5.150000e-01 2.738038e-01
-5.140000e-01 2.745774e-01
-5.130000e-01 2.753538e-01
-5.120000e-01 2.761331e-01
-5.110000e-01 2.769153e-01
-5.100000e-01 2.777004e-01
-5.090000e-01 2.784884e-01
-5.080000e-01 2.792793e-01
-5.070000e-01 2.800731e-01
-5.060000e-01 2.808699e-01
-5.050000e-01 2.816696e-01
-5.040000e-01 2.824723e-01
-5.030000e-01 2.832780e-01
-5.020000e-01 2.840867e-01
-5.010000e-01 2.848984e-01
-5.000000e-01 2.857131e-01
-4.990000e-01 2.865309e-01
-4.980000e-01 2.873517e-01
-4.970000e-01 2.881755e-01
-4.960000e-01 2.890025e-01
-4.950000e-01 2.898325e-01
-4.940000e-01 2.906656e-01
-4.930000e-01 2.915018e-01
-4.920000e-01 2.923411e-01
-4.910000e-01 2.931836e-01
-4.900000e-01 2.940292e-01
-4.890000e-01 2.948780e-01
-4.880000e-01 2.957299e-01
-4.870000e-01 2.965850e-01
-4.860000e-01 2.974434e-01
-4.850000e-01 2.983049e-01
-4.840000e-01 2.991697e-01
-4.830000e-01 3.000377e-01
-4.820000e-01 3.009089e-01
-4.810000e-01 3.017834e-01
-4.800000e-01 3.026612e-01
-4.790000e-01 3.035422e-01
-4.780000e-01 3.044266e-01
-4.770000e-01 3.053142e-01
-4.760000e-01 3.062052e-01
-4.750000e-01 3.070995e-01
-4.740000e-01 3.079972e-01
-4.730000e-01 3.088982e-01
-4.720000e-01 3.098026e-01
-4.710000e-01 3.107104e-01
-4.700000e-01 3.116216e-01
-4.690000e-01 3.125362e-01
-4.680000e-01 3.134542e-01
-4.670000e-01 3.143757e-01
-4.660000e-01 3.153006e-01
-4.650000e-01 3.162290e-01
-4.640000e-01 3.171608e-01
-4.630000e-01 3.180961e-01
-4.620000e-01 3.190350e-01
-4.610000e-01 3.199773e-01
-4.600000e-01 3.209232e-01
-4.590000e-01 3.218726e-01
-4.580000e-01 3.228255e-01
-4.570000e-01 3.237820e-01
-4.560000e-01 3.247421e-01
-4.550000e-01 3.257058e-01
-4.540000e-01 3.266730e-01
-4.530000e-01 3.276439e-01
-4.520000e-01 3.286184e-01
-4.510000e-01 3.295966e-01
-4.500000e-01 3.305784e-01
-4.490000e-01 3.315638e-01
-4.480000e-01 3.325530e-01
-4.470000e-01 3.335458e-01
-4.460000e-01 3.345423e-01
-4.450000e-01 3.355425e-01
-4.440000e-01 3.365465e-01
-4.430000e-01 3.375542e-01
-4.420000e-01 3.385657e-01
-4.410000e-01 3.395809e-01
-4.400000e-01 3.405999e-01
-4.390000e-01 3.416227e-01
-4.380000e-01 3.426494e-01
-4.370000e-01 3.436798e-01
-4.360000e-01 3.447141e-01
-4.350000e-01 3.457522e-01
-4.340000e-01 3.467942e-01
-4.330000e-01 3.478400e-01
-4.320000e-01 3.488898e-01
-4.310000e-01 3.499434e-01
-4.300000e-01 3.510010e-01
-4.290000e-01 3.520625e-01
-4.280000e-01 3.531279e-01
-4.270000e-01 3.541973e-01
-4.260000e-01 3.552706e-01
-4.250000e-01 3.563480e-01
-4.240000e-01 3.574293e-01
-4.230000e-01 3.585146e-01
-4.220000e-01 3.596040e-01
-4.210000e-01 3.606974e-01
-4.200000e-01 3.617948e-01
-4.190000e-01 3.628963e-01
-4.180000e-01 3.640019e-01
-4.170000e-01 3.651116e-01
-4.160000e-01 3.662253e-01
-4.150000e-01 3.673432e-01
-4.140000e-01 3.684652e-01
-4.130000e-01 3.695914e-01
-4.120000e-01 3.707217e-01
-4.110000e-01 3.718562e-01
-4.100000e-01 3.729948e-01
-4.090000e-01 3.741377e-01
-4.080000e-01 3.752847e-01
-4.070000e-01 3.764360e-01
-4.060000e-01 3.775915e-01
-4.050000e-01 3.787513e-01
-4.040000e-01 3.799153e-01
-4.030000e-01 3.810836e-01
-4.020000e-01 3.822562e-01
-4.010000e-01 3.834331e-01
-4.000000e-01 3.846143e-01
-3.990000e-01 3.857999e-01
-3.980000e-01 3.869897e-01
-3.970000e-01 3.881840e-01
-3.960000e-01 3.893826e-01
-3.950000e-01 3.905856e-01
-3.940000e-01 3.917929e-01
-3.930000e-01 3.930047e-01
-3.920000e-01 3.942209e-01
-3.910000e-01 3.954416e-01
-3.900000e-01 3.966667e-01
-3.890000e-01 3.978962e-01
-3.880000e-01 3.991302e-01
-3.870000e-01 4.003687e-01
-3.860000e-01 4.016118e-01
-3.850000e-01 4.028593e-01
-3.840000e-01 4.041113e-01
-3.830000e-01 4.053679e-01
-3.820000e-01 4.066291e-01
-3.810000e-01 4.078948e-01
-3.800000e-01 4.091651e-01
-3.790000e-01 4.104400e-01
-3.780000e-01 4.117195e-01
-3.770000e-01 4.130037e-01
-3.760000e-01 4.142924e-01
-3.750000e-01 4.155858e-01
-3.740000e-01 4.168838e-01
-3.730000e-01 4.181864e-01
-3.720000e-01 4.194937e-01
-3.710000e-01 4.208057e-01
-3.700000e-01 4.221223e-01
-3.690000e-01 4.234436e-01
-3.680000e-01 4.247696e-01
-3.670000e-01 4.261003e-01
-3.660000e-01 4.274357e-01
-3.650000e-01 4.287757e-01
-3.640000e-01 4.301205e-01
-3.630000e-01 4.314700e-01
-3.620000e-01 4.328243e-01
-3.610000e-01 4.341832e-01
-3.600000e-01 4.355469e-01
-3.590000e-01 4.369154e-01
-3.580000e-01 4.382886e-01
-3.570000e-01 4.396666e-01
-3.560000e-01 4.410493e-01
-3.550000e-01 4.424369e-01
-3.540000e-01 4.438292e-01
-3.530000e-01 4.452263e-01
-3.520000e-01 4.466282e-01
-3.510000e-01 4.480349e-01
-3.500000e-01 4.494465e-01
-3.490000e-01 4.508628e-01
-3.480000e-01 4.522840e-01
-3.470000e-01 4.537101e-01
-3.460000e-01 4.551409e-01
-3.450000e-01 4.565767e-01
-3.440000e-01 4.580173e-01
-3.430000e-01 4.594627e-01
-3.420000e-01 4.609131e-01
-3.410000e-01 4.623683e-01
-3.400000e-01 4.638284e-01
-3.390000e-01 4.652935e-01
-3.380000e-01 4.667634e-01
-3.370000e-01 4.682382e-01
-3.360000e-01 4.697180e-01
-3.350000e-01 4.712027e-01
-3.340000e-01 4.726923e-01
-3.330000e-01 4.741869e-01
-3.320000e-01 4.756864e-01
-3.310000e-01 4.771909e-01
-3.300000e-01 4.787004e-01
-3.290000e-01 4.802148e-01
-3.280000e-01 4.817342e-01
-3.270000e-01 4.832586e-01
-3.260000e-01 4.847880e-01
-3.250000e-01 4.863224e-01
-3.240000e-01 4.878618e-01
-3.230000e-01 4.894063e-01
-3.220000e-01 4.909557e-01
-3.210000e-01 4.925102e-01
-3.200000e-01 4.940698e-01
-3.190000e-01 4.956343e-01
-3.180000e-01 4.972040e-01
-3.170000e-01 4.987787e-01
-3.160000e-01 5.003585e-01
-3.150000e-01 5.019433e-01
-3.140000e-01 5.035333e-01
-3.130000e-01 5.051283e-01
-3.120000e-01 5.067285e-01
-3.110000e-01 5.083338e-01
-3.100000e-01 5.099441e-01
-3.090000e-01 5.115596e-01
-3.080000e-01 5.131802e-01
-3.070000e-01 5.148059e-01
-3.060000e-01 5.164366e-01
-3.050000e-01 5.180725e-01
-3.040000e-01 5.197133e-01
-3.030000e-01 5.213592e-01
-3.020000e-01 5.230101e-01
-3.010000e-01 5.246660e-01
-3.000000e-01 5.263268e-01
-2.990000e-01 5.279926e-01
-2.980000e-01 5.296634e-01
-2.970000e-01 5.313391e-01
-2.960000e-01 5.330198e-01
-2.950000e-01 5.347053e-01
-2.940000e-01 5.363957e-01
-2.930000e-01 5.380910e-01
-2.920000e-01 5.397912e-01
-2.910000e-01 5.414962e-01
-2.900000e-01 5.432060e-01
-2.890000e-01 5.449207e-01
-2.880000e-01 5.466401e-01
-2.870000e-01 5.483644e-01
-2.860000e-01 5.500934e-01
-2.850000e-01 5.518271e-01
-2.840000e-01 5.535656e-01
-2.830000e-01 5.553088e-01
-2.820000e-01 5.570568e-01
-2.810000e-01 5.588094e-01
-2.800000e-01 5.605667e-01
-2.790000e-01 5.623286e-01
-2.780000e-01 5.640952e-01
-2.770000e-01 5.658664e-01
-2.760000e-01 5.676423e-01
-2.750000e-01 5.694227e-01
-2.740000e-01 5.712078e-01
-2.730000e-01 5.729974e-01
-2.720000e-01 5.747915e-01
-2.710000e-01 5.765902e-01
-2.700000e-01 5.783935e-01
-2.690000e-01 5.802012e-01
-2.680000e-01 5.820134e-01
-2.670000e-01 5.838302e-01
-2.660000e-01 5.856513e-01
-2.650000e-01 5.874770e-01
-2.640000e-01 5.893070e-01
-2.630000e-01 5.911415e-01
-2.620000e-01 5.929804e-01
-2.610000e-01 5.948237e-01
-2.600000e-01 5.966713e-01
-2.590000e-01 5.985233e-01
-2.580000e-01 6.003797e-01
-2.570000e-01 6.022403e-01
-2.560000e-01 6.041053e-01
-2.550000e-01 6.059746e-01
-2.540000e-01 6.078482e-01
-2.530000e-01 6.097260e-01
-2.520000e-01 6.116081e-01
-2.510000e-01 6.134945e-01
-2.500000e-01 6.153850e-01
-2.490000e-01 6.172798e-01
-2.480000e-01 6.191787e-01
-2.470000e-01 6.210819e-01
-2.460000e-01 6.229892e-01
-2.450000e-01 6.249006e-01
-2.440000e-01 6.268162e-01
-2.430000e-01 6.287358e-01
-2.420000e-01 6.306596e-01
-2.410000e-01 6.325875e-01
-2.400000e-01 6.345194e-01
-2.390000e-01 6.364553e-01
-2.380000e-01 6.383951e-01
-2.370000e-01 6.403388e-01
-2.360000e-01 6.422862e-01
-2.350000e-01 6.442374e-01
-2.340000e-01 6.461922e-01
-2.330000e-01 6.481506e-01
-2.320000e-01 6.501125e-01
-2.310000e-01 6.520778e-01
-2.300000e-01 6.540465e-01
-2.290000e-01 6.560185e-01
-2.280000e-01 6.579938e-01
-2.270000e-01 6.599722e-01
-2.260000e-01 6.619538e-01
-2.250000e-01 6.639384e-01
-2.240000e-01 6.659259e-01
-2.230000e-01 6.679164e-01
-2.220000e-01 6.699097e-01
-2.210000e-01 6.719057e-01
-2.200000e-01 6.739045e-01
-2.190000e-01 6.759059e-01
-2.180000e-01 6.779099e-01
-2.170000e-01 6.799163e-01
-2.160000e-01 6.819252e-01
-2.150000e-01 6.839365e-01
-2.140000e-01 6.859500e-01
-2.130000e-01 6.879658e-01
-2.120000e-01 6.899838e-01
-2.110000e-01 6.920038e-01
-2.100000e-01 6.940259e-01
-2.090000e-01 6.960499e-01
-2.080000e-01 6.980758e-01
-2.070000e-01 7.001036e-01
-2.060000e-01 7.021331e-01
-2.050000e-01 7.041643e-01
-2.040000e-01 7.061971e-01
-2.030000e-01 7.082315e-01
-2.020000e-01 7.102673e-01
-2.010000e-01 7.123046e-01
-2.000000e-01 7.143433e-01
-1.990000e-01 7.163832e-01
-1.980000e-01 7.184243e-01
-1.970000e-01 7.204666e-01
-1.960000e-01 7.225100e-01
-1.950000e-01 7.245543e-01
-1.940000e-01 7.265997e-01
-1.930000e-01 7.286459e-01
-1.920000e-01 7.306929e-01
-1.910000e-01 7.327407e-01
-1.900000e-01 7.347891e-01
-1.890000e-01 7.368382e-01
-1.880000e-01 7.388878e-01
-1.870000e-01 7.409379e-01
-1.860000e-01 7.429884e-01
-1.850000e-01 7.450392e-01
-1.840000e-01 7.470903e-01
-1.830000e-01 7.491416e-01
-1.820000e-01 7.511930e-01
-1.810000e-01 7.532446e-01
-1.800000e-01 7.552961e-01
-1.790000e-01 7.573475e-01
-1.780000e-01 7.593989e-01
-1.770000e-01 7.614500e-01
-1.760000e-01 7.635008e-01
-1.750000e-01 7.655514e-01
-1.740000e-01 7.676015e-01
-1.730000e-01 7.696512e-01
-1.720000e-01 7.717003e-01
-1.710000e-01 7.737488e-01
-1.700000e-01 7.757965e-01
-1.690000e-01 7.778433e-01
-1.680000e-01 7.798891e-01
-1.670000e-01 7.819336e-01
-1.660000e-01 7.839769e-01
-1.650000e-01 7.860187e-01
-1.640000e-01 7.880590e-01
-1.630000e-01 7.900975e-01
-1.620000e-01 7.921341e-01
-1.610000e-01 7.941688e-01
-1.600000e-01 7.962013e-01
-1.590000e-01 7.982316e-01
-1.580000e-01 8.002594e-01
-1.570000e-01 8.022847e-01
-1.560000e-01 8.043073e-01
-1.550000e-01 8.063271e-01
-1.540000e-01 8.083439e-01
-1.530000e-01 8.103577e-01
-1.520000e-01 8.123682e-01
-1.510000e-01 8.143753e-01
-1.500000e-01 8.163790e-01
-1.490000e-01 8.183790e-01
-1.480000e-01 8.203752e-01
-1.470000e-01 8.223676e-01
-1.460000e-01 8.243558e-01
-1.450000e-01 8.263399e-01
-1.440000e-01 8.283197e-01
-1.430000e-01 8.302950e-01
-1.420000e-01 8.322658e-01
-1.410000e-01 8.342317e-01
-1.400000e-01 8.361929e-01
-1.390000e-01 8.381490e-01
-1.380000e-01 8.401000e-01
-1.370000e-01 8.420457e-01
-1.360000e-01 8.439860e-01
-1.350000e-01 8.459207e-01
-1.340000e-01 8.478497e-01
-1.330000e-01 8.497730e-01
-1.320000e-01 8.516902e-01
-1.310000e-01 8.536014e-01
-1.300000e-01 8.555063e-01
-1.290000e-01 8.574049e-01
-1.280000e-01 8.592969e-01
-1.270000e-01 8.611824e-01
-1.260000e-01 8.630610e-01
-1.250000e-01 8.649327e-01
-1.240000e-01 8.667974e-01
-1.230000e-01 8.686548e-01
-1.220000e-01 8.705050e-01
-1.210000e-01 8.723477e-01
-1.200000e-01 8.741827e-01
-1.190000e-01 8.760101e-01
-1.180000e-01 8.778295e-01
-1.170000e-01 8.796410e-01
-1.160000e-01 8.814443e-01
-1.150000e-01 8.832393e-01
-1.140000e-01 8.850260e-01
-1.130000e-01 8.868040e-01
-1.120000e-01 8.885734e-01
-1.110000e-01 8.903339e-01
-1.100000e-01 8.920855e-01
-1.090000e-01 8.938279e-01
-1.080000e-01 8.955611e-01
-1.070000e-01 8.972850e-01
-1.060000e-01 8.989993e-01
-1.050000e-01 9.007040e-01
-1.040000e-01 9.023989e-01
-1.030000e-01 9.040838e-01
-1.020000e-01 9.057588e-01
-1.010000e-01 9.074235e-01
-1.000000e-01 9.090779e-01
-9.900000e-02 9.107218e-01
-9.800000e-02 9.123551e-01
-9.700000e-02 9.139776e-01
-9.600000e-02 9.155893e-01
-9.500000e-02 9.171900e-01
-9.400000e-02 9.187795e-01
-9.300000e-02 9.203577e-01
-9.200000e-02 9.219245e-01
-9.100000e-02 9.234798e-01
-9.000000e-02 9.250233e-01
-8.900000e-02 9.265550e-01
-8.800000e-02 9.280747e-01
-8.700000e-02 9.295823e-01
-8.600000e-02 9.310777e-01
-8.500000e-02 9.325607e-01
-8.400000e-02 9.340311e-01
-8.300000e-02 9.354889e-01
-8.200000e-02 9.369339e-01
-8.100000e-02 9.383660e-01
-8.000000e-02 9.397850e-01
-7.900000e-02 9.411909e-01
-7.800000e-02 9.425833e-01
-7.700000e-02 9.439623e-01
-7.600000e-02 9.453277e-01
-7.500000e-02 9.466793e-01
-7.400000e-02 9.480171e-01
-7.300000e-02 9.493408e-01
-7.200000e-02 9.506504e-01
-7.100000e-02 9.519456e-01
-7.000000e-02 9.532265e-01
-6.900000e-02 9.544927e-01
-6.800000e-02 9.557443e-01
-6.700000e-02 9.569810e-01
-6.600000e-02 9.582027e-01
-6.500000e-02 9.594093e-01
-6.400000e-02 9.606007e-01
-6.300000e-02 9.617766e-01
-6.200000e-02 9.629371e-01
-6.100000e-02 9.640818e-01
-6.000000e-02 9.652108e-01
-5.900000e-02 9.663238e-01
-5.800000e-02 9.674208e-01
-5.700000e-02 9.685016e-01
-5.600000e-02 9.695660e-01
-5.500000e-02 9.706139e-01
-5.400000e-02 9.716452e-01
-5.300000e-02 9.726597e-01
-5.200000e-02 9.736574e-01
-5.100000e-02 9.746380e-01
-5.000000e-02 9.756014e-01
-4.900000e-02 9.765476e-01
-4.800000e-02 9.774763e-01
-4.700000e-02 9.783874e-01
-4.600000e-02 9.792808e-01
-4.500000e-02 9.801564e-01
-4.400000e-02 9.810139e-01
-4.300000e-02 9.818534e-01
-4.200000e-02 9.826746e-01
-4.100000e-02 9.834773e-01
-4.000000e-02 9.842616e-01
-3.900000e-02 9.850272e-01
-3.800000e-02 9.857739e-01
-3.700000e-02 9.865018e-01
-3.600000e-02 9.872105e-01
-3.500000e-02 9.879001e-01
-3.400000e-02 9.885702e-01
-3.300000e-02 9.892210e-01
-3.200000e-02 9.898523e-01
-3.100000e-02 9.904642e-01
-3.000000e-02 9.910567e-01
-2.900000e-02 9.916297e-01
-2.800000e-02 9.921834e-01
-2.700000e-02 9.927176e-01
-2.600000e-02 9.932323e-01
-2.500000e-02 9.937277e-01
-2.400000e-02 9.942036e-01
-2.300000e-02 9.946601e-01
-2.200000e-02 9.950972e-01
-2.100000e-02 9.955148e-01
-2.000000e-02 9.959131e-01
-1.900000e-02 9.962919e-01
-1.800000e-02 9.966512e-01
-1.700000e-02 9.969912e-01
-1.600000e-02 9.973117e-01
-1.500000e-02 9.976128e-01
-1.400000e-02 9.978945e-01
-1.300000e-02 9.981567e-01
-1.200000e-02 9.983995e-01
-1.100000e-02 9.986229e-01
-1.000000e-02 9.988269e-01
-9.000000e-03 9.990114e-01
-8.000000e-03 9.991765e-01
-7.000000e-03 9.993222e-01
-6.000000e-03 9.994485e-01
-5.000000e-03 9.995553e-01
-4.000000e-03 9.996428e-01
-3.000000e-03 9.997107e-01
-2.000000e-03 9.997593e-01
-1.000000e-03 9.997884e-01
8.812395e-16 9.997982e-01
1.000000e-03 9.997884e-01
2.000000e-03 9.997593e-01
3.000000e-03 9.997107e-01
4.000000e-03 9.996428e-01
5.000000e-03 9.995553e-01
6.000000e-03 9.994485e-01
7.000000e-03 9.993222e-01
8.000000e-03 9.991765e-01
9.000000e-03 9.990114e-01
1.000000e-02 9.988269e-01
1.100000e-02 9.986229e-01
1.200000e-02 9.983995e-01
1.300000e-02 9.981567e-01
1.400000e-02 9.978945e-01
1.500000e-02 9.976128e-01
1.600000e-02 9.973117e-01
1.700000e-02 9.969912e-01
1.800000e-02 9.966512e-01
1.900000e-02 9.962919e-01
2.000000e-02 9.959131e-01
2.100000e-02 9.955148e-01
2.200000e-02 9.950972e-01
2.300000e-02 9.946601e-01
2.400000e-02 9.942036e-01
2.500000e-02 9.937277e-01
2.600000e-02 9.932323e-01
2.700000e-02 9.927176e-01
2.800000e-02 9.921834e-01
2.900000e-02 9.916297e-01
3.000000e-02 9.910567e-01
3.100000e-02 9.904642e-01
3.200000e-02 9.898523e-01
3.300000e-02 9.892210e-01
3.400000e-02 9.885702e-01
3.500000e-02 9.879001e-01
3.600000e-02 9.872105e-01
3.700000e-02 9.865018e-01
3.800000e-02 9.857739e-01
3.900000e-02 9.850272e-01
4.000000e-02 9.842616e-01
4.100000e-02 9.834773e-01
4.200000e-02 9.826746e-01
4.300000e-02 9.818534e-01
4.400000e-02 9.810139e-01
4.500000e-02 9.801564e-01
4.600000e-02 9.792808e-01
4.700000e-02 9.783874e-01
4.800000e-02 9.774763e-01
4.900000e-02 9.765476e-01
5.000000e-02 9.756014e-01
5.100000e-02 9.746380e-01
5.200000e-02 9.736574e-01
5.300000e-02 9.726597e-01
5.400000e-02 9.716452e-01
5.500000e-02 9.706139e-01
5.600000e-02 9.695660e-01
5.700000e-02 9.685016e-01
5.800000e-02 9.674208e-01
5.900000e-02 9.663238e-01
6.000000e-02 9.652108e-01
6.100000e-02 9.640818e-01
6.200000e-02 9.629371e-01
6.300000e-02 9.617766e-01
6.400000e-02 9.606007e-01
6.500000e-02 9.594093e-01
6.600000e-02 9.582027e-01
6.700000e-02 9.569810e-01
6.800000e-02 9.557443e-01
6.900000e-02 9.544927e-01
7.000000e-02 9.532265e-01
7.100000e-02 9.519456e-01
7.200000e-02 9.506504e-01
7.300000e-02 9.493408e-01
7.400000e-02 9.480171e-01
7.500000e-02 9.466793e-01
7.600000e-02 9.453277e-01
7.700000e-02 9.439623e-01
7.800000e-02 9.425833e-01
7.900000e-02 9.411909e-01
8.000000e-02 9.397850e-01
8.100000e-02 9.383660e-01
8.200000e-02 9.369339e-01
8.300000e-02 9.354889e-01
8.400000e-02 9.340311e-01
8.500000e-02 9.325607e-01
8.600000e-02 9.310777e-01
8.700000e-02 9.295823e-01
8.800000e-02 9.280747e-01
8.900000e-02 9.265550e-01
9.000000e-02 9.250233e-01
9.100000e-02 9.234798e-01
9.200000e-02 9.219245e-01
9.300000e-02 9.203577e-01
9.400000e-02 9.187795e-01
9.500000e-02 9.171900e-01
9.600000e-02 9.155893e-01
9.700000e-02 9.139776e-01
9.800000e-02 9.123551e-01
9.900000e-02 9.107218e-01
1.000000e-01 9.090779e-01
1.010000e-01 9.074235e-01
1.020000e-01 9.057588e-01
1.030000e-01 9.040838e-01
1.040000e-01 9.023989e-01
1.050000e-01 9.007040e-01
1.060000e-01 8.989993e-01
1.070000e-01 8.972850e-01
1.080000e-01 8.955611e-01
1.090000e-01 8.938279e-01
1.100000e-01 8.920855e-01
1.110000e-01 8.903339e-01
1.120000e-01 8.885734e-01
1.130000e-01 8.868040e-01
1.140000e-01 8.850260e-01
1.150000e-01 8.832393e-01
1.160000e-01 8.814443e-01
1.170000e-01 8.796410e-01
1.180000e-01 8.778295e-01
1.190000e-01 8.760101e-01
1.200000e-01 8.741827e-01
1.210000e-01 8.723477e-01
1.220000e-01 8.705050e-01
1.230000e-01 8.686548e-01
1.240000e-01 8.667974e-01
1.250000e-01 8.649327e-01
1.260000e-01 8.630610e-01
1.270000e-01 8.611824e-01
1.280000e-01 8.592969e-01
1.290000e-01 8.574049e-01
1.300000e-01 8.555063e-01
1.310000e-01 8.536014e-01
1.320000e-01 8.516902e-01
1.330000e-01 8.497730e-01
1.340000e-01 8.478497e-01
1.350000e-01 8.459207e-01
1.360000e-01 8.439860e-01
1.370000e-01 8.420457e-01
1.380000e-01 8.401000e-01
1.390000e-01 8.381490e-01
1.400000e-01 8.361929e-01
1.410000e-01 8.342317e-01
1.420000e-01 8.322658e-01
1.430000e-01 8.302950e-01
1.440000e-01 8.283197e-01
1.450000e-01 8.263399e-01
1.460000e-01 8.243558e-01
1.470000e-01 8.223676e-01
1.480000e-01 8.203752e-01
1.490000e-01 8.183790e-01
1.500000e-01 8.163790e-01
1.510000e-01 8.143753e-01
1.520000e-01 8.123682e-01
1.530000e-01 8.103577e-01
1.540000e-01 8.083439e-01
1.550000e-01 8.063271e-01
1.560000e-01 8.043073e-01
1.570000e-01 8.022847e-01
1.580000e-01 8.002594e-01
1.590000e-01 7.982316e-01
1.600000e-01 7.962013e-01
1.610000e-01 7.941688e-01
1.620000e-01 7.921341e-01
1.630000e-01 7.900975e-01
1.640000e-01 7.880590e-01
1.650000e-01 7.860187e-01
1.660000e-01 7.839769e-01
1.670000e-01 7.819336e-01
1.680000e-01 7.798891e-01
1.690000e-01 7.778433e-01
1.700000e-01 7.757965e-01
1.710000e-01 7.737488e-01
1.720000e-01 7.717003e-01
1.730000e-01 7.696512e-01
1.740000e-01 7.676015e-01
1.750000e-01 7.655514e-01
1.760000e-01 7.635008e-01
1.770000e-01 7.614500e-01
1.780000e-01 7.593989e-01
1.790000e-01 7.573475e-01
1.800000e-01 7.552961e-01
1.810000e-01 7.532446e-01
1.820000e-01 7.511930e-01
1.830000e-01 7.491416e-01
1.840000e-01 7.470903e-01
1.850000e-01 7.450392e-01
1.860000e-01 7.429884e-01
1.870000e-01 7.409379e-01
1.880000e-01 7.388878e-01
1.890000e-01 7.368382e-01
1.900000e-01 7.347891e-01
1.910000e-01 7.327407e-01
1.920000e-01 7.306929e-01
1.930000e-01 7.286459e-01
1.940000e-01 7.265997e-01
1.950000e-01 7.245543e-01
1.960000e-01 7.225100e-01
1.970000e-01 7.204666e-01
1.980000e-01 7.184243e-01
1.990000e-01 7.163832e-01
2.000000e-01 7.143433e-01
2.010000e-01 7.123046e-01
2.020000e-01 7.102673e-01
2.030000e-01 7.082315e-01
2.040000e-01 7.061971e-01
2.050000e-01 7.041643e-01
2.060000e-01 7.021331e-01
2.070000e-01 7.001036e-01
2.080000e-01 6.980758e-01
2.090000e-01 6.960499e-01
2.100000e-01 6.940259e-01
2.110000e-01 6.920038e-01
2.120000e-01 6.899838e-01
2.130000e-01 6.879658e-01
2.140000e-01 6.859500e-01
2.150000e-01 6.839365e-01
2.160000e-01 6.819252e-01
2.170000e-01 6.799163e-01
2.180000e-01 6.779099e-01
2.190000e-01 6.759059e-01
2.200000e-01 6.739045e-01
2.210000e-01 6.719057e-01
2.220000e-01 6.699097e-01
2.230000e-01 6.679164e-01
2.240000e-01 6.659259e-01
2.250000e-01 6.639384e-01
2.260000e-01 6.619538e-01
2.270000e-01 6.599722e-01
2.280000e-01 6.579938e-01
2.290000e-01 6.560185e-01
2.300000e-01 6.540465e-01
2.310000e-01 6.520778e-01
2.320000e-01 6.501125e-01
2.330000e-01 6.481506e-01
2.340000e-01 6.461922e-01
2.350000e-01 6.442374e-01
2.360000e-01 6.422862e-01
2.370000e-01 6.403388e-01
2.380000e-01 6.383951e-01
2.390000e-01 6.364553e-01
2.400000e-01 6.345194e-01
2.410000e-01 6.325875e-01
2.420000e-01 6.306596e-01
2.430000e-01 6.287358e-01
2.440000e-01 6.268162e-01
2.450000e-01 6.249006e-01
2.460000e-01 6.229892e-01
2.470000e-01 6.210819e-01
2.480000e-01 6.191787e-01
2.490000e-01 6.172798e-01
2.500000e-01 6.153850e-01
2.510000e-01 6.134945e-01
2.520000e-01 6.116081e-01
2.530000e-01 6.097260e-01
2.540000e-01 6.078482e-01
2.550000e-01 6.059746e-01
2.560000e-01 6.041053e-01
2.570000e-01 6.022403e-01
2.580000e-01 6.003797e-01
2.590000e-01 5.985233e-01
2.600000e-01 5.966713e-01
2.610000e-01 5.948237e-01
2.620000e-01 5.929804e-01
2.630000e-01 5.911415e-01
2.640000e-01 5.893070e-01
2.650000e-01 5.874770e-01
2.660000e-01 5.856513e-01
2.670000e-01 5.838302e-01
2.680000e-01 5.820134e-01
2.690000e-01 5.802012e-01
2.700000e-01 5.783935e-01
2.710000e-01 5.765902e-01
2.720000e-01 5.747915e-01
2.730000e-01 5.729974e-01
2.740000e-01 5.712078e-01
2.750000e-01 5.694227e-01
2.760000e-01 5.676423e-01
2.770000e-01 5.658664e-01
2.780000e-01 5.640952e-01
2.790000e-01 5.623286e-01
2.800000e-01 5.605667e-01
2.810000e-01 5.588094e-01
2.820000e-01 5.570568e-01
2.830000e-01 5.553088e-01
2.840000e-01 5.535656e-01
2.850000e-01 5.518271e-01
2.860000e-01 5.500934e-01
2.870000e-01 5.483644e-01
2.880000e-01 5.466401e-01
2.890000e-01 5.449207e-01
2.900000e-01 5.432060e-01
2.910000e-01 5.414962e-01
2.920000e-01 5.397912e-01
2.930000e-01 5.380910e-01
2.940000e-01 5.363957e-01
2.950000e-01 5.347053e-01
2.960000e-01 5.330198e-01
2.970000e-01 5.313391e-01
2.980000e-01 5.296634e-01
2.990000e-01 5.279926e-01
3.000000e-01 5.263268e-01
3.010000e-01 5.246660e-01
3.020000e-01 5.230101e-01
3.030000e-01 5.213592e-01
3.040000e-01 5.197133e-01
3.050000e-01 5.180725e-01
3.060000e-01 5.164366e-01
3.070000e-01 5.148059e-01
3.080000e-01 5.131802e-01
3.090000e-01 5.115596e-01
3.100000e-01 5.099441e-01
3.110000e-01 5.083338e-01
3.120000e-01 5.067285e-01
3.130000e-01 5.051283e-01
3.140000e-01 5.035333e-01
3.150000e-01 5.019433e-01
3.160000e-01 5.003585e-01
3.170000e-01 4.987787e-01
3.180000e-01 4.972040e-01
3.190000e-01 4.956343e-01
3.200000e-01 4.940698e-01
3.210000e-01 4.925102e-01
3.220000e-01 4.909557e-01
3.230000e-01 4.894063e-01
3.240000e-01 4.878618e-01
3.250000e-01 4.863224e-01
3.260000e-01 4.847880e-01
3.270000e-01 4.832586e-01
3.280000e-01 4.817342e-01
3.290000e-01 4.802148e-01
3.300000e-01 4.787004e-01
3.310000e-01 4.771909e-01
3.320000e-01 4.756864e-01
3.330000e-01 4.741869e-01
3.340000e-01 4.726923e-01
3.350000e-01 4.712027e-01
3.360000e-01 4.697180e-01
3.370000e-01 4.682382e-01
3.380000e-01 4.667634e-01
3.390000e-01 4.652935e-01
3.400000e-01 4.638284e-01
3.410000e-01 4.623683e-01
3.420000e-01 4.609131e-01
3.430000e-01 4.594627e-01
3.440000e-01 4.580173e-01
3.450000e-01 4.565767e-01
3.460000e-01 4.551409e-01
3.470000e-01 4.537101e-01
3.480000e-01 4.522840e-01
3.490000e-01 4.508628e-01
3.500000e-01 4.494465e-01
3.510000e-01 4.480349e-01
3.520000e-01 4.466282e-01
3.530000e-01 4.452263e-01
3.540000e-01 4.438292e-01
3.550000e-01 4.424369e-01
3.560000e-01 4.410493e-01
3.570000e-01 4.396666e-01
3.580000e-01 4.382886e-01
3.590000e-01 4.369154e-01
3.600000e-01 4.355469e-01
3.610000e-01 4.341832e-01
3.620000e-01 4.328243e-01
3.630000e-01 4.314700e-01
3.640000e-01 4.301205e-01
3.650000e-01 4.287757e-01
3.660000e-01 4.274357e-01
3.670000e-01 4.261003e-01
3.680000e-01 4.247696e-01
3.690000e-01 4.234436e-01
3.700000e-01 4.221223e-01
3.710000e-01 4.208057e-01
3.720000e-01 4.194937e-01
3.730000e-01 4.181864e-01
3.740000e-01 4.168838e-01
3.750000e-01 4.155858e-01
3.760000e-01 4.142924e-01
3.770000e-01 4.130037e-01
3.780000e-01 4.117195e-01
3.790000e-01 4.104400e-01
3.800000e-01 4.091651e-01
3.810000e-01 4.078948e-01
3.820000e-01 4.066291e-01
3.830000e-01 4.053679e-01
3.840000e-01 4.041113e-01
3.850000e-01 4.028593e-01
3.860000e-01 4.016118e-01
3.870000e-01 4.003687e-01
3.880000e-01 3.991302e-01
3.890000e-01 3.978962e-01
3.900000e-01 3.966667e-01
3.910000e-01 3.954416e-01
3.920000e-01 3.942209e-01
3.930000e-01 3.930047e-01
3.940000e-01 3.917929e-01
3.950000e-01 3.905856e-01
3.960000e-01 3.893826e-01
3.970000e-01 3.881840e-01
3.980000e-01 3.869897e-01
3.990000e-01 3.857999e-01
4.000000e-01 3.846143e-01
4.010000e-01 3.834331e-01
4.020000e-01 3.822562e-01
4.030000e-01 3.810836e-01
4.040000e-01 3.799153e-01
4.050000e-01 3.787513e-01
4.060000e-01 3.775915e-01
4.070000e-01 3.764360e-01
4.080000e-01 3.752847e-01
4.090000e-01 3.741377e-01
4.100000e-01 3.729948e-01
4.110000e-01 3.718562e-01
4.120000e-01 3.707217e-01
4.130000e-01 3.695914e-01
4.140000e-01 3.684652e-01
4.150000e-01 3.673432e-01
4.160000e-01 3.662253e-01
4.170000e-01 3.651116e-01
4.180000e-01 3.640019e-01
4.190000e-01 3.628963e-01
4.200000e-01 3.617948e-01
4.210000e-01 3.606974e-01
4.220000e-01 3.596040e-01
4.230000e-01 3.585146e-01
4.240000e-01 3.574293e-01
4.250000e-01 3.563480e-01
4.260000e-01 3.552706e-01
4.270000e-01 3.541973e-01
4.280000e-01 3.531279e-01
4.290000e-01 3.520625e-01
4.300000e-01 3.510010e-01
4.310000e-01 3.499434e-01
4.320000e-01 3.488898e-01
4.330000e-01 3.478400e-01
4.340000e-01 3.467942e-01
4.350000e-01 3.457522e-01
4.360000e-01 3.447141e-01
4.370000e-01 3.436798e-01
4.380000e-01 3.426494e-01
4.390000e-01 3.416227e-01
4.400000e-01 3.405999e-01
4.410000e-01 3.395809e-01
4.420000e-01 3.385657e-01
4.430000e-01 3.375542e-01
4.440000e-01 3.365465e-01
4.450000e-01 3.355425e-01
4.460000e-01 3.345423e-01
4.470000e-01 3.335458e-01
4.480000e-01 3.325530e-01
4.490000e-01 3.315638e-01
4.500000e-01 3.305784e-01
4.510000e-01 3.295966e-01
4.520000e-01 3.286184e-01
4.530000e-01 3.276439e-01
4.540000e-01 3.266730e-01
4.550000e-01 3.257058e-01
4.560000e-01 3.247421e-01
4.570000e-01 3.237820e-01
4.580000e-01 3.228255e-01
4.590000e-01 3.218726e-01
4.600000e-01 3.209232e-01
4.610000e-01 3.199773e-01
4.620000e-01 3.190350e-01
4.630000e-01 3.180961e-01
4.640000e-01 3.171608e-01
4.650000e-01 3.162290e-01
4.660000e-01 3.153006e-01
4.670000e-01 3.143757e-01
4.680000e-01 3.134542e-01
4.690000e-01 3.125362e-01
4.700000e-01 3.116216e-01
4.710000e-01 3.107104e-01
4.720000e-01 3.098026e-01
4.730000e-01 3.088982e-01
4.740000e-01 3.079972e-01
4.750000e-01 3.070995e-01
4.760000e-01 3.062052e-01
4.770000e-01 3.053142e-01
4.780000e-01 3.044266e-01
4.790000e-01 3.035422e-01
4.800000e-01 3.026612e-01
4.810000e-01 3.017834e-01
4.820000e-01 3.009089e-01
4.830000e-01 3.000377e-01
4.840000e-01 2.991697e-01
4.850000e-01 2.983049e-01
4.860000e-01 2.974434e-01
4.870000e-01 2.965850e-01
4.880000e-01 2.957299e-01
4.890000e-01 2.948780e-01
4.900000e-01 2.940292e-01
4.910000e-01 2.931836e-01
4.920000e-01 2.923411e-01
4.930000e-01 2.915018e-01
4.940000e-01 2.906656e-01
4.950000e-01 2.898325e-01
4.960000e-01 2.890025e-01
4.970000e-01 2.881755e-01
4.980000e-01 2.873517e-01
4.990000e-01 2.865309e-01
5.000000e-01 2.857131e-01
5.010000e-01 2.848984e-01
5.020000e-01 2.840867e-01
5.030000e-01 2.832780e-01
5.040000e-01 2.824723e-01
5.050000e-01 2.816696e-01
5.060000e-01 2.808699e-01
5.070000e-01 2.800731e-01
5.080000e-01 2.792793e-01
5.090000e-01 2.784884e-01
5.100000e-01 2.777004e-01
5.110000e-01 2.769153e-01
5.120000e-01 2.761331e-01
5.130000e-01 2.753538e-01
5.140000e-01 2.745774e-01
5.150000e-01 2.738038e-01
5.160000e-01 2.730331e-01
5.170000e-01 2.722652e-01
5.180000e-01 2.715001e-01
5.190000e-01 2.707378e-01
5.200000e-01 2.699783e-01
5.210000e-01 2.692216e-01
5.220000e-01 2.684677e-01
5.230000e-01 2.677166e-01
5.240000e-01 2.669682e-01
5.250000e-01 2.662226e-01
5.260000e-01 2.654797e-01
5.270000e-01 2.647395e-01
5.280000e-01 2.640020e-01
5.290000e-01 2.632673e-01
5.300000e-01 2.625352e-01
5.310000e-01 2.618059e-01
5.320000e-01 2.610792e-01
5.330000e-01 2.603552e-01
5.340000e-01 2.596338e-01
5.350000e-01 2.589151e-01
5.360000e-01 2.581990e-01
5.370000e-01 2.574855e-01
5.380000e-01 2.567747e-01
5.390000e-01 2.560665e-01
5.400000e-01 2.553608e-01
5.410000e-01 2.546578e-01
5.420000e-01 2.539573e-01
5.430000e-01 2.532594e-01
5.440000e-01 2.525640e-01
5.450000e-01 2.518712e-01
5.460000e-01 2.511809e-01
5.470000e-01 2.504932e-01
5.480000e-01 2.498079e-01
5.490000e-01 2.491252e-01
5.500000e-01 2.484450e-01
5.510000e-01 2.477672e-01
5.520000e-01 2.470919e-01
5.530000e-01 2.464191e-01
5.540000e-01 2.457487e-01
5.550000e-01 2.450808e-01
5.560000e-01 2.444153e-01
5.570000e-01 2.437523e-01
5.580000e-01 2.430916e-01
5.590000e-01 2.424334e-01
5.600000e-01 2.417775e-01
5.610000e-01 2.411240e-01
5.620000e-01 2.404729e-01
5.630000e-01 2.398242e-01
5.640000e-01 2.391778e-01
5.650000e-01 2.385338e-01
5.660000e-01 2.378920e-01
5.670000e-01 2.372527e-01
5.680000e-01 2.366156e-01
5.690000e-01 2.359808e-01
5.700000e-01 2.353483e-01
5.710000e-01 2.347181e-01
5.720000e-01 2.340902e-01
5.730000e-01 2.334645e-01
5.740000e-01 2.328411e-01
5.750000e-01 2.322199e-01
5.760000e-01 2.316010e-01
5.770000e-01 2.309843e-01
5.780000e-01 2.303698e-01
5.790000e-01 2.297574e-01
5.800000e-01 2.291473e-01
5.810000e-01 2.285394e-01
5.820000e-01 2.279336e-01
5.830000e-01 2.273300e-01
5.840000e-01 2.267285e-01
5.850000e-01 2.261292e-01
5.860000e-01 2.255320e-01
5.870000e-01 2.249370e-01
5.880000e-01 2.243440e-01
5.890000e-01 2.237531e-01
5.900000e-01 2.231644e-01
5.910000e-01 2.225777e-01
5.920000e-01 2.219931e-01
5.930000e-01 2.214106e-01
5.940000e-01 2.208302e-01
5.950000e-01 2.202518e-01
5.960000e-01 2.196754e-01
5.970000e-01 2.191011e-01
5.980000e-01 2.185289e-01
5.990000e-01 2.179586e-01
6.000000e-01 2.173904e-01
6.010000e-01 2.168242e-01
6.020000e-01 2.162600e-01
6.030000e-01 2.156978e-01
6.040000e-01 2.151376e-01
6.050000e-01 2.145794e-01
6.060000e-01 2.140231e-01
6.070000e-01 2.134688e-01
6.080000e-01 2.129165e-01
6.090000e-01 2.123661e-01
6.100000e-01 2.118177e-01
6.110000e-01 2.112712e-01
6.120000e-01 2.107266e-01
6.130000e-01 2.101840e-01
6.140000e-01 2.096432e-01
6.150000e-01 2.091044e-01
6.160000e-01 2.085675e-01
6.170000e-01 2.080325e-01
6.180000e-01 2.074993e-01
6.190000e-01 2.069680e-01
6.200000e-01 2.064386e-01
6.210000e-01 2.059111e-01
6.220000e-01 2.053854e-01
6.230000e-01 2.048615e-01
6.240000e-01 2.043395e-01
6.250000e-01 2.038193e-01
6.260000e-01 2.033010e-01
6.270000e-01 2.027844e-01
6.280000e-01 2.022697e-01
6.290000e-01 2.017567e-01
6.300000e-01 2.012456e-01
6.310000e-01 2.007362e-01
6.320000e-01 2.002286e-01
6.330000e-01 1.997228e-01
6.340000e-01 1.992188e-01
6.350000e-01 1.987164e-01
6.360000e-01 1.982159e-01
6.370000e-01 1.977171e-01
6.380000e-01 1.972200e-01
6.390000e-01 1.967246e-01
6.400000e-01 1.962310e-01
6.410000e-01 1.957390e-01
6.420000e-01 1.952488e-01
6.430000e-01 1.947602e-01
6.440000e-01 1.942734e-01
6.450000e-01 1.937882e-01
6.460000e-01 1.933047e-01
6.470000e-01 1.928228e-01
6.480000e-01 1.923426e-01
6.490000e-01 1.918641e-01
6.500000e-01 1.913872e-01
6.510000e-01 1.909119e-01
6.520000e-01 1.904383e-01
6.530000e-01 1.899662e-01
6.540000e-01 1.894958e-01
6.550000e-01 1.890270e-01
6.560000e-01 1.885597e-01
6.570000e-01 1.880941e-01
6.580000e-01 1.876300e-01
6.590000e-01 1.871676e-01
6.600000e-01 1.867066e-01
6.610000e-01 1.862473e-01
6.620000e-01 1.857895e-01
6.630000e-01 1.853333e-01
6.640000e-01 1.848786e-01
6.650000e-01 1.844254e-01
6.660000e-01 1.839738e-01
6.670000e-01 1.835238e-01
6.680000e-01 1.830752e-01
6.690000e-01 1.826282e-01
6.700000e-01 1.821826e-01
6.710000e-01 1.817386e-01
6.720000e-01 1.812961e-01
6.730000e-01 1.808551e-01
6.740000e-01 1.804156e-01
6.750000e-01 1.799775e-01
6.760000e-01 1.795410e-01
6.770000e-01 1.791059e-01
6.780000e-01 1.786722e-01
6.790000e-01 1.782401e-01
6.800000e-01 1.778094e-01
6.810000e-01 1.773801e-01
6.820000e-01 1.769523e-01
6.830000e-01 1.765259e-01
6.840000e-01 1.761009e-01
6.850000e-01 1.756774e-01
6.860000e-01 1.752553e-01
6.870000e-01 1.748346e-01
6.880000e-01 1.744154e-01
6.890000e-01 1.739975e-01
6.900000e-01 1.735810e-01
6.910000e-01 1.731659e-01
6.920000e-01 1.727522e-01
6.930000e-01 1.723399e-01
6.940000e-01 1.719290e-01
6.950000e-01 1.715194e-01
6.960000e-01 1.711112e-01
6.970000e-01 1.707043e-01
6.980000e-01 1.702988e-01
6.990000e-01 1.698947e-01
7.000000e-01 1.694919e-01
7.010000e-01 1.690904e-01
7.020000e-01 1.686902e-01
7.030000e-01 1.682914e-01
7.040000e-01 1.678939e-01
7.050000e-01 1.674977e-01
7.060000e-01 1.671028e-01
7.070000e-01 1.667092e-01
7.080000e-01 1.663169e-01
7.090000e-01 1.659259e-01
7.100000e-01 1.655361e-01
7.110000e-01 1.651477e-01
7.120000e-01 1.647605e-01
7.130000e-01 1.643746e-01
7.140000e-01 1.639899e-01
7.150000e-01 1.636065e-01
7.160000e-01 1.632243e-01
7.170000e-01 1.628434e-01
7.180000e-01 1.624637e-01
7.190000e-01 1.620853e-01
7.200000e-01 1.617080e-01
7.210000e-01 1.613320e-01
7.220000e-01 1.609572e-01
7.230000e-01 1.605836e-01
7.240000e-01 1.602112e-01
7.250000e-01 1.598400e-01
7.260000e-01 1.594700e-01
7.270000e-01 1.591012e-01
7.280000e-01 1.587336e-01
7.290000e-01 1.583672e-01
7.300000e-01 1.580019e-01
7.310000e-01 1.576378e-01
7.320000e-01 1.572749e-01
7.330000e-01 1.569131e-01
7.340000e-01 1.565525e-01
7.350000e-01 1.561930e-01
7.360000e-01 1.558348e-01
7.370000e-01 1.554776e-01
7.380000e-01 1.551216e-01
7.390000e-01 1.547668e-01
7.400000e-01 1.544131e-01
7.410000e-01 1.540605e-01
7.420000e-01 1.537091e-01
7.430000e-01 1.533588e-01
7.440000e-01 1.530096e-01
7.450000e-01 1.526616e-01
7.460000e-01 1.523146e-01
7.470000e-01 1.519688e-01
7.480000e-01 1.516241e-01
7.490000e-01 1.512805e-01
7.500000e-01 1.509380e-01
7.510000e-01 1.505966e-01
7.520000e-01 1.502563e-01
7.530000e-01 1.499171e-01
7.540000e-01 1.495789e-01
7.550000e-01 1.492419e-01
7.560000e-01 1.489059e-01
7.570000e-01 1.485711e-01
7.580000e-01 1.482373e-01
7.590000e-01 1.479045e-01
7.600000e-01 1.475729e-01
7.610000e-01 1.472423e-01
7.620000e-01 1.469127e-01
7.630000e-01 1.465842e-01
7.640000e-01 1.462568e-01
7.650000e-01 1.459304e-01
7.660000e-01 1.456051e-01
7.670000e-01 1.452808e-01
7.680000e-01 1.449575e-01
7.690000e-01 1.446353e-01
7.700000e-01 1.443141e-01
7.710000e-01 1.439939e-01
7.720000e-01 1.436748e-01
7.730000e-01 1.433567e-01
7.740000e-01 1.430396e-01
7.750000e-01 1.427235e-01
7.760000e-01 1.424084e-01
7.770000e-01 1.420943e-01
7.780000e-01 1.417812e-01
7.790000e-01 1.414691e-01
7.800000e-01 1.411580e-01
7.810000e-01 1.408479e-01
7.820000e-01 1.405388e-01
7.830000e-01 1.402307e-01
7.840000e-01 1.399235e-01
7.850000e-01 1.396173e-01
7.860000e-01 1.393121e-01
7.870000e-01 1.390079e-01
7.880000e-01 1.387046e-01
7.890000e-01 1.384023e-01
7.900000e-01 1.381009e-01
7.910000e-01 1.378005e-01
7.920000e-01 1.375011e-01
7.930000e-01 1.372026e-01
7.940000e-01 1.369050e-01
7.950000e-01 1.366084e-01
7.960000e-01 1.363127e-01
7.970000e-01 1.360179e-01
7.980000e-01 1.357241e-01
7.990000e-01 1.354312e-01
8.000000e-01 1.351391e-01
8.010000e-01 1.348480e-01
8.020000e-01 1.345578e-01
8.030000e-01 1.342685e-01
8.040000e-01 1.339801e-01
8.050000e-01 1.336926e-01
8.060000e-01 1.334060e-01
8.070000e-01 1.331202e-01
8.080000e-01 1.328354e-01
8.090000e-01 1.325514e-01
8.100000e-01 1.322682e-01
8.110000e-01 1.319859e-01
8.120000e-01 1.317045e-01
8.130000e-01 1.314239e-01
8.140000e-01 1.311442e-01
8.150000e-01 1.308653e-01
8.160000e-01 1.305873e-01
8.170000e-01 1.303101e-01
8.180000e-01 1.300337e-01
8.190000e-01 1.297581e-01
8.200000e-01 1.294834e-01
8.210000e-01 1.292094e-01
8.220000e-01 1.289363e-01
8.230000e-01 1.286640e-01
8.240000e-01 1.283924e-01
8.250000e-01 1.281217e-01
8.260000e-01 1.278517e-01
8.270000e-01 1.275826e-01
8.280000e-01 1.273142e-01
8.290000e-01 1.270466e-01
8.300000e-01 1.267797e-01
8.310000e-01 1.265137e-01
8.320000e-01 1.262483e-01
8.330000e-01 1.259838e-01
8.340000e-01 1.257200e-01
8.350000e-01 1.254569e-01
8.360000e-01 1.251946e-01
8.370000e-01 1.249330e-01
8.380000e-01 1.246721e-01
8.390000e-01 1.244120e-01
8.400000e-01 1.241525e-01
8.410000e-01 1.238938e-01
8.420000e-01 1.236358e-01
8.430000e-01 1.233785e-01
8.440000e-01 1.231220e-01
8.450000e-01 1.228661e-01
8.460000e-01 1.226109e-01
8.470000e-01 1.223564e-01
8.480000e-01 1.221025e-01
8.490000e-01 1.218494e-01
8.500000e-01 1.215969e-01
8.510000e-01 1.213451e-01
8.520000e-01 1.210940e-01
8.530000e-01 1.208435e-01
8.540000e-01 1.205936e-01
8.550000e-01 1.203445e-01
8.560000e-01 1.200959e-01
8.570000e-01 1.198480e-01
8.580000e-01 1.196007e-01
8.590000e-01 1.193541e-01
8.600000e-01 1.191081e-01
8.610000e-01 1.188627e-01
8.620000e-01 1.186179e-01
8.630000e-01 1.183737e-01
8.640000e-01 1.181302e-01
8.650000e-01 1.178872e-01
8.660000e-01 1.176449e-01
8.670000e-01 1.174032e-01
8.680000e-01 1.171622e-01
8.690000e-01 1.169217e-01
8.700000e-01 1.166820e-01
8.710000e-01 1.164428e-01
8.720000e-01 1.162043e-01
8.730000e-01 1.159665e-01
8.740000e-01 1.157293e-01
8.750000e-01 1.154928e-01
8.760000e-01 1.152569e-01
8.770000e-01 1.150217e-01
8.780000e-01 1.147872e-01
8.790000e-01 1.145534e-01
8.800000e-01 1.143203e-01
8.810000e-01 1.140878e-01
8.820000e-01 1.138560e-01
8.830000e-01 1.136250e-01
8.840000e-01 1.133946e-01
8.850000e-01 1.131649e-01
8.860000e-01 1.129360e-01
8.870000e-01 1.127077e-01
8.880000e-01 1.124802e-01
8.890000e-01 1.122534e-01
8.900000e-01 1.120273e-01
8.910000e-01 1.118020e-01
8.920000e-01 1.115774e-01
8.930000e-01 1.113535e-01
8.940000e-01 1.111304e-01
8.950000e-01 1.109080e-01
8.960000e-01 1.106864e-01
8.970000e-01 1.104655e-01
8.980000e-01 1.102454e-01
8.990000e-01 1.100261e-01
9.000000e-01 1.098075e-01
9.010000e-01 1.095897e-01
9.020000e-01 1.093727e-01
9.030000e-01 1.091565e-01
9.040000e-01 1.089411e-01
9.050000e-01 1.087264e-01
9.060000e-01 1.085126e-01
9.070000e-01 1.082995e-01
9.080000e-01 1.080873e-01
9.090000e-01 1.078758e-01
9.100000e-01 1.076652e-01
9.110000e-01 1.074554e-01
9.120000e-01 1.072464e-01
9.130000e-01 1.070383e-01
9.140000e-01 1.068309e-01
9.150000e-01 1.066245e-01
9.160000e-01 1.064188e-01
9.170000e-01 1.062140e-01
9.180000e-01 1.060101e-01
9.190000e-01 1.058070e-01
9.200000e-01 1.056047e-01
9.210000e-01 1.054034e-01
9.220000e-01 1.052028e-01
9.230000e-01 1.050032e-01
9.240000e-01 1.048044e-01
9.250000e-01 1.046065e-01
9.260000e-01 1.044095e-01
9.270000e-01 1.042134e-01
9.280000e-01 1.040182e-01
9.290000e-01 1.038239e-01
9.300000e-01 1.036305e-01
9.310000e-01 1.034379e-01
9.320000e-01 1.032463e-01
9.330000e-01 1.030556e-01
9.340000e-01 1.028657e-01
9.350000e-01 1.026767e-01
9.360000e-01 1.024884e-01
9.370000e-01 1.023010e-01
9.380000e-01 1.021143e-01
9.390000e-01 1.019283e-01
9.400000e-01 1.017430e-01
9.410000e-01 1.015584e-01
9.420000e-01 1.013745e-01
9.430000e-01 1.011912e-01
9.440000e-01 1.010084e-01
9.450000e-01 1.008262e-01
9.460000e-01 1.006446e-01
9.470000e-01 1.004635e-01
9.480000e-01 1.002829e-01
9.490000e-01 1.001027e-01
9.500000e-01 9.992297e-02
9.510000e-01 9.974366e-02
9.520000e-01 9.956472e-02
9.530000e-01 9.938614e-02
9.540000e-01 9.920789e-02
9.550000e-01 9.902995e-02
9.560000e-01 9.885228e-02
9.570000e-01 9.867486e-02
9.580000e-01 9.849767e-02
9.590000e-01 9.832068e-02
9.600000e-01 9.814386e-02
9.610000e-01 9.796719e-02
9.620000e-01 9.779063e-02
9.630000e-01 9.761417e-02
9.640000e-01 9.743777e-02
9.650000e-01 9.726141e-02
9.660000e-01 9.708507e-02
9.670000e-01 9.690871e-02
9.680000e-01 9.673232e-02
9.690000e-01 9.655586e-02
9.700000e-01 9.637931e-02
9.710000e-01 9.620264e-02
9.720000e-01 9.602582e-02
9.730000e-01 9.584884e-02
9.740000e-01 9.567165e-02
9.750000e-01 9.549424e-02
9.760000e-01 9.531659e-02
9.770000e-01 9.513865e-02
9.780000e-01 9.496041e-02
9.790000e-01 9.478185e-02
9.800000e-01 9.460292e-02
9.810000e-01 9.442362e-02
9.820000e-01 9.424390e-02
9.830000e-01 9.406376e-02
9.840000e-01 9.388315e-02
9.850000e-01 9.370205e-02
9.860000e-01 9.352044e-02
9.870000e-01 9.333828e-02
9.880000e-01 9.315556e-02
9.890000e-01 9.297225e-02
9.900000e-01 9.278832e-02
9.910000e-01 9.260374e-02
9.920000e-01 9.241848e-02
9.930000e-01 9.223253e-02
9.940000e-01 9.204586e-02
9.950000e-01 9.185843e-02
9.960000e-01 9.167022e-02
9.970000e-01 9.148121e-02
9.980000e-01 9.129137e-02
9.990000e-01 9.110067e-02
